@Thumbsup
-1.3462209911154
-0.833854186928291
-0.913098009474359
-1.37769208131435
-0.731143644010819
-0.615481808312531
-1.17097852382566
-0.429549873636032
-0.0159115069961802
0.701585325749309
-0.857660657789735
-0.324547751208269
0.803226719466849
-1.39463280907541
-0.748795830876806
0.820367038147154
-1.62632050068474
-0.917132472863067
~
-1.31078301813193
-0.853261164977495
-0.925904325554618
-1.31563276865787
-0.750147094686421
-0.663705448974115
-1.16341101390831
-0.430105252242464
-0.0619904168895839
0.700089045555769
-0.854957864537873
-0.31753605310988
0.798949383920887
-1.38712655211344
-0.741898036300512
0.816690526237126
-1.61644635118655
-0.910391643859733
~
-1.23993233838497
-0.895993841983723
-0.964717902489599
-1.2542928908025
-0.785766217513675
-0.722935461035445
-1.14478746915267
-0.445223905461558
-0.12557516455161
0.699997489822078
-0.857529818060061
-0.309088483376254
0.794648496971814
-1.38569367747031
-0.736822316262599
0.80693953209097
-1.54228000813997
-0.846782235281021
~
-1.15850581661204
-0.933299056299482
-0.99305654619148
-1.20250300675482
-0.803708925867653
-0.759294071969743
-1.12341831395558
-0.45268573197189
-0.165725818211865
0.698912555056604
-0.858080310463545
-0.299677997911678
0.791335295314244
-1.38446090803193
-0.726948019407258
0.804600423785325
-1.53240087375004
-0.83549319839869
~
-1.01785953692393
-0.985818237946364
-1.06471921513801
-1.16119605506939
-0.832523668805161
-0.799860876037544
-1.0952064481907
-0.46038679716209
-0.212529459442482
0.701282389686997
-0.864400390230436
-0.288529562866889
0.793355358684945
-1.39527530685827
-0.718036231533854
0.806839397689165
-1.53527682854355
-0.823385853972836
~
-0.876222461038769
-1.06073722892298
-1.16458639318633
-1.06349199529121
-0.876904912057708
-0.862922467680629
-1.05889934040086
-0.466551998738695
-0.250828642882726
0.698454696888208
-0.867976956772732
-0.285968632964074
0.79245361083423
-1.40229300872374
-0.707405986766506
0.805632582217092
-1.5319100493772
-0.816375968862436
~
-0.832851433177827
-1.06852297816164
-1.17136129210346
-1.00859929146174
-0.905372481708338
-0.911087300347464
-1.02352645875943
-0.474150418358725
-0.289008750671377
0.696579091392337
-0.867753874518975
-0.279698273899163
0.789581612670669
-1.40655180595609
-0.694595327345693
0.802952864665922
-1.53155044772994
-0.808243342768018
~
-0.767077719464847
-1.0838213146327
-1.19876899507636
-0.889575589628836
-0.943989992056941
-0.971321654813751
-0.997551506328636
-0.49804747993862
-0.34190256867831
0.69679852872477
-0.872581661454376
-0.269661750517286
0.792351145954026
-1.41594524782286
-0.684276345152883
0.804544312363482
-1.53956668475366
-0.797110569665288
~
-0.71940737224663
-1.07912360774197
-1.2089465864839
-0.881320329106912
-0.939237375153566
-0.972820057283016
-0.967433135454078
-0.498625285626935
-0.366392667631569
0.696926696976781
-0.874981905324182
-0.263001901218101
0.792129877172797
-1.42049557651886
-0.675019201328617
0.80659222612017
-1.54480353138563
-0.788556867020882
~
-0.658720947121504
-1.06549421134975
-1.20896041091996
-0.772613781837697
-0.988913479828038
-1.06981385438712
-0.898817666843992
-0.597892868505814
-0.505408469739297
0.69552337373235
-0.873733564986028
-0.25534158787146
0.791506933858669
-1.42110829928374
-0.66218284300701
0.805316234232171
-1.54271759153632
-0.774578958966544
~
-0.445239826945386
-1.03415593783216
-1.26380639914798
-0.706758982025673
-0.969732616508872
-1.07335966498286
-0.86337586656006
-0.595116201972751
-0.507660018526685
0.695052991012535
-0.870584393051402
-0.246123305414119
0.793071800405275
-1.42205994675499
-0.642604234980191
0.805450874768858
-1.53908209439376
-0.755731298559657
~
-0.228379592476238
-0.99614294318104
-1.33887585139953
-0.528999639472799
-0.929059738233702
-1.13706596931
-0.768212516870556
-0.618003790668459
-0.560343029504791
0.695992535710246
-0.870459328785017
-0.238791900298588
0.795376795022117
-1.42531391901492
-0.630702124840451
0.81948122256937
-1.65856711335621
-0.794130873929196
~
-0.127805781818967
-0.943603090060824
-1.35494946049802
-0.470223181273945
-0.903678113970476
-1.15226500139096
-0.740103521520463
-0.600636850423639
-0.586627934293338
0.693965087605322
-0.868846815246982
-0.235922389407606
0.795485847258439
-1.42646014965535
-0.621296750280901
0.81864933929851
-1.6574291680436
-0.78744184555361
~
-0.0402070744142481
-0.849212138433651
-1.33476973076025
-0.31257287256052
-0.836092325751258
-1.20412373697025
-0.696970235945084
-0.60017395459814
-0.674478168939003
0.691344571325655
-0.86911538721599
-0.234333008834909
0.795479104724379
-1.4305814577088
-0.615932286399146
0.819070836689701
-1.66174482527082
-0.782894460877665
~
0.104780365464012
-0.738491813327906
-1.33136326538231
-0.226767744969188
-0.743485648045896
-1.20074414663867
-0.674008499040583
-0.569347254707094
-0.694383408734032
0.69281913283808
-0.872902429431903
-0.228914539916901
0.798884378031685
-1.43836778059802
-0.610167431285083
0.821519338169035
-1.66989367818501
-0.779192895193543
~
0.367668147636755
-0.559169163083138
-1.31336011805363
0.0133823052586518
-0.654010752011107
-1.27244640118439
-0.644417953676794
-0.533842075133905
-0.713431340391714
0.692778799167319
-0.875875033306025
-0.221105036193218
0.799400707188954
-1.4450414303004
-0.604059025666333
0.821853120393789
-1.67837694360947
-0.773483089188002
~
0.477091059144082
-0.426643769719498
-1.30658885428703
0.12314791827111
-0.551232314626178
-1.2755936023747
-0.602283404700458
-0.48193896260204
-0.7456179570496
0.693588390032741
-0.864330321819128
-0.219373607441024
0.802048440712016
-1.44326141269432
-0.599993267793157
0.824600938218407
-1.67717930336894
-0.773813487298786
~
0.584872642814976
-0.281771144898316
-1.26319364687743
0.194966868739744
-0.447549561956304
-1.24113089640045
-0.57588685811834
-0.443375827896834
-0.758280780853898
0.690274427268053
-0.859313397024315
-0.194615702398769
0.802536092607439
-1.44613156816427
-0.577370189907119
0.825534144848788
-1.6826450268987
-0.753512575780623
~
0.603636413112659
-0.235073767559264
-1.27434599824159
0.3246833129613
-0.3355793031607
-1.25719015702708
-0.31347314808927
-0.459250275526511
-0.983189221930204
0.679195845010985
-0.808598839074479
-0.187082026019979
0.818440968945235
-1.4960882343009
-0.610813744087157
0.848832502517132
-1.70303202346329
-0.787557201940538
~
0.791092028607235
-0.0985947975563742
-1.28732235538502
0.518024839666109
-0.222795434942314
-1.29423423992011
-0.126095719478308
-0.427879913941742
-1.0810778259928
0.676994737008855
-0.765714837398188
-0.169998926683024
0.854800796956871
-1.5678260087044
-0.645784293830399
0.884685014006757
-1.7934112667766
-0.841379467628864
~
0.832828777889261
-0.00249644782953981
-1.17989328794995
0.60644904935986
-0.123732954505935
-1.21375577695101
-0.112127954395238
-0.337855103947913
-1.03553538308881
0.668792755060353
-0.763386392694958
-0.155847249078904
0.846416649513824
-1.55356470040967
-0.626827281165552
0.875983648678953
-1.77062943654167
-0.824822177288193
~
0.870372970123527
0.166362011949304
-1.05705180057268
0.652428989858886
-0.00459181599369159
-1.11002788032499
-0.0819435020538263
-0.276177483763003
-0.956051618216635
0.644823459912062
-0.739178830265366
-0.120037131866227
0.824696896294295
-1.52408893928367
-0.584521604196327
0.851877488261449
-1.73628014839663
-0.78020563781565
~
0.784902165477366
0.423924647190179
-0.868579059744189
0.635112848922276
0.298734688779091
-0.908148962519292
-0.127314430395525
-0.107285963811842
-0.83990170694015
0.608518633103582
-0.829762813414751
-0.125572567410089
0.709285743002344
-1.35878241226935
-0.508927776433791
0.731534578768358
-1.55702448003846
-0.69852586919281
~
0.808337346252405
0.524110891806885
-0.813972211040918
0.641903866559844
0.371655852771042
-0.792629979329091
0.046137414939381
-0.248069924631042
-0.625479177854207
0.603761291773577
-0.838966685893226
-0.129570686170341
0.676505936478184
-1.36364360827496
-0.548299826562502
0.724108164562084
-1.55615439214083
-0.718374097269306
~
0.828002793390827
0.617768386731487
-0.794052634843271
0.79370517940138
0.55077496353708
-0.824998360987658
0.226109118837328
0.337076112341289
-0.54771379097877
0.606081886823422
-0.839689842477692
-0.135153501862069
0.676591951502984
-1.37637232881985
-0.558695369971283
0.730153909076666
-1.58162840469164
-0.741959730560436
~
0.836676620457451
0.666468240059699
-0.773235939389453
0.659184911609969
0.466656177365742
-0.771380183644534
0.0940689878145476
-0.216974796977806
-0.64044895594699
0.608996642213208
-0.842328886742028
-0.136018892625319
0.678612645094846
-1.38720389547561
-0.566115246849304
0.723235668336949
-1.59778952773378
-0.751085305744109
~
0.83568722497142
0.687674447073022
-0.761045453608431
0.799055276519127
0.616505553919249
-0.798244022112462
0.231004250218177
0.366243800453601
-0.536137459180071
0.606686632177391
-0.831398090537873
-0.137076480404045
0.676240645552859
-1.38861624076631
-0.574593454331239
0.721440050862342
-1.59943123499567
-0.75930219384337
~
0.834918396939729
0.697233870263335
-0.750430030435071
0.662397341364668
0.498072875605216
-0.756258438335536
0.112339276154578
-0.199395490855216
-0.64899885307713
0.604063339480043
-0.826437261851698
-0.136704291685236
0.67232689618782
-1.38375509308622
-0.575608484129948
0.717890635470187
-1.59448174002531
-0.760097603714162
~
0.836902217896034
0.697909345938152
-0.749342650590309
0.799955841953629
0.629563480550008
-0.785018924262658
0.232161855465962
0.370840347925579
-0.531302110155886
0.606882759780133
-0.82952890553442
-0.135899881571433
0.672206124421761
-1.383556653232
-0.575833671693826
0.718533548204107
-1.59436785503613
-0.76072773190741
~
0.844453680436971
0.672708710964955
-0.74569758386985
0.672282035203945
0.490140067209618
-0.750705152464805
0.10418455553233
-0.206469459491862
-0.640284852459493
0.622822027218021
-0.861772930925973
-0.133574327796994
0.679548843588257
-1.39126532822209
-0.575627836231693
0.727406566531939
-1.60422042786222
-0.762523799016466
~
0.933606866314445
0.524793691155896
-0.804922585786207
0.775737727128027
0.400558177120249
-0.821927794457338
0.213809007553092
0.272607404788729
-0.521906551296845
0.629775318179146
-0.815731696608259
-0.136680033900422
0.687368271361232
-1.34646563547137
-0.576061821280112
0.742168113005927
-1.55681091897534
-0.734387475484638
~
0.797099692623735
0.324048922642103
-0.831387742692432
0.641826457854832
0.222026018704768
-0.847642320150727
-0.0291047247226478
-0.259061796917027
-0.595952992292699
0.591707968015067
-0.724604878136198
-0.152763191849006
0.706871821290706
-1.27926148796246
-0.482415205468949
0.732545931796804
-1.47816170060483
-0.665796891886313
~
0.804887165079428
0.182409325839456
-0.920549166159942
0.624855672774709
0.0885071097570001
-0.939698124058589
-0.0887839075825976
-0.281026713949951
-0.60572992843795
0.584702682070794
-0.751385408036728
-0.22543501321158
0.718613018581812
-1.32067542485607
-0.523838561255383
0.742638589394027
-1.52426963847398
-0.708530071930012
~

@Thumbsup
-0.0647020800732039
0.137444113033982
-0.854369808248142
-0.119886784646199
0.0383341647950305
-0.82518039133306
-0.721145019532296
-0.553752716040813
-0.625007725704399
0.886620495069712
-0.0601274967988149
-0.857094882694265
0.344764126818996
0.0972018096610308
-1.5409818211648
0.315668221580335
0.135468584712265
-1.60209649027842
~
-0.079787214641963
0.285175016754629
-0.506759881680855
-0.128604810183047
0.108824166100336
-0.587087934491196
-0.661350173243077
-0.496638107749825
-0.475774836679115
0.827279630044756
-0.023997175288162
-0.891493054179789
0.204901924261574
0.184520024955056
-1.37775192629086
0.168077472301777
0.25109044308444
-1.4016476987796
~
-0.0376593602983454
-1.13398599466748
-0.596393645547273
-0.18984213370902
-0.986284910062244
-0.582108685058603
-0.646390440445518
-0.543181818192848
-0.50408251898898
0.875553058284876
-0.120204415591345
-0.668264987961156
0.315368611269339
0.128622209564989
-1.3105306827734
0.141730043025136
0.229654313840518
-1.49363884581582
~
-0.623171685774904
-0.0219520305970057
0.0843439458450841
-0.684054489694209
-0.195341387447178
0.016580623088901
-0.618774342092261
-0.527994330652515
-0.513291038795787
0.808456012208902
-0.149055509396999
-0.685502001450659
0.258681469611984
0.113305843400532
-1.31436633552176
0.0684129448650905
0.238787384798283
-1.50235956578641
~
-0.632084539908778
-0.00533060117044632
0.135367787633107
-0.692817366069204
-0.178292781127753
0.0677713032467225
-0.589222109740327
-0.5296666888698
-0.521525869209002
0.79090051788247
-0.0920583068196377
-0.677515697447475
0.225688838666152
0.165179600889413
-1.29099564994459
0.0420966948839287
0.272598055615973
-1.46216816695771
~
-0.632927135503511
-0.0184505662351956
0.178925930291871
-0.693563973439819
-0.191139413605447
0.11143668030593
-0.576005175207238
-0.538785181875918
-0.509050047233313
0.780188440401251
-0.12865566050672
-0.696348885796024
0.210280743977749
0.124837912125568
-1.30496089835581
0.0265997308097819
0.230357420748471
-1.46952100221626
~
-0.638560851191283
-0.0254454440548675
0.169779097678971
-0.699198833206907
-0.198137599791977
0.102287902927751
-0.569313069416697
-0.537694999978342
-0.512098552841146
0.775330070742706
-0.120676490806345
-0.691704698927996
0.201553133395576
0.123331634963729
-1.30069798299816
0.0158493333520186
0.23107937147402
-1.47203773742411
~
-0.555603501200402
-0.0526955398883866
0.0727318564369061
-0.616244002967061
-0.225394763980531
0.00523811514677751
-0.559207037749927
-0.535419184151054
-0.517078127995389
0.777435313475048
-0.103370100337572
-0.681527463855052
0.20616991901754
0.13305526633541
-1.29629610008168
0.0115383008646371
0.231456456591912
-1.47370459727314
~
-0.764652532757783
-0.180103323683192
0.138452010738497
-0.657074823227896
-0.246310990834521
-0.0102204071539692
-0.556285717817107
-0.529259692489082
-0.525727100613826
0.781156115691381
-0.0797625603215261
-0.680738057916624
0.208868970226824
0.14685448191921
-1.29847892970625
0.0108638735358145
0.238256130836667
-1.4776033056676
~
-0.732741533695519
-0.156941278730056
0.130849615269114
-0.631390299085467
-0.22456787614996
-0.0215247007578026
-0.555053989365699
-0.524695667494448
-0.531906786770732
0.782660738775688
-0.0681168793258626
-0.683765485242929
0.209384971845729
0.153141978233887
-1.30271474845608
0.0129098447558792
0.241420901128517
-1.48283318998082
~
-0.732552167935242
-0.171556163339605
0.142425549966686
-0.596456746059764
-0.199851992793059
0.0055194103666194
-0.556964309087892
-0.524130602317772
-0.53254062935501
0.786215230966541
-0.0608324537061813
-0.688454537866102
0.209461122544842
0.155562078298901
-1.30592844926048
0.0158099894159241
0.242292455718169
-1.48448521196131
~
-0.683591175213905
-0.0858414815998851
0.248995682480865
-0.653331125711805
-0.198213826599512
0.0487466425320362
-0.562550977205506
-0.535330835097355
-0.517438885574546
0.799587404447424
-0.0619988965915157
-0.675282875017618
0.222616590517063
0.156582155841443
-1.29188736706247
0.0319996702904834
0.243239799799789
-1.46795898140697
~
-0.852090851214713
-0.109408014974986
0.0679286004141189
-0.720625183669126
-0.253478689556722
0.0621949874229409
-0.613748816343045
-0.57852826425606
-0.442314193376976
0.826674736398107
-0.0591173662612374
-0.647247819672366
0.247572880944002
0.163312774204323
-1.26046370777603
0.0625541995277004
0.256920876089271
-1.43862761147328
~
-0.760050509357704
-0.0848501790119219
0.180988386962776
-0.828564714245223
-0.254053768463451
0.112063145502485
-0.718468183958227
-0.59089434414518
-0.370791348548141
0.848186980096785
-0.00680877710066384
-0.617311526869968
0.289852549570403
0.23982660276738
-1.2412505215748
0.121160595971481
0.321340024778533
-1.39616450805331
~
-0.784228991921265
0.179245223118535
0.268610141885357
-0.857389072191043
0.0112112762442442
0.201691401587171
-0.808996757519371
-0.525079604134666
-0.0853134540667798
0.858124379476728
0.0330353215699012
-0.59708350870515
0.348306098462526
0.316525670231909
-1.24788107417231
0.145333408161727
0.356745065359277
-1.37502239811588
~
-0.808569820643387
0.150682093005351
0.259398504126194
-0.8823672675968
-0.0164716297848695
0.191137726091367
-0.803482933195632
-0.556169801717367
-0.0838011889761395
0.863931501067882
0.0401727175727079
-0.58954340399357
0.346110750759315
0.314564485088553
-1.23767606533546
0.156947907722768
0.371409895125633
-1.35875473555293
~
-0.880481815218248
0.113861337282364
0.272062170247937
-0.870626691744707
-0.0711632579536558
0.175284196263158
-0.841061268321309
-0.626237017160329
-0.0804885259630371
0.862881396626017
0.0456454442410215
-0.588269925536561
0.340673649480468
0.31803177944445
-1.23354814889971
0.172207120316292
0.382876921428211
-1.34195111493124
~
-0.884105696169214
0.110376494686437
0.276427682896191
-0.871959051175265
-0.0745490332230602
0.179698898175344
-0.835519063190649
-0.629325590450166
-0.0759271052649621
0.865989667111913
0.0521566876114249
-0.583028783177533
0.352590942006641
0.336354232195099
-1.23044575639656
0.189340658720668
0.395441164601092
-1.33168104870551
~
-0.882543945993461
0.118431333769576
0.253770937795745
-0.871746220184178
-0.0677305332579496
0.159244088514865
-0.839353095759107
-0.626216081337748
-0.0897786484714419
0.871711079342771
0.092996917486257
-0.589791585540661
0.354111555722653
0.380178633032904
-1.23235273624784
0.196709631738651
0.43543064953181
-1.33572596108572
~
-0.738455670685638
0.0936441558009284
0.115218907133192
-0.818682360580987
0.0515103187308912
0.106024834507873
-0.812915182098487
-0.513040001454711
-0.132639433801024
0.913931943806537
0.263815673112734
-0.604257663909334
0.399387776720722
0.544080544116542
-1.2526384383791
0.240261294794356
0.603276284482172
-1.35938644269108
~
-0.936943567492118
0.0800282227491504
0.292439401751575
-0.910009890937197
-0.0973703586936911
0.18511048475352
-0.829208808269665
-0.629566103022216
-0.102330755608386
0.859589467091984
0.0566063508516568
-0.586684077913883
0.311826914663532
0.309518140421185
-1.21801959897165
0.167178427957791
0.384487056457939
-1.32750170057515
~
-0.910353785545133
0.0943278231440012
0.260941114906998
-0.889707616724757
-0.0863158449956139
0.157678151126774
-0.827769163266398
-0.628246849414459
-0.117565231113909
0.859625417845277
0.0812542660138794
-0.575517640415019
0.326392485925178
0.336034073975265
-1.21917903353273
0.180228629952703
0.414209674120195
-1.33743542076149
~
-0.910809856221923
0.100330952328285
0.251910296994303
-0.890230682414281
-0.0817953003488573
0.151240650335257
-0.828493107988583
-0.628174045129591
-0.116222779722757
0.857619270103052
0.0822613669631992
-0.576796504915455
0.33507380424326
0.339045215729841
-1.22890316278381
0.180911800189789
0.413711245885245
-1.34084628678105
~
-0.905636125610664
0.10824073498049
0.2374144638195
-0.884376555179007
-0.0771252727914745
0.142959285785811
-0.820597896886808
-0.633223243104596
-0.10586158635069
0.858160987152152
0.0857214211905574
-0.57527320677763
0.349948847268158
0.356900717205808
-1.23324578900592
0.193625601826282
0.418391418135607
-1.34377310327677
~
-0.773226506163752
-0.0427182815774735
0.118058997113136
-0.86494662673702
-0.0664264188276569
0.115486454860565
-0.817986812057799
-0.633199200846424
-0.114923353474144
0.841210080004239
0.141080019755054
-0.557514682868836
0.354678238497857
0.392585830021143
-1.24056599308389
0.20962440261233
0.454478259734729
-1.36054220625026
~
-0.756374040553549
-0.019568158880591
0.106097128628394
-0.843304731545275
-0.0585271028722323
0.092551740747387
-0.811803277281517
-0.632618389842047
-0.124064643609449
0.850604644038183
0.16679004393583
-0.5676414329009
0.365212909500668
0.41704095253051
-1.25205263218148
0.230104873764333
0.475181552579132
-1.37263181364093
~
-0.744522630971108
0.0139528588669641
0.098911641612032
-0.832820892733783
-0.0211720210922312
0.0866544339810507
-0.796347569407325
-0.595633170813094
-0.128466831922153
0.870395004003837
0.19418908232667
-0.58715743226456
0.374078906209836
0.446558996015917
-1.26244955975623
0.241523361422005
0.505210703950751
-1.38204076051182
~
-0.739643255274729
0.0241687070800457
0.0980411337528943
-0.828486712157839
-0.0104865187525731
0.086045970625894
-0.789836084438991
-0.584730996205187
-0.129264430158557
0.865062917422445
0.206349156025729
-0.579599718433484
0.388537369877375
0.45406833969504
-1.27152163725769
0.247700818209134
0.512193788839816
-1.38502601145441
~
-0.744222943181032
0.0381046572215795
0.104574461280092
-0.833854281073816
-0.0027969958198664
0.0912398128935278
-0.789925904965264
-0.574401107182384
-0.129205483606698
0.862011895572613
0.218592929262493
-0.578626554101454
0.390597856520553
0.461880351666281
-1.27586567060657
0.248014023745068
0.521562548374863
-1.38715621862651
~
-0.744922255924382
0.0517888698697226
0.105663345567424
-0.83493155265553
0.0096749923460499
0.0920679241513799
-0.788904904961508
-0.561307265800268
-0.129393743831745
0.859816510165343
0.232690966433663
-0.576686203781119
0.385829949304128
0.46871196413006
-1.27470803491734
0.25031046382805
0.534222375496837
-1.38831416294322
~
-0.744279477729542
0.0545283365209653
0.104118618077655
-0.834093552433825
0.0115541242483028
0.0899516168616399
-0.788629906617144
-0.559782163691584
-0.130822255669496
0.861060746240485
0.237368612080703
-0.58347429057179
0.377653383906343
0.468405011148562
-1.2764293822561
0.252130662011594
0.535733407753277
-1.39084240802949
~
-0.741070487271147
0.0534082280569618
0.0987297439731298
-0.830560205327138
0.00976664819032125
0.0838957526951506
-0.786315188922724
-0.562247197319927
-0.135476776505817
0.860258054944057
0.201827220969768
-0.545261121316224
0.401382968474126
0.453140173492659
-1.24819445915215
0.256475833103683
0.53406751929814
-1.39608533246352
~

@Thumbsup
-0.81121929347045
-0.1330010899484
-1.75740176141024
-0.805828851929143
-0.257216730713203
-1.92125232295626
-0.896705738557191
-0.4009520523568
-1.12655570703254
0.810858994916249
-0.896270120838126
-0.0829193540239151
0.918489427046656
-1.55878756484116
-0.50257475824387
0.873504882178688
-1.79408433072956
-0.736663141177018
~
-0.802996206814613
-0.124068413056663
-1.76740980915585
-0.805427725667555
-0.249779470964884
-1.91632322659468
-0.89312374437071
-0.404153365232556
-1.12456762229311
0.811101344500695
-0.894966989688012
-0.0842036973872868
0.90835183444361
-1.55216028911583
-0.513613147201721
0.864599827201719
-1.79058834457455
-0.744047463346202
~
-0.801126403475527
-0.122426753661103
-1.76885079868729
-0.807790296236207
-0.24312588822276
-1.91318995218711
-0.890484149110271
-0.406928667432471
-1.12397674981733
0.809737818447037
-0.893469016407898
-0.0852357065196735
0.949561103765903
-1.56158090221953
-0.478957649864702
0.917052170548546
-1.80595327913685
-0.704328078678876
~
-0.796363634880178
-0.113280683256807
-1.74157223002889
-0.804509429757009
-0.228252403635918
-1.88211173325402
-0.882755547846292
-0.395055671677475
-1.10693238211256
0.790673008110048
-0.873647237490068
-0.0830475135426259
0.884598341605382
-1.52018909972277
-0.503287409088411
0.856435926474754
-1.75306147330283
-0.733230668698753
~
-0.794231519522786
-0.112111165700726
-1.73886184416845
-0.801524316550424
-0.223236240706342
-1.87394425040813
-0.880455129231609
-0.397043394769415
-1.10370684085774
0.786337835736088
-0.871010273912615
-0.0853485142334112
0.907994433425057
-1.51706841579349
-0.492136925270766
0.859100992075835
-1.74750541253811
-0.719202579509667
~
-0.7935276172144
-0.105128939524499
-1.72848038062675
-0.802537843565047
-0.217218484784202
-1.85969347599027
-0.877876098506133
-0.388885498093316
-1.09471540402154
0.776932185862351
-0.86127393947854
-0.084611981917161
0.920697441869954
-1.51103533513931
-0.463715502064455
0.89419856065236
-1.74634288868601
-0.685928631859662
~
-0.7905578346339
-0.104895084438051
-1.72022957139346
-0.830035837246124
-0.231857345189677
-1.75871914181756
-0.85577105309367
-0.416930562184938
-0.999772112248541
0.768895751927569
-0.856158848828525
-0.08694617723738
0.906828499534352
-1.50152334227639
-0.464102078491796
0.824357993194954
-1.76839038922534
-0.782865246300096
~
-0.791052817529505
-0.104291987471847
-1.73079299726574
-0.807839708717095
-0.207007145409345
-1.84697134870746
-0.870020199962301
-0.400961969373874
-1.0899847568554
0.773554745117629
-0.860981696903236
-0.0878613497620802
0.910691436366977
-1.50840215815873
-0.466843259099776
0.881522493354175
-1.74370195365584
-0.686633703273927
~
-0.791954190821824
-0.101850233398167
-1.74578824114161
-0.834470559355925
-0.239364170187759
-1.76722438436499
-0.856329079225337
-0.422289222726793
-1.00305836800642
0.77362892557769
-0.865964929191345
-0.0929633963599538
0.902104847641444
-1.51384277185856
-0.478412113527034
0.875906989014801
-1.75141030067346
-0.697247231873353
~
-0.796926457329633
-0.0991925005527271
-1.76422582494907
-0.819144766381317
-0.221890701438961
-1.86773827183427
-0.874171052473851
-0.399926460415193
-1.09905509450191
0.775996448614294
-0.874686795269866
-0.0968934977611365
0.843297293217701
-1.50317842308737
-0.543445726186123
0.835149161904029
-1.74813709458131
-0.758518657525182
~
-0.792895258223537
-0.0921028190541407
-1.75891980507008
-0.815643962099866
-0.212373376790653
-1.8546384277861
-0.87218917614394
-0.395258815391374
-1.09184994410282
0.770225686765319
-0.869617909125381
-0.0978228482743447
0.843709157579464
-1.50261267897498
-0.525787389128665
0.828452526905274
-1.74329367981585
-0.742543026850945
~
-0.795104797146806
-0.089608711699052
-1.76637563348902
-0.820374936631942
-0.211968904033883
-1.85906830065453
-0.873559929713434
-0.393995392814998
-1.09373969246293
0.772199076859423
-0.874308731587158
-0.0988197368405358
0.851002488642074
-1.50985979690788
-0.525284144090199
0.837380742134125
-1.74655381994081
-0.747700340910065
~
-0.793422298335039
-0.0862962550700959
-1.76225351151147
-0.818077722030092
-0.206970456465165
-1.85331552329439
-0.87240470245884
-0.390410446042128
-1.09072646782467
0.769013050718635
-0.872555003668304
-0.0989162601941781
0.859808299186411
-1.50837743517602
-0.517989797423712
0.826272250715807
-1.78711679982195
-0.802181732082484
~
-0.794680739217565
-0.0896952849868862
-1.77404793704311
-0.820029791771011
-0.210204562116991
-1.8629554630082
-0.873986520785667
-0.395607663697554
-1.09718484261095
0.773586685001845
-0.880860598415468
-0.10216769361
0.840307003265471
-1.50829065056926
-0.562293686519006
0.836824894088168
-1.75607652247763
-0.773530688727642
~
-0.795637905680813
-0.0886068013648353
-1.77491374902063
-0.823262320111866
-0.210661122871786
-1.86111543270231
-0.873306713712203
-0.394705983595668
-1.09592638368399
0.771139671066976
-0.879143041693417
-0.103441621137429
0.909410038526987
-1.53343920759604
-0.478223846676917
0.834301991571999
-1.79660429247133
-0.811247312241658
~
-0.794563301391385
-0.0849138873891979
-1.77060818899779
-0.822535370801576
-0.208862500299569
-1.85453863402338
-0.871478860974262
-0.390486065905998
-1.09153420401615
0.768381711005879
-0.87457390096775
-0.102863019968142
0.888863231085151
-1.51723140766961
-0.500523935153073
0.829863465734794
-1.78849581854452
-0.809970435568208
~
-0.792982645462061
-0.0806478012372996
-1.764822711331
-0.820735527243507
-0.204878379284549
-1.84676128909632
-0.869372343870802
-0.385103076687349
-1.08647718021554
0.766103315954621
-0.869795115115184
-0.100981144065077
0.886272200308619
-1.51241521029813
-0.492663539695868
0.826086929098185
-1.77848989946184
-0.807567227606491
~
-0.791104700906615
-0.0834760606161249
-1.76966488959942
-0.817405231333817
-0.205929329811872
-1.84993727520344
-0.868260776452992
-0.390361831222847
-1.08965314687437
0.771691017832072
-0.873651283310499
-0.10335462914811
0.901340656764155
-1.51595380724408
-0.49467072332488
0.831577218737639
-1.7834204115413
-0.811182473940694
~
-0.792290717456031
-0.0858865220956883
-1.77718010098161
-0.840473026824275
-0.227887908371897
-1.73903770326473
-0.852028300617035
-0.443996283689286
-0.983772903184001
0.773077752694227
-0.877919138306049
-0.106371879763033
0.90361208988681
-1.52048523821798
-0.50114218852281
0.836020010228712
-1.79106861563249
-0.815799182870543
~
-0.791807302389492
-0.0862661305842941
-1.78166859436115
-0.818680198400608
-0.205169011378078
-1.84510043273147
-0.87170159943589
-0.408594245338381
-1.0876498911259
0.773934294004512
-0.880242118543083
-0.108458931898555
0.901079066551985
-1.5157621588229
-0.517655784538816
0.861388873691082
-1.74166612921002
-0.746790552415455
~
-0.792701930245178
-0.0855300700619274
-1.78548571381088
-0.822402368592688
-0.208753699674463
-1.85007570994634
-0.872136289322972
-0.405516845339599
-1.08945142747777
0.776117674718046
-0.881593197763894
-0.108461393112384
0.920340518796224
-1.52419554012624
-0.500580195291256
0.894221602064139
-1.7581478735172
-0.724122267429531
~
-0.793759579436183
-0.0799075738990087
-1.78569701445553
-0.83986377992051
-0.217722360144946
-1.76246939796476
-0.862225877819335
-0.442087872763504
-1.0081157099114
0.776561449474657
-0.879261039260872
-0.105960571266819
0.888235104244687
-1.51647055118744
-0.520213578612477
0.841398354857024
-1.79469350989227
-0.81995381326583
~
-0.7948953636745
-0.0759013284014137
-1.78309639344
-0.837584317919347
-0.211692949182184
-1.76867680613169
-0.868770723713432
-0.434961075167702
-1.0144758205075
0.775802879692439
-0.874872736318572
-0.102525741452427
0.843973867746119
-1.51053452728887
-0.574100621868468
0.841454796733391
-1.75528119912574
-0.787556487576081
~
-0.792735729739318
-0.0747191795870133
-1.78068278052259
-0.825191246965988
-0.200335367522663
-1.84178512381614
-0.869805938847636
-0.397834946183087
-1.08205409935418
0.775857041251836
-0.873930021881707
-0.10210622719496
0.865403535921747
-1.49927615223534
-0.542044592366452
0.845287403943767
-1.73313349820061
-0.765715808322757
~
-0.791974098925708
-0.0772733841900108
-1.78811204821247
-0.816604573591628
-0.198535766568746
-1.82754884029266
-0.878630731193338
-0.419363938296706
-1.07289586117033
0.780888505242035
-0.878685232548923
-0.103489068123254
0.864259050475962
-1.50658582100133
-0.548862356403384
0.849499329163702
-1.74460770452871
-0.770303522964052
~
-0.789058019196973
-0.0718265638277819
-1.7802807171137
-0.818866524728775
-0.196761133482891
-1.83219457491267
-0.868507008962285
-0.401831564567018
-1.07552769831437
0.777301404424483
-0.872374310725634
-0.101843255364318
0.868482352454306
-1.49718265999899
-0.538176760160925
0.84674868227589
-1.73101888750604
-0.761375057007196
~
-0.786733296375288
-0.0710613038446621
-1.77693896422508
-0.813444568974798
-0.185967882151025
-1.7991373728507
-0.874173301272089
-0.427367323250616
-1.0566407261163
0.776366876331474
-0.870984662767745
-0.10215259049894
0.872136217470154
-1.49696405002719
-0.532291464937747
0.849617380548243
-1.72659646932
-0.758720842275736
~
-0.783569827018577
-0.070923671370794
-1.77381919130427
-0.81280017609766
-0.205584242902583
-1.84084462450047
-0.86232643174531
-0.383280908556188
-1.08067481082175
0.774012768156868
-0.869641796690385
-0.104782760481199
0.892941651909156
-1.50367011944356
-0.510958133482508
0.841624051215285
-1.77200247838647
-0.809341093208054
~
-0.783679897250404
-0.0718752610117672
-1.7788069261552
-0.81293217719281
-0.20678675061425
-1.84548490351028
-0.862423437007575
-0.385362063935432
-1.08339530466892
0.778140166172312
-0.873263786610819
-0.105198755568249
0.888770944531362
-1.50739109932853
-0.517881553324743
0.846175807885089
-1.77839607303297
-0.812902589220487
~
-0.783269981255153
-0.0710927200480082
-1.77810925771275
-0.806497876509752
-0.188524283894048
-1.7987901024075
-0.874285758214794
-0.426388641294562
-1.05608177105623
0.777661067264152
-0.87214357925862
-0.105294879093649
0.872784181905127
-1.50040949624978
-0.5312382521483
0.840376744221996
-1.73336047514045
-0.752833511736665
~
-0.783026557726378
-0.0705301591570505
-1.77500922669797
-0.808948006045149
-0.197496611142576
-1.82785538711388
-0.866641126495169
-0.39698845615296
-1.07318488099993
0.776623144553219
-0.870794740784984
-0.104316380811135
0.868788755449261
-1.49507026662993
-0.535970900308676
0.838463357148973
-1.72975169711062
-0.755548222491756
~
-0.782141972305026
-0.0695084605053249
-1.77053512536817
-0.807347881811442
-0.18352172961379
-1.79467095516452
-0.870338954413421
-0.423706835426981
-1.05431490863697
0.775414987868139
-0.867864329333277
-0.101979116185875
0.857529310657691
-1.48761882807942
-0.541020716923599
0.827771787524469
-1.72575376773054
-0.75625005952392
~
-0.783106598834168
-0.0705051963453863
-1.77250872208065
-0.80608198814305
-0.185211278315556
-1.80253284353982
-0.873310594629375
-0.420660664966235
-1.0589910075967
0.778312287330866
-0.870492270292741
-0.100225972752776
0.907508399724776
-1.51330350502745
-0.490243039857506
0.826180095794116
-1.7753285584417
-0.799658505226759
~