@two
0.03125
0.474999994039536
-0.0615789480507374
-0.0812499970197678
0.400000005960464
-0.0651315823197365
~
0.0375000014901161
0.474999994039536
-0.061842106282711
-0.0750000029802322
0.400000005960464
-0.0647368431091309
~
0.0375000014901161
0.474999994039536
-0.061842106282711
-0.0750000029802322
0.400000005960464
-0.0647368431091309
~
0.0375000014901161
0.474999994039536
-0.061842106282711
-0.0750000029802322
0.400000005960464
-0.0647368431091309
~
0.03125
0.474999994039536
-0.0613157898187637
-0.0750000029802322
0.391666680574417
-0.0651315823197365
~
0.03125
0.474999994039536
-0.0613157898187637
-0.0750000029802322
0.391666680574417
-0.0651315823197365
~
0.03125
0.474999994039536
-0.0613157898187637
-0.0750000029802322
0.391666680574417
-0.0651315823197365
~
0.03125
0.474999994039536
-0.0613157898187637
-0.0750000029802322
0.391666680574417
-0.0651315823197365
~
0.03125
0.474999994039536
-0.0606578961014748
-0.0750000029802322
0.391666680574417
-0.0651315823197365
~
0.03125
0.474999994039536
-0.0606578961014748
-0.0750000029802322
0.391666680574417
-0.0651315823197365
~
0.03125
0.474999994039536
-0.0606578961014748
-0.0750000029802322
0.391666680574417
-0.0651315823197365
~
0.03125
0.474999994039536
-0.0606578961014748
-0.0750000029802322
0.391666680574417
-0.0651315823197365
~
0.03125
0.474999994039536
-0.0606578961014748
-0.0750000029802322
0.391666680574417
-0.0651315823197365
~
0.0375000014901161
0.474999994039536
-0.0609210543334484
-0.0687500014901161
0.391666680574417
-0.0647368431091309
~
0.0375000014901161
0.474999994039536
-0.0609210543334484
-0.0687500014901161
0.391666680574417
-0.0647368431091309
~
0.03125
0.474999994039536
-0.0606578961014748
-0.0687500014901161
0.400000005960464
-0.0642105266451836
~
0.03125
0.474999994039536
-0.0606578961014748
-0.0687500014901161
0.400000005960464
-0.0642105266451836
~
0.03125
0.474999994039536
-0.0606578961014748
-0.0687500014901161
0.400000005960464
-0.0642105266451836
~
0.03125
0.474999994039536
-0.0606578961014748
-0.0687500014901161
0.400000005960464
-0.0642105266451836
~
0.03125
0.474999994039536
-0.0606578961014748
-0.0687500014901161
0.400000005960464
-0.0642105266451836
~
0.03125
0.474999994039536
-0.0606578961014748
-0.0687500014901161
0.408333331346512
-0.0644736811518669
~
0.03125
0.474999994039536
-0.0606578961014748
-0.0687500014901161
0.408333331346512
-0.0644736811518669
~
0.03125
0.474999994039536
-0.0606578961014748
-0.0687500014901161
0.408333331346512
-0.0644736811518669
~
0.03125
0.474999994039536
-0.0606578961014748
-0.0687500014901161
0.408333331346512
-0.0644736811518669
~
0.03125
0.474999994039536
-0.0606578961014748
-0.0687500014901161
0.408333331346512
-0.0644736811518669
~
0.03125
0.474999994039536
-0.0613157898187637
-0.0750000029802322
0.391666680574417
-0.0647368431091309
~
0.03125
0.474999994039536
-0.0613157898187637
-0.0750000029802322
0.391666680574417
-0.0647368431091309
~
0.03125
0.474999994039536
-0.0613157898187637
-0.0750000029802322
0.391666680574417
-0.0647368431091309
~
0.03125
0.474999994039536
-0.0613157898187637
-0.0750000029802322
0.391666680574417
-0.0647368431091309
~
0.03125
0.474999994039536
-0.0613157898187637
-0.0750000029802322
0.391666680574417
-0.0647368431091309
~
0.03125
0.474999994039536
-0.0609210543334484
-0.0687500014901161
0.400000005960464
-0.0644736811518669
~
0.03125
0.474999994039536
-0.0609210543334484
-0.0687500014901161
0.400000005960464
-0.0644736811518669
~
0.03125
0.474999994039536
-0.0609210543334484
-0.0687500014901161
0.400000005960464
-0.0644736811518669
~
0.03125
0.474999994039536
-0.0609210543334484
-0.0687500014901161
0.400000005960464
-0.0644736811518669
~

@two
-0.293749988079071
0.883333325386047
-0.0768421068787575
-0.393750011920929
0.833333313465118
-0.0760526284575462
~
-0.293749988079071
0.883333325386047
-0.0768421068787575
-0.393750011920929
0.833333313465118
-0.0760526284575462
~
-0.293749988079071
0.883333325386047
-0.0768421068787575
-0.393750011920929
0.833333313465118
-0.0760526284575462
~
-0.387499988079071
0.866666674613953
-0.0768421068787575
-0.28125
0.850000023841858
-0.0768421068787575
~
-0.387499988079071
0.866666674613953
-0.0768421068787575
-0.28125
0.850000023841858
-0.0768421068787575
~
-0.375
0.875
-0.0776315778493881
-0.275000005960464
0.858333349227905
-0.0780263170599937
~
-0.375
0.875
-0.0776315778493881
-0.275000005960464
0.858333349227905
-0.0780263170599937
~
-0.375
0.875
-0.0776315778493881
-0.275000005960464
0.858333349227905
-0.0780263170599937
~
-0.375
0.875
-0.0776315778493881
-0.275000005960464
0.858333349227905
-0.0780263170599937
~
-0.375
0.875
-0.0776315778493881
-0.275000005960464
0.858333349227905
-0.0780263170599937
~
-0.25
0.891666650772095
-0.0782894715666771
-0.362500011920929
0.841666638851166
-0.0782894715666771
~
-0.25
0.891666650772095
-0.0782894715666771
-0.362500011920929
0.841666638851166
-0.0782894715666771
~
-0.25
0.891666650772095
-0.0780263170599937
-0.356249988079071
0.850000023841858
-0.0780263170599937
~
-0.25
0.891666650772095
-0.0780263170599937
-0.356249988079071
0.850000023841858
-0.0780263170599937
~
-0.25
0.891666650772095
-0.0780263170599937
-0.356249988079071
0.850000023841858
-0.0780263170599937
~
-0.25
0.891666650772095
-0.0780263170599937
-0.356249988079071
0.850000023841858
-0.0780263170599937
~
-0.25
0.891666650772095
-0.0780263170599937
-0.356249988079071
0.850000023841858
-0.0780263170599937
~
-0.25
0.891666650772095
-0.0780263170599937
-0.356249988079071
0.850000023841858
-0.0780263170599937
~
-0.25
0.891666650772095
-0.0780263170599937
-0.356249988079071
0.850000023841858
-0.0780263170599937
~
-0.25
0.891666650772095
-0.0780263170599937
-0.356249988079071
0.850000023841858
-0.0780263170599937
~
-0.25
0.891666650772095
-0.0776315778493881
-0.356249988079071
0.841666638851166
-0.0780263170599937
~
-0.25
0.891666650772095
-0.0776315778493881
-0.356249988079071
0.841666638851166
-0.0780263170599937
~
-0.25
0.891666650772095
-0.0776315778493881
-0.356249988079071
0.841666638851166
-0.0780263170599937
~
-0.25
0.891666650772095
-0.0776315778493881
-0.356249988079071
0.841666638851166
-0.0780263170599937
~
-0.25
0.891666650772095
-0.0776315778493881
-0.356249988079071
0.841666638851166
-0.0780263170599937
~
-0.243750005960464
0.899999976158142
-0.0780263170599937
-0.356249988079071
0.850000023841858
-0.0772368386387825
~
-0.243750005960464
0.899999976158142
-0.0780263170599937
-0.356249988079071
0.850000023841858
-0.0772368386387825
~
-0.243750005960464
0.899999976158142
-0.0780263170599937
-0.356249988079071
0.850000023841858
-0.0772368386387825
~
-0.243750005960464
0.899999976158142
-0.0780263170599937
-0.356249988079071
0.850000023841858
-0.0772368386387825
~
-0.243750005960464
0.899999976158142
-0.0780263170599937
-0.356249988079071
0.850000023841858
-0.0772368386387825
~
-0.243750005960464
0.899999976158142
-0.0776315778493881
-0.356249988079071
0.850000023841858
-0.0772368386387825
~
-0.243750005960464
0.899999976158142
-0.0776315778493881
-0.356249988079071
0.850000023841858
-0.0772368386387825
~
-0.243750005960464
0.899999976158142
-0.0776315778493881
-0.356249988079071
0.850000023841858
-0.0772368386387825
~
-0.243750005960464
0.899999976158142
-0.0776315778493881
-0.356249988079071
0.850000023841858
-0.0772368386387825
~

@two
-0.662500023841858
0.574999988079071
0.0526315793395042
-0.537500023841858
0.466666668653488
0.0526315793395042
-0.756250023841858
0.441666662693024
0.0526315793395042
~
-0.662500023841858
0.574999988079071
0.0526315793395042
-0.537500023841858
0.466666668653488
0.0526315793395042
-0.756250023841858
0.441666662693024
0.0526315793395042
~
-0.662500023841858
0.574999988079071
0.0526315793395042
-0.537500023841858
0.466666668653488
0.0526315793395042
-0.756250023841858
0.441666662693024
0.0526315793395042
~
-0.662500023841858
0.574999988079071
0.0526315793395042
-0.537500023841858
0.466666668653488
0.0526315793395042
-0.756250023841858
0.441666662693024
0.0526315793395042
~
-0.65625
0.583333313465118
0.0526315793395042
-0.53125
0.466666668653488
0.0526315793395042
-0.75
0.458333343267441
0.0526315793395042
~
-0.65625
0.583333313465118
0.0526315793395042
-0.53125
0.466666668653488
0.0526315793395042
-0.75
0.458333343267441
0.0526315793395042
~
-0.65625
0.583333313465118
0.0526315793395042
-0.53125
0.466666668653488
0.0526315793395042
-0.75
0.458333343267441
0.0526315793395042
~
-0.65625
0.583333313465118
0.0526315793395042
-0.53125
0.466666668653488
0.0526315793395042
-0.75
0.458333343267441
0.0526315793395042
~
-0.65625
0.583333313465118
0.0526315793395042
-0.53125
0.466666668653488
0.0526315793395042
-0.75
0.458333343267441
0.0526315793395042
~
-0.65625
0.583333313465118
0.0526315793395042
-0.53125
0.474999994039536
0.0526315793395042
-0.743749976158142
0.449999988079071
0.0526315793395042
~
-0.65625
0.583333313465118
0.0526315793395042
-0.53125
0.474999994039536
0.0526315793395042
-0.743749976158142
0.449999988079071
0.0526315793395042
~
-0.65625
0.583333313465118
0.0526315793395042
-0.53125
0.474999994039536
0.0526315793395042
-0.743749976158142
0.449999988079071
0.0526315793395042
~
-0.65625
0.583333313465118
0.0526315793395042
-0.53125
0.474999994039536
0.0526315793395042
-0.743749976158142
0.449999988079071
0.0526315793395042
~
-0.65625
0.583333313465118
0.0526315793395042
-0.53125
0.474999994039536
0.0526315793395042
-0.743749976158142
0.449999988079071
0.0526315793395042
~
-0.649999976158142
0.583333313465118
0.0526315793395042
-0.518750011920929
0.491666674613953
0.0526315793395042
-0.743749976158142
0.449999988079071
0.0526315793395042
~
-0.649999976158142
0.583333313465118
0.0526315793395042
-0.518750011920929
0.491666674613953
0.0526315793395042
-0.743749976158142
0.449999988079071
0.0526315793395042
~
-0.649999976158142
0.583333313465118
0.0526315793395042
-0.518750011920929
0.491666674613953
0.0526315793395042
-0.743749976158142
0.449999988079071
0.0526315793395042
~
-0.649999976158142
0.583333313465118
0.0526315793395042
-0.518750011920929
0.491666674613953
0.0526315793395042
-0.743749976158142
0.449999988079071
0.0526315793395042
~
-0.649999976158142
0.583333313465118
0.0526315793395042
-0.518750011920929
0.491666674613953
0.0526315793395042
-0.743749976158142
0.449999988079071
0.0526315793395042
~
-0.65625
0.583333313465118
0.0526315793395042
-0.53125
0.474999994039536
0.0526315793395042
-0.743749976158142
0.449999988079071
0.0526315793395042
~
-0.65625
0.583333313465118
0.0526315793395042
-0.53125
0.474999994039536
0.0526315793395042
-0.743749976158142
0.449999988079071
0.0526315793395042
~
-0.65625
0.583333313465118
0.0526315793395042
-0.53125
0.474999994039536
0.0526315793395042
-0.743749976158142
0.449999988079071
0.0526315793395042
~
-0.65625
0.583333313465118
0.0526315793395042
-0.53125
0.474999994039536
0.0526315793395042
-0.743749976158142
0.449999988079071
0.0526315793395042
~
-0.65625
0.583333313465118
0.0526315793395042
-0.53125
0.474999994039536
0.0526315793395042
-0.743749976158142
0.449999988079071
0.0526315793395042
~
-0.65625
0.583333313465118
0.0526315793395042
-0.524999976158142
0.491666674613953
0.0526315793395042
-0.737500011920929
0.458333343267441
0.0526315793395042
~
-0.65625
0.583333313465118
0.0526315793395042
-0.524999976158142
0.491666674613953
0.0526315793395042
-0.737500011920929
0.458333343267441
0.0526315793395042
~
-0.65625
0.583333313465118
0.0526315793395042
-0.524999976158142
0.491666674613953
0.0526315793395042
-0.737500011920929
0.458333343267441
0.0526315793395042
~
-0.65625
0.583333313465118
0.0526315793395042
-0.524999976158142
0.491666674613953
0.0526315793395042
-0.737500011920929
0.458333343267441
0.0526315793395042
~
-0.65625
0.583333313465118
0.0526315793395042
-0.524999976158142
0.491666674613953
0.0526315793395042
-0.737500011920929
0.458333343267441
0.0526315793395042
~
-0.65625
0.583333313465118
0.0526315793395042
-0.524999976158142
0.483333319425583
0.0526315793395042
-0.737500011920929
0.449999988079071
0.0526315793395042
~
-0.65625
0.583333313465118
0.0526315793395042
-0.524999976158142
0.483333319425583
0.0526315793395042
-0.737500011920929
0.449999988079071
0.0526315793395042
~
-0.65625
0.583333313465118
0.0526315793395042
-0.524999976158142
0.483333319425583
0.0526315793395042
-0.737500011920929
0.449999988079071
0.0526315793395042
~
-0.65625
0.583333313465118
0.0526315793395042
-0.524999976158142
0.483333319425583
0.0526315793395042
-0.737500011920929
0.449999988079071
0.0526315793395042
~
-0.65625
0.583333313465118
0.0526315793395042
-0.524999976158142
0.483333319425583
0.0526315793395042
-0.737500011920929
0.449999988079071
0.0526315793395042
~

@Two
-0.418749988079071
0.741666674613953
-0.0907894745469093
-0.324999988079071
0.699999988079071
-0.0880263149738312
-0.487500011920929
0.666666686534882
-0.0876315757632256
~
-0.412499994039536
0.741666674613953
-0.091184213757515
-0.331250011920929
0.691666662693024
-0.0885526314377785
-0.481249988079071
0.675000011920929
-0.0872368440032005
~
-0.412499994039536
0.741666674613953
-0.091184213757515
-0.331250011920929
0.691666662693024
-0.0885526314377785
-0.481249988079071
0.675000011920929
-0.0872368440032005
~
-0.412499994039536
0.741666674613953
-0.091184213757515
-0.331250011920929
0.691666662693024
-0.0885526314377785
-0.481249988079071
0.675000011920929
-0.0872368440032005
~
-0.412499994039536
0.741666674613953
-0.091184213757515
-0.331250011920929
0.691666662693024
-0.0885526314377785
-0.481249988079071
0.675000011920929
-0.0872368440032005
~
-0.412499994039536
0.741666674613953
-0.091184213757515
-0.331250011920929
0.691666662693024
-0.0885526314377785
-0.481249988079071
0.675000011920929
-0.0872368440032005
~
-0.412499994039536
0.741666674613953
-0.091184213757515
-0.3125
0.699999988079071
-0.0889473706483841
-0.474999994039536
0.666666686534882
-0.0880263149738312
~
-0.412499994039536
0.741666674613953
-0.091184213757515
-0.3125
0.699999988079071
-0.0889473706483841
-0.474999994039536
0.666666686534882
-0.0880263149738312
~
-0.412499994039536
0.741666674613953
-0.091184213757515
-0.3125
0.699999988079071
-0.0889473706483841
-0.474999994039536
0.666666686534882
-0.0880263149738312
~
-0.412499994039536
0.741666674613953
-0.091184213757515
-0.3125
0.699999988079071
-0.0889473706483841
-0.474999994039536
0.666666686534882
-0.0880263149738312
~
-0.412499994039536
0.741666674613953
-0.091184213757515
-0.3125
0.699999988079071
-0.0889473706483841
-0.474999994039536
0.666666686534882
-0.0880263149738312
~
-0.400000005960464
0.75
-0.091184213757515
-0.3125
0.699999988079071
-0.0889473706483841
-0.462500005960464
0.666666686534882
-0.0880263149738312
~
-0.400000005960464
0.75
-0.091184213757515
-0.3125
0.699999988079071
-0.0889473706483841
-0.462500005960464
0.666666686534882
-0.0880263149738312
~
-0.400000005960464
0.75
-0.091184213757515
-0.3125
0.699999988079071
-0.0889473706483841
-0.462500005960464
0.666666686534882
-0.0880263149738312
~
-0.400000005960464
0.75
-0.091184213757515
-0.3125
0.699999988079071
-0.0889473706483841
-0.462500005960464
0.666666686534882
-0.0880263149738312
~
-0.400000005960464
0.75
-0.091184213757515
-0.3125
0.699999988079071
-0.0889473706483841
-0.462500005960464
0.666666686534882
-0.0880263149738312
~
-0.393750011920929
0.75
-0.091184213757515
-0.306250005960464
0.699999988079071
-0.0889473706483841
-0.456250011920929
0.666666686534882
-0.0880263149738312
~
-0.393750011920929
0.75
-0.091184213757515
-0.306250005960464
0.699999988079071
-0.0889473706483841
-0.456250011920929
0.666666686534882
-0.0880263149738312
~
-0.393750011920929
0.75
-0.091184213757515
-0.306250005960464
0.699999988079071
-0.0889473706483841
-0.456250011920929
0.666666686534882
-0.0880263149738312
~
-0.393750011920929
0.75
-0.091184213757515
-0.306250005960464
0.699999988079071
-0.0889473706483841
-0.456250011920929
0.666666686534882
-0.0880263149738312
~
-0.393750011920929
0.75
-0.091184213757515
-0.306250005960464
0.699999988079071
-0.0889473706483841
-0.456250011920929
0.666666686534882
-0.0880263149738312
~
-0.393750011920929
0.75
-0.0907894745469093
-0.3125
0.699999988079071
-0.0889473706483841
-0.456250011920929
0.666666686534882
-0.0880263149738312
~
-0.393750011920929
0.75
-0.0907894745469093
-0.3125
0.699999988079071
-0.0889473706483841
-0.456250011920929
0.666666686534882
-0.0880263149738312
~
-0.393750011920929
0.75
-0.0907894745469093
-0.3125
0.699999988079071
-0.0889473706483841
-0.456250011920929
0.666666686534882
-0.0880263149738312
~
-0.393750011920929
0.75
-0.0907894745469093
-0.3125
0.699999988079071
-0.0889473706483841
-0.456250011920929
0.666666686534882
-0.0880263149738312
~
-0.393750011920929
0.75
-0.0907894745469093
-0.3125
0.699999988079071
-0.0889473706483841
-0.456250011920929
0.666666686534882
-0.0880263149738312
~
-0.393750011920929
0.758333325386047
-0.0907894745469093
-0.3125
0.699999988079071
-0.0885526314377785
-0.462500005960464
0.666666686534882
-0.0885526314377785
~
-0.393750011920929
0.758333325386047
-0.0907894745469093
-0.3125
0.699999988079071
-0.0885526314377785
-0.462500005960464
0.666666686534882
-0.0885526314377785
~
-0.393750011920929
0.758333325386047
-0.0907894745469093
-0.3125
0.699999988079071
-0.0885526314377785
-0.462500005960464
0.666666686534882
-0.0885526314377785
~
-0.393750011920929
0.758333325386047
-0.0907894745469093
-0.3125
0.699999988079071
-0.0885526314377785
-0.462500005960464
0.666666686534882
-0.0885526314377785
~
-0.393750011920929
0.758333325386047
-0.0907894745469093
-0.3125
0.699999988079071
-0.0885526314377785
-0.462500005960464
0.666666686534882
-0.0885526314377785
~
-0.462500005960464
0.683333337306976
-0.0880263149738312
~
-0.462500005960464
0.683333337306976
-0.0880263149738312
~
-0.462500005960464
0.683333337306976
-0.0880263149738312
~

@Two
-0.506250023841858
0.541666686534882
0.0526315793395042
-0.693750023841858
0.483333319425583
0.0526315793395042
~
-0.506250023841858
0.541666686534882
0.0526315793395042
-0.693750023841858
0.491666674613953
0.0526315793395042
~
-0.506250023841858
0.541666686534882
0.0526315793395042
-0.693750023841858
0.491666674613953
0.0526315793395042
~
-0.506250023841858
0.541666686534882
0.0526315793395042
-0.693750023841858
0.491666674613953
0.0526315793395042
~
-0.506250023841858
0.541666686534882
0.0526315793395042
-0.693750023841858
0.491666674613953
0.0526315793395042
~
-0.506250023841858
0.541666686534882
0.0526315793395042
-0.693750023841858
0.491666674613953
0.0526315793395042
~
-0.506250023841858
0.541666686534882
0.0526315793395042
-0.6875
0.483333319425583
0.0526315793395042
~
-0.506250023841858
0.541666686534882
0.0526315793395042
-0.6875
0.483333319425583
0.0526315793395042
~
-0.506250023841858
0.541666686534882
0.0526315793395042
-0.6875
0.483333319425583
0.0526315793395042
~
-0.506250023841858
0.541666686534882
0.0526315793395042
-0.6875
0.483333319425583
0.0526315793395042
~
-0.506250023841858
0.541666686534882
0.0526315793395042
-0.6875
0.483333319425583
0.0526315793395042
~
-0.506250023841858
0.541666686534882
0.0526315793395042
-0.6875
0.483333319425583
0.0526315793395042
~
-0.506250023841858
0.541666686534882
0.0526315793395042
-0.6875
0.483333319425583
0.0526315793395042
~
-0.506250023841858
0.541666686534882
0.0526315793395042
-0.6875
0.483333319425583
0.0526315793395042
~
-0.506250023841858
0.541666686534882
0.0526315793395042
-0.6875
0.483333319425583
0.0526315793395042
~
-0.506250023841858
0.541666686534882
0.0526315793395042
-0.6875
0.483333319425583
0.0526315793395042
~
-0.506250023841858
0.541666686534882
0.0526315793395042
-0.693750023841858
0.491666674613953
0.0526315793395042
~
-0.506250023841858
0.541666686534882
0.0526315793395042
-0.693750023841858
0.491666674613953
0.0526315793395042
~
-0.506250023841858
0.541666686534882
0.0526315793395042
-0.693750023841858
0.491666674613953
0.0526315793395042
~
-0.506250023841858
0.541666686534882
0.0526315793395042
-0.693750023841858
0.491666674613953
0.0526315793395042
~
-0.506250023841858
0.541666686534882
0.0526315793395042
-0.693750023841858
0.491666674613953
0.0526315793395042
~
-0.512499988079071
0.533333361148834
0.0526315793395042
-0.693750023841858
0.483333319425583
0.0526315793395042
~
-0.512499988079071
0.533333361148834
0.0526315793395042
-0.693750023841858
0.483333319425583
0.0526315793395042
~
-0.512499988079071
0.533333361148834
0.0526315793395042
-0.693750023841858
0.483333319425583
0.0526315793395042
~
-0.512499988079071
0.533333361148834
0.0526315793395042
-0.693750023841858
0.483333319425583
0.0526315793395042
~
-0.512499988079071
0.533333361148834
0.0526315793395042
-0.693750023841858
0.483333319425583
0.0526315793395042
~
-0.512499988079071
0.533333361148834
0.0526315793395042
-0.681249976158142
0.474999994039536
0.0526315793395042
~
-0.512499988079071
0.533333361148834
0.0526315793395042
-0.681249976158142
0.474999994039536
0.0526315793395042
~
-0.512499988079071
0.533333361148834
0.0526315793395042
-0.681249976158142
0.474999994039536
0.0526315793395042
~
-0.512499988079071
0.533333361148834
0.0526315793395042
-0.681249976158142
0.474999994039536
0.0526315793395042
~
-0.512499988079071
0.533333361148834
0.0526315793395042
-0.681249976158142
0.474999994039536
0.0526315793395042
~
-0.512499988079071
0.533333361148834
0.0526315793395042
-0.6875
0.466666668653488
0.0526315793395042
~
-0.512499988079071
0.533333361148834
0.0526315793395042
-0.6875
0.466666668653488
0.0526315793395042
~
-0.512499988079071
0.533333361148834
0.0526315793395042
-0.6875
0.466666668653488
0.0526315793395042
~

@Two
-0.393750011920929
0.608333349227905
0.0526315793395042
-0.600000023841858
0.533333361148834
0.0526315793395042
~
-0.393750011920929
0.608333349227905
0.0526315793395042
-0.600000023841858
0.533333361148834
0.0526315793395042
~
-0.393750011920929
0.608333349227905
0.0526315793395042
-0.600000023841858
0.533333361148834
0.0526315793395042
~
-0.393750011920929
0.608333349227905
0.0526315793395042
-0.600000023841858
0.533333361148834
0.0526315793395042
~
-0.393750011920929
0.608333349227905
0.0526315793395042
-0.600000023841858
0.533333361148834
0.0526315793395042
~
-0.40625
0.608333349227905
0.0526315793395042
-0.600000023841858
0.541666686534882
0.0526315793395042
~
-0.40625
0.608333349227905
0.0526315793395042
-0.600000023841858
0.541666686534882
0.0526315793395042
~
-0.40625
0.608333349227905
0.0526315793395042
-0.600000023841858
0.541666686534882
0.0526315793395042
~
-0.40625
0.608333349227905
0.0526315793395042
-0.600000023841858
0.541666686534882
0.0526315793395042
~
-0.40625
0.608333349227905
0.0526315793395042
-0.600000023841858
0.541666686534882
0.0526315793395042
~
-0.412499994039536
0.600000023841858
0.0526315793395042
-0.387499988079071
0.141666665673256
0.0526315793395042
-0.600000023841858
0.541666686534882
0.0526315793395042
~
-0.412499994039536
0.600000023841858
0.0526315793395042
-0.387499988079071
0.141666665673256
0.0526315793395042
-0.600000023841858
0.541666686534882
0.0526315793395042
~
-0.412499994039536
0.600000023841858
0.0526315793395042
-0.387499988079071
0.141666665673256
0.0526315793395042
-0.600000023841858
0.541666686534882
0.0526315793395042
~
-0.412499994039536
0.600000023841858
0.0526315793395042
-0.387499988079071
0.141666665673256
0.0526315793395042
-0.600000023841858
0.541666686534882
0.0526315793395042
~
-0.412499994039536
0.600000023841858
0.0526315793395042
-0.387499988079071
0.141666665673256
0.0526315793395042
-0.600000023841858
0.541666686534882
0.0526315793395042
~
-0.40625
0.600000023841858
0.0526315793395042
-0.606249988079071
0.550000011920929
0.0526315793395042
~
-0.40625
0.600000023841858
0.0526315793395042
-0.606249988079071
0.550000011920929
0.0526315793395042
~
-0.40625
0.600000023841858
0.0526315793395042
-0.606249988079071
0.550000011920929
0.0526315793395042
~
-0.40625
0.600000023841858
0.0526315793395042
-0.606249988079071
0.550000011920929
0.0526315793395042
~
-0.40625
0.600000023841858
0.0526315793395042
-0.606249988079071
0.550000011920929
0.0526315793395042
~
-0.412499994039536
0.616666674613953
0.0526315793395042
-0.400000005960464
0.141666665673256
0.0526315793395042
-0.550000011920929
0.25
0.0526315793395042
-0.606249988079071
0.550000011920929
0.0526315793395042
~
-0.412499994039536
0.616666674613953
0.0526315793395042
-0.400000005960464
0.141666665673256
0.0526315793395042
-0.550000011920929
0.25
0.0526315793395042
-0.606249988079071
0.550000011920929
0.0526315793395042
~
-0.412499994039536
0.616666674613953
0.0526315793395042
-0.400000005960464
0.141666665673256
0.0526315793395042
-0.550000011920929
0.25
0.0526315793395042
-0.606249988079071
0.550000011920929
0.0526315793395042
~
-0.412499994039536
0.616666674613953
0.0526315793395042
-0.400000005960464
0.141666665673256
0.0526315793395042
-0.550000011920929
0.25
0.0526315793395042
-0.606249988079071
0.550000011920929
0.0526315793395042
~
-0.412499994039536
0.616666674613953
0.0526315793395042
-0.400000005960464
0.141666665673256
0.0526315793395042
-0.550000011920929
0.25
0.0526315793395042
-0.606249988079071
0.550000011920929
0.0526315793395042
~
-0.412499994039536
0.616666674613953
0.0526315793395042
-0.40625
0.150000005960464
0.0526315793395042
-0.606249988079071
0.541666686534882
0.0526315793395042
~
-0.412499994039536
0.616666674613953
0.0526315793395042
-0.40625
0.150000005960464
0.0526315793395042
-0.606249988079071
0.541666686534882
0.0526315793395042
~
-0.412499994039536
0.616666674613953
0.0526315793395042
-0.40625
0.150000005960464
0.0526315793395042
-0.606249988079071
0.541666686534882
0.0526315793395042
~
-0.412499994039536
0.616666674613953
0.0526315793395042
-0.40625
0.150000005960464
0.0526315793395042
-0.606249988079071
0.541666686534882
0.0526315793395042
~
-0.412499994039536
0.616666674613953
0.0526315793395042
-0.40625
0.150000005960464
0.0526315793395042
-0.606249988079071
0.541666686534882
0.0526315793395042
~
-0.412499994039536
0.616666674613953
0.0526315793395042
-0.600000023841858
0.541666686534882
0.0526315793395042
~
-0.412499994039536
0.616666674613953
0.0526315793395042
-0.600000023841858
0.541666686534882
0.0526315793395042
~
-0.412499994039536
0.616666674613953
0.0526315793395042
-0.600000023841858
0.541666686534882
0.0526315793395042
~
-0.412499994039536
0.616666674613953
0.0526315793395042
-0.600000023841858
0.541666686534882
0.0526315793395042
~