@HelloLeft
-0.740276073901254
0.104232592178211
-1.13045080512277
-0.646927466133157
0.284696232474406
-1.29952041427591
-0.908803167685808
-0.240397648733242
-0.847127965725446
0.783536179189221
-0.810335017084976
-0.223529912001318
0.823029203456649
-1.3674930066591
-0.740001780823913
0.836193544879125
-1.55321233651714
-0.898453095966333
~
-0.753084674045405
0.0948607991255534
-1.08179343025231
-0.637854150309341
0.276037320185824
-1.22124465942011
-0.886979456733012
-0.253201482596254
-0.824987339807132
0.771490867281695
-0.725718073949228
-0.186170697921837
0.849696224135607
-1.25873690667604
-0.648973536181098
0.875764658078687
-1.4364098142352
-0.790130750303206
~
-0.770961231923269
0.0863966760977165
-1.0594471442471
-0.652515957430897
0.29513788364461
-1.20600372451431
-0.873624061499153
-0.239469088606552
-0.820953953803089
0.768716559301027
-0.704656860971747
-0.18018043122901
0.843016749938087
-1.23005156856991
-0.634924097820918
0.867783462102676
-1.4051831377693
-0.773603262169484
~
-0.789150781455322
0.0834022758056766
-1.0490986010968
-0.698611011125562
0.286118947858921
-1.176957456117
-0.870817352897222
-0.263998723443892
-0.79698300360417
0.771109013893974
-0.692223686587642
-0.175154605684686
0.841645524559591
-1.21522694958418
-0.626420886972494
0.865157712715269
-1.38956140645063
-0.764022317996387
~
-0.808442904238255
0.0722027770868884
-1.04367711115423
-0.728310834591142
0.281916730393812
-1.170998040045
-0.868002411934427
-0.272298733670827
-0.787352380602159
0.773135070987654
-0.685225194274719
-0.172793669725427
0.842464560256065
-1.20699956432079
-0.622046272124041
0.865574407886201
-1.38092433646214
-0.759017873642541
~
-0.82512193600551
0.0576619271817187
-1.04121496955153
-0.751016889465477
0.276666059353222
-1.1713962331858
-0.869586798275258
-0.279423839930037
-0.78259238893291
0.77418558782356
-0.682672486345519
-0.171476998661205
0.841498298856452
-1.20510369695329
-0.620494367799149
0.863935887079363
-1.37924746957978
-0.757382256868221
~
-0.828184600591545
0.0571402941828227
-1.04013355004976
-0.757085932415975
0.276866933681695
-1.16866643269413
-0.868441644873113
-0.279983732437129
-0.779433537135805
0.775099024588396
-0.677415289497757
-0.16920287549593
0.840321578820597
-1.2002093048967
-0.61747149475063
0.862062412361731
-1.37447392308755
-0.754113029725676
~
-0.822448837238768
0.0567862968780472
-1.03864429645541
-0.752199205323609
0.275821290178596
-1.16685799192818
-0.863843382686939
-0.27947536271974
-0.778608108035572
0.775356885666638
-0.675141494397246
-0.168735451797313
0.840019266193451
-1.19639322205922
-0.616173079329939
0.861573393035723
-1.37014381577093
-0.752567314643977
~
-0.810281753892604
0.0583768506697141
-1.03945850340208
-0.739807513974963
0.272655527079845
-1.17132673694712
-0.862897145483781
-0.279319917966293
-0.781236899942426
0.775549121779079
-0.675277936618406
-0.16841538503088
0.839953566785714
-1.19671557855539
-0.616027213945888
0.861421715121259
-1.37052814369856
-0.752472052526677
~
-0.776628987682995
0.0722330006584112
-1.04591569237496
-0.679270525618738
0.29668774269776
-1.19030242096686
-0.860319317939119
-0.246140847871619
-0.811046083151478
0.775273152577534
-0.676983867957101
-0.169463819859462
0.840570980167378
-1.19829286286611
-0.617232121770467
0.862336940530457
-1.37206252783577
-0.753725335987588
~
-0.747891198914921
0.0873127243941891
-1.06181313050328
-0.510491917462831
0.360872578759081
-1.23664466305251
-0.841111434468296
-0.136652026242163
-0.893156556103236
0.774910761550173
-0.686742177161804
-0.170907517830888
0.839956605899954
-1.21181874075251
-0.621637016482711
0.861638554016548
-1.38684429785994
-0.759028596389029
~
-0.724788808859932
0.104352810350131
-1.084413043294
-0.641357945442814
0.33178985175623
-1.30478659024497
-0.81908193263639
-0.179780902898713
-0.848866027731731
0.79030525689848
-0.735370236393174
-0.191046706204716
0.833636911507624
-1.31136001767301
-0.715713253954637
0.84808081467044
-1.50335657484675
-0.877508852850652
~
-0.720331331650694
0.146689412761995
-1.13069533437504
-0.604793732257356
0.395220425291022
-1.33956426148429
-0.838864028022963
-0.144828325256372
-0.910337724634091
0.802996336828023
-0.769010682304645
-0.197249727314603
0.8422448417391
-1.3510627336113
-0.729197576659563
0.855327657826767
-1.54508012181224
-0.892998202307056
~
-0.734067388327818
0.150180892222038
-1.15971287146759
-0.580370619617992
0.411435011685962
-1.36533247266995
-0.850700195350538
-0.137411413541945
-0.942965861532067
0.806733645346768
-0.762401425490146
-0.170467594856214
0.848871339558204
-1.38495227320557
-0.746400087849562
0.862917218332375
-1.59246924174036
-0.9245648254318
~
-0.729273265794207
0.157129173425468
-1.17355892079089
-0.552534251836747
0.408514719760852
-1.36171982249825
-0.860330234094801
-0.141624517635252
-0.953332325937284
0.808495352956064
-0.758840733965104
-0.158267593383373
0.850240317169332
-1.41054083596049
-0.745570295609992
0.864155305240422
-1.6277741642473
-0.927363272779632
~
-0.767140276852885
0.172766080053255
-1.23300861780197
-0.577881698313601
0.428568822346279
-1.42400038426691
-0.91290546145041
-0.147866911828663
-0.997636524908231
0.837134119733197
-0.790125548283955
-0.155362869364082
0.882382120319589
-1.4827467377749
-0.775708474286628
0.89746478718172
-1.7136204058798
-0.967762658593242
~
-0.763089223048834
0.175668900455762
-1.23546027015386
-0.573201514550114
0.425294381625084
-1.42455017019921
-0.912728512758411
-0.148539888210707
-0.996974997561882
0.837373649650803
-0.812040032656027
-0.168603787489746
0.880626104040612
-1.48490342339878
-0.779032420123406
0.89504360942768
-1.70919115854163
-0.967768493617632
~
-0.75697089455786
0.174773076439831
-1.22923095339002
-0.570872543131392
0.423305776751469
-1.41627731503417
-0.906086661094661
-0.148466682675141
-0.992205203432405
0.832845676866749
-0.825223925387959
-0.182355463004734
0.880991513150685
-1.43078786507934
-0.689723855119266
0.89704012524533
-1.63264255255237
-0.84420196361232
~
-0.750700700690843
0.17435788337002
-1.21968254865197
-0.555174814641849
0.423830780835373
-1.40135736293267
-0.899202844246475
-0.142150363747301
-0.989598832971764
0.826105214473367
-0.792174726402336
-0.160124016573785
0.904457477618052
-1.38583135870996
-0.668114895205843
0.930574878380274
-1.5837169230985
-0.822919434190459
~
-0.741140765122658
0.17431038198745
-1.20654557181365
-0.615888095422541
0.337184445282736
-1.32318056238817
-0.939082189564355
-0.235801745435671
-0.922015698679285
0.825201767074783
-0.78924692935026
-0.167952865869163
0.868062259425732
-1.44418176119069
-0.765324586930177
0.882349070159828
-1.66249337180416
-0.95009140953067
~
-0.737444621942776
0.156211055365198
-1.12835976305644
-0.53561392105046
0.366084824863515
-1.28969879563774
-0.880781015984982
-0.142978628476538
-0.911615272071539
0.797687646107986
-0.759205640133294
-0.184348767470369
0.867476386122976
-1.34735711304917
-0.740943211567014
0.890739318241696
-1.54340760402113
-0.913026055033396
~
-0.866279030304479
0.082279484531987
-1.0767208101426
-0.816138842555862
0.290835144834382
-1.20634432928479
-0.888303118465746
-0.273654792690916
-0.791256452578164
0.784715320902306
-0.707644328567079
-0.168213359250226
0.872945900316331
-1.22670269425349
-0.640939557742608
0.902356075199644
-1.3997221494823
-0.785439192559609
~
-0.882467435276708
0.0557467499740093
-1.06473950982928
-0.853964688918996
0.275091769671336
-1.18681311310764
-0.880304777319794
-0.285731262386671
-0.777837940710374
0.781397131870131
-0.707718998384955
-0.18891169640791
0.835204029434746
-1.27632225252429
-0.730308826861219
0.853139643954387
-1.46585663456694
-0.897876825517398
~
-0.849719645879581
0.0789894370358859
-1.06251546894982
-0.805073979978919
0.288223819208214
-1.2142409682586
-0.868576521425148
-0.253210765059904
-0.783047102362262
0.779789166059694
-0.714346074932351
-0.189860255763387
0.832751899731496
-1.27321332388038
-0.728560894643259
0.850406126306303
-1.45950237089814
-0.895240176462376
~
-0.723733138984015
0.221261055402611
-1.11103396968928
-0.587798753463619
0.405986815018642
-1.28649321360631
-0.847584563762618
-0.108746611736125
-0.88849447859593
0.777015570165434
-0.709075190034855
-0.167586211164632
0.824671928825925
-1.30377468244908
-0.727095998199318
0.840557399892928
-1.50200786476732
-0.900569530962716
~
-0.435015059559904
0.876156265505915
-1.36549049680595
-0.543784975869601
0.591689290720095
-1.3263109588267
-0.869147050808787
-0.0614337190236938
-1.02897512816608
0.907506265661185
-0.766615479375426
-0.13356714798227
0.980814532591504
-1.37915663425889
-0.642554097432212
1.00525064224044
-1.58333699854788
-0.79740456072413
~
-0.445592432853577
0.911318674164118
-1.39241394126991
-0.606654042601008
0.534414651647825
-1.35850485221478
-0.910381531309367
-0.193749736405993
-1.05389608700447
0.999120298050542
-0.785026316959886
-0.110678360479027
1.06842710449364
-1.44770506777343
-0.652891157786804
1.09152939551871
-1.6685980291327
-0.817719315051555
~
-0.440984992255579
0.883091395474684
-1.3819952647199
-0.6093816106464
0.507030788150529
-1.3483875386371
-0.909435227264801
-0.210060992683417
-1.04753710901109
0.975975581678227
-0.786470820577249
-0.118703730433747
1.0418191022998
-1.43892152375834
-0.654252430434251
1.06376692061773
-1.65640511337463
-0.81709174762169
~
-0.493431837314017
0.789974864775565
-1.36763992259254
-0.648678289640128
0.410643982291147
-1.30811047831843
-0.953708742551259
-0.323033335694455
-0.935690578607803
0.949158745198975
-0.783052054584708
-0.124823036833897
1.01215944401991
-1.42487010719747
-0.651995045838694
1.03315965542585
-1.6388095226715
-0.812297337903408
~
-0.52583314696673
0.756872845123358
-1.37317169451721
-0.697997208520269
0.32074978651034
-1.31864312760166
-0.97493614693431
-0.349886291753482
-0.913148913271081
0.955187168552415
-0.788992277271654
-0.125052929027243
1.0167940191617
-1.43470100694501
-0.65591081425292
1.03732963603147
-1.64993720683028
-0.817345765217954
~
-0.556982448541634
0.687219942998425
-1.32873010013298
-0.707465153877674
0.266755139265607
-1.25340841514539
-0.978286925219168
-0.371435526416398
-0.853287646216691
0.906746052072875
-0.765752472948142
-0.129632589431417
0.985340278057359
-1.37997351354614
-0.647127886491161
1.01153837424022
-1.58471381870274
-0.804691848259262
~
-0.546995454953985
0.744479735817204
-1.30964402192596
-0.576399607163918
0.451412955615802
-1.31286550498737
-0.91946077491651
-0.161939094225785
-0.971726307413213
0.891871326543637
-0.822575624136138
-0.18795514111408
0.930305153855891
-1.46967078186716
-0.785396736995567
0.943116450052491
-1.68536920862919
-0.969917639414271
~
-0.542326703328473
0.735590668472248
-1.29347013010853
-0.648545409119195
0.369464056813226
-1.26189232902255
-0.926194566274853
-0.259302763254711
-0.917152429592827
0.876406638706544
-0.781447520698814
-0.166136724439992
0.971297237813356
-1.36600041646439
-0.670469227257017
1.00292741742413
-1.56085142190256
-0.824193989278936
~
----
@HelloRight
-0.775268091286138
-1.56133269482911
-0.97895167550693
-0.768876566678638
-1.37477134168175
-0.846328025223695
-0.74970204995289
-0.815087453529913
-0.407365455539024
1.02013693301511
-0.416966647293649
-0.377507508457967
0.960100383494007
0.256856160276055
-0.538070883343532
0.975510682653527
0.665229944454628
-0.499093443040004
~
-0.768297234712608
-1.55519166562906
-0.977265417471545
-0.763400148262505
-1.36990105235826
-0.84404964184718
-0.748708832002416
-0.814029098726318
-0.403444119663392
1.02168290213044
-0.413765552770344
-0.377144517490082
0.963964663197105
0.258064513759087
-0.537435689389882
0.979029364514708
0.664498616281305
-0.498800778881501
~
-0.762679630303868
-1.55024999154784
-0.975374776398703
-0.759068250521154
-1.36580269752039
-0.841879977403546
-0.748234054404594
-0.812460872206456
-0.400538213447273
1.02245027221287
-0.410460502959172
-0.377437553987074
0.965103495931121
0.259829716545672
-0.53710032369148
0.979694001605691
0.671498372107305
-0.499295281106948
~
-0.764352969657839
-1.55074252907099
-0.975894559452008
-0.761383863139632
-1.36634178429634
-0.84165714734704
-0.752476486725181
-0.813139663692064
-0.398019935837894
1.03177764969747
-0.402694121128958
-0.384827545897099
0.963364700231466
0.26877479356515
-0.53861700602721
0.97409233033176
0.686798102315932
-0.500934405686357
~
-0.76818119296257
-1.5524972710343
-0.974990211236083
-0.765722616110245
-1.36766759530479
-0.839765230535732
-0.758346942637875
-0.813178568116243
-0.393003301485319
1.03900522977977
-0.391151798000339
-0.390439974382837
0.957972605473231
0.282080457312747
-0.542327494603001
0.958162697207849
0.714248878351218
-0.502160026470825
~
-0.766921345674218
-1.53883295556888
-0.963272072265133
-0.765354570014213
-1.35474108450667
-0.828135480175649
-0.760654186114353
-0.802465528239882
-0.381756393060972
1.04819878661309
-0.249485190449369
-0.44382634589547
0.904459329114424
0.417558077448999
-0.546277058376439
0.887660290590279
0.684094815307202
-0.532926394836312
~
-0.843908227235116
-1.52114983782287
-0.900710541753183
-0.83089964631872
-1.33632252111056
-0.772756087078239
-0.791873903569534
-0.781840627097373
-0.34849845945263
1.03644817815294
-0.230870618901421
-0.459973642206321
0.838457042307564
0.413799683991018
-0.539407118249707
0.807273242820744
0.67535261937927
-0.526994795762089
~
-0.832621024840325
-1.36134241222689
-0.802807696744031
-0.82799195605715
-1.17638416968638
-0.67281338898186
-0.814104806077192
-0.621509442064837
-0.242262867189198
1.02145794449765
-0.164075174905185
-0.445128368068287
0.787240818243184
0.471378382109437
-0.524511598960503
0.745724407197357
0.810903356452804
-0.498704258646473
~
-0.827362375051417
-1.37237343711816
-0.81039718728393
-0.825658287493586
-1.18836879740513
-0.679636347018304
-0.820546081114484
-0.636354821971647
-0.24684460649743
0.982295914902706
-0.157802608197997
-0.470767037045999
0.730144661194199
0.484471713407964
-0.578424658596222
0.673492742925523
0.739873686816084
-0.538925135097563
~
-0.839153207189096
-1.39737152517273
-0.819717528843483
-0.835561397174145
-1.21119405057718
-0.688522193201038
-0.824785967129293
-0.652661513143605
-0.254048534840103
0.965759396105984
-0.154426692321015
-0.484600347509312
0.705314302785055
0.473079905265345
-0.598894799286437
0.629423522327727
0.726995388006887
-0.565651265088261
~
-0.855703086623154
-1.43449993313704
-0.83345286671713
-0.849090435713026
-1.24415940557938
-0.701041712607581
-0.829252425099807
-0.673137880789221
-0.262162013092703
0.957109994411743
-0.118445668293086
-0.519976793696879
0.673768015044152
0.512923386699353
-0.634725347805376
0.597101736165354
0.771990404569944
-0.602173661756196
~
-0.864355655475206
-1.44964956396019
-0.8370837514545
-0.856044320201327
-1.25756919203519
-0.704558195545848
-0.831110314379689
-0.681328076260167
-0.265047148265361
0.958711011280624
-0.116298246024214
-0.522078362451636
0.671276381029328
0.517101019167413
-0.647256192508731
0.589132524753242
0.776808417796695
-0.616740106650983
~
-0.857265107467467
-1.44097483203034
-0.833598859255987
-0.852999535425441
-1.25009067222905
-0.700061362055888
-0.840202761121102
-0.677438076468652
-0.257595195564754
0.955760673485295
-0.110733728097438
-0.522517594245493
0.671806536087938
0.522273448257087
-0.649559837486046
0.586620643938307
0.780282873052181
-0.617142676803211
~
-0.852602190139167
-1.42492703812509
-0.824969062610139
-0.849378285133769
-1.23592310585317
-0.692411638536303
-0.839706512450015
-0.668911193702307
-0.253256782886069
0.958876383371975
-0.125833381038857
-0.505539445329401
0.700797323688457
0.510005904264075
-0.641060059364732
0.624964307789822
0.741604769551498
-0.593851548455531
~
-0.869494084587748
-1.53174532738477
-0.891865714537466
-0.864473076681523
-1.34274891741225
-0.757777918109862
-0.849410052962848
-0.775759803304843
-0.313862705655333
0.996844218931596
-0.208260429580207
-0.530528250269126
0.781573955268414
0.450579700605007
-0.627925531287646
0.688714695834362
0.713408685255797
-0.613744807363313
~
-0.799886291534678
-1.53477527685389
-0.943340448396111
-0.804153487037644
-1.35204214649217
-0.805677244509022
-0.816955130714602
-0.803842698238932
-0.351567333302754
1.02046004700697
-0.21113482819643
-0.501388811519503
0.811822067774797
0.437957727924991
-0.622483796928135
0.786637136284
0.756453395682815
-0.588999778166386
~
-0.772447052551682
-1.51727832821122
-0.934081121017318
-0.772147039876546
-1.3365114525298
-0.801585937606105
-0.771247057844546
-0.794210937472346
-0.363822985817911
1.0279116529814
-0.215411959910775
-0.465305884757315
0.898186071464598
0.434075334485119
-0.621440812716902
0.881986114921563
0.765710566236386
-0.582858667555107
~
-0.942616231623041
-1.3725710929493
-0.807144676668429
-0.902021350504772
-1.19599673928316
-0.680175117218214
-0.780236762424486
-0.666273567735688
-0.259504821185845
1.05136144914227
-0.300003766459865
-0.411514181820969
0.981316357362117
0.3417114480969
-0.605628578821452
0.978306880674479
0.778885915262443
-0.590770565899586
~
-0.93201786307986
-1.36004561006749
-0.797759987182022
-0.890683198188879
-1.18426554161006
-0.672788366200886
-0.766679258388698
-0.656925226492249
-0.25839979326136
1.05802257357582
-0.255422616615263
-0.421536518579219
1.03944572879411
0.382011667167697
-0.626414076982073
1.05359039073782
0.751764731575767
-0.607776872160728
~
-0.900751369680649
-1.35185099622101
-0.792395305182323
-0.862777485380383
-1.17670719233817
-0.669652873354181
-0.748855778195197
-0.651275780689639
-0.262373171330066
1.06085530361744
-0.237235338013994
-0.426733272781561
1.07965159899363
0.390675988741277
-0.639053197584835
1.10758308847788
0.710837660599882
-0.624357110673932
~
-0.895074444999493
-1.34792839684831
-0.790054474093832
-0.856524616081231
-1.17354191028034
-0.668396517537798
-0.740875183338073
-0.650382558599682
-0.264564304519151
1.06038557337445
-0.237219593394137
-0.427629305236391
1.10208881731622
0.384686683419902
-0.644728405093213
1.13697028432768
0.686120055939782
-0.632776711540124
~
-0.894294169844812
-1.34636665762274
-0.788050393642129
-0.854827379532047
-1.17214303037352
-0.667427437824542
-0.736426954711602
-0.649472202508016
-0.266790577685615
1.05976119307761
-0.238393358526746
-0.428557298026208
1.11250589264586
0.377664452243288
-0.656649283237165
1.14643160411473
0.673849575724926
-0.635498598901106
~
-0.884215532233355
-1.34062963828945
-0.782540166349037
-0.844338525276351
-1.16659734155527
-0.664581652287852
-0.724707557903302
-0.644500344356813
-0.272212613962278
1.05224471557009
-0.261253136665851
-0.454334658633464
1.10881014452087
0.360834441824646
-0.640923355211569
1.13815399108764
0.665165413698453
-0.632746298599333
~
-0.672612754600461
-1.34100371172014
-0.797826932120157
-0.685226616404472
-1.16675521797733
-0.676122115011962
-0.723068255052351
-0.644009736748911
-0.272699998416078
1.04471845704989
-0.250792133896424
-0.449231351841928
1.08870457740611
0.366957617829718
-0.643916555713084
1.12554186852402
0.661315982640329
-0.630427869200071
~
-0.785275805130826
-1.34018276432157
-0.794490890259294
-0.768701501969518
-1.16550212611836
-0.674269976020552
-0.718978592485597
-0.641460051946594
-0.275332321349891
1.03534305933927
-0.25288970711498
-0.461038808882723
1.07323874530592
0.368831354595693
-0.637867046936546
1.09072228665253
0.681428107545324
-0.624481273753055
~
-1.10689891221848
-1.37069483789493
-0.648724033639819
-0.963423441332398
-1.2155701594884
-0.617304309114514
-0.532997082067284
-0.750196177661944
-0.484620231633689
1.03019048943151
-0.294100347690543
-0.428765031853557
1.00513031449116
0.325886806304206
-0.627541695345666
0.992127163840314
0.736839541094494
-0.615647626905746
~
-0.915770863677879
-1.5267678532329
-0.883652631299195
-0.883605870669072
-1.3426508925472
-0.760510189883406
-0.787110835708884
-0.790300066423856
-0.350829346357552
1.01290874543472
-0.197963587837409
-0.493674345715392
0.813975600787281
0.427536972723462
-0.675539636632877
0.756361973840571
0.739719105754527
-0.63888198743734
~
-0.888078571533529
-1.37906920498931
-0.803154906565407
-0.871779187007292
-1.19376461301598
-0.673377787480307
-0.822881033428581
-0.637850723709356
-0.243249921325628
1.00384002617506
-0.11854372155595
-0.477298064209844
0.783819963570224
0.51108815822029
-0.652872722826662
0.693431545006251
0.797522057292949
-0.614550083385779
~
-0.876835173217542
-1.38718581373989
-0.807674738167736
-0.864403814588066
-1.20252254647123
-0.677402406731515
-0.827109795286835
-0.648532744665256
-0.24586979159721
0.978164426002931
-0.122632106542959
-0.484194246190737
0.750626736298533
0.501651968002511
-0.664657611611387
0.649258806163196
0.758033284356961
-0.62495920226001
~
-0.869329634976345
-1.39162013025311
-0.807629014947236
-0.859881615406061
-1.20690372965373
-0.676924746321347
-0.831537556695207
-0.652754641134424
-0.244063738204673
0.96574548243157
-0.126156617140974
-0.49012752716809
0.728586711038437
0.494913531439747
-0.671106066706849
0.626026394096594
0.735438949216537
-0.630240054500176
~
-0.867633733795226
-1.39693074202848
-0.807409071702538
-0.85999763391747
-1.21225747258442
-0.67613637611187
-0.837089391003779
-0.658237550813066
-0.241519217258306
0.949896716475434
-0.101832273068011
-0.509037780915718
0.70467495869599
0.519225523056504
-0.679099406793327
0.613954321430799
0.725980007267891
-0.632708465094166
~
-0.87702044573747
-1.4390956958554
-0.830484572091949
-0.865450938935192
-1.25303924163395
-0.701687746696841
-0.830742361824542
-0.694869765561971
-0.274513389636282
0.951078495591258
-0.111358672778955
-0.501931536638406
0.708195799824462
0.509024758105859
-0.677577736912815
0.61352350221458
0.726858825789237
-0.632770833557957
~
-0.887465778329532
-1.54621865484906
-0.88475349598344
-0.876436949885755
-1.35765785482219
-0.753836633861673
-0.843350522076529
-0.791975512263692
-0.319715918712037
0.969363567132493
-0.185067996628186
-0.535741798731033
0.729630181179229
0.44636084769847
-0.71556763686056
0.63593834735525
0.67916828446864
-0.670843739203077
~
----
@Left_hand_swipe_left
-0.82019468899151
-0.190691648063209
-1.06529230114738
-0.768304153893587
-0.125886204005483
-1.01103883193652
-0.822282378954991
-0.428500932236291
-0.441130318233156
0.760312529653059
-0.647880748732228
-0.264828953022676
0.680968605255095
-1.06176500716643
-0.749796489459038
0.628692570161643
-1.09847055454548
-0.814154477223225
~
-0.806234225103399
-0.202332511205236
-1.09088195926742
-0.83073140169401
-0.15826135848376
-1.21169056134096
-0.714902599064321
-0.371350477140604
-0.597732866809656
0.761369721848962
-0.661029491169162
-0.265563719788125
0.676733551959597
-1.08114536627283
-0.758183268720307
0.625207198202262
-1.11546332416702
-0.820297866710653
~
-0.852445087342928
-0.225111297786678
-1.15698587780309
-0.663599369592757
-0.565346888494216
-1.15538207369095
-0.61261493699082
-0.783468566991719
-0.491418765027206
0.773720214241852
-0.703700056158064
-0.27508548156163
0.684544045367801
-1.14932475789425
-0.797401174766594
0.630502325656974
-1.18198677991024
-0.859291418498943
~
-0.932996276931638
-0.205726057173901
-1.22674305292605
-0.893291229627606
-0.225009722173503
-1.18542546479184
-0.745652694269231
-0.826210456052769
-0.453135916205147
0.784857370042846
-0.730314141437654
-0.265493637348647
0.867849479644619
-1.24439577791472
-0.80287960998782
0.77710241162033
-1.36290453946577
-0.964883511564562
~
-1.02348753609519
-0.192138349199058
-1.41013326126258
-1.0269455585115
-0.220045614621899
-1.35066899463983
-0.825094547661785
-0.869081120815099
-0.497723354449325
0.943380885119686
-0.831848715258254
-0.276011249819923
1.05739632378605
-1.44360311806272
-0.913193762358649
0.944060602788301
-1.5630642861347
-1.08560651244158
~
-1.15421712134445
-0.122145403908716
-1.57784230831641
-0.495787208324439
-0.5758959233512
-1.17776565930739
-1.03962193291801
-1.10434365793281
-0.448692873605427
1.12437014597038
-0.893190465548861
-0.232835033485027
1.26585663868873
-1.61597360087037
-0.985926078655623
1.1295255217911
-1.74973998829007
-1.18263768318436
~
-1.01210965309157
-0.203350041030671
-0.366958524563953
-0.927085902084293
-0.490814805430733
-0.524602659451828
-0.672014561806968
-1.35320909863092
-0.934251104335615
1.14528857169255
-0.857938766393364
-0.200380824147421
1.29597172579066
-1.58581825952434
-0.956437730899359
1.15638101241958
-1.71424890916788
-1.14883363114599
~
-1.54975821105863
-0.0571843483368672
-0.533034620288501
-1.43364514797644
-0.467627444269157
-0.69714700457898
-1.08530589985726
-1.69895661432078
-1.10408635517529
1.44931945422367
-1.21357914755074
-0.265656827874016
1.66895084222194
-2.19793813152026
-1.27987388724729
1.47688926848351
-2.36448996185271
-1.53423564899938
~
-0.69587264186845
0.133201488382519
-0.419339544095059
-0.799711663786586
-0.194830148499613
-0.50668951110234
-1.11122872954099
-1.17892505914601
-0.702409320457268
1.10783671890516
-0.73939075551194
-0.0678822824650343
1.28153255777639
-1.50413628523252
-0.854733635766431
1.13150259849789
-1.63171023600409
-1.05077171191239
~
-1.28950629316535
0.457299290480203
-1.34952019647428
-1.21803943096783
0.0835151993126257
-1.12343853090558
-1.1574303209415
-0.760268378739609
-0.592285720049041
1.02578589158323
-0.752546519623749
-0.0918576926683226
0.844890323634249
-1.20998476365319
-0.986052304521917
0.78459180098459
-1.36246412289239
-1.26401428591565
~
-1.2986751734685
0.550271896344932
-1.31971512239742
-1.1935849955886
0.495821624564031
-1.31973450059548
-1.31568812646889
-0.47332294167041
-0.343095076292522
1.161829879213
-0.746436375412345
0.0191548388308225
0.444980442571898
-0.876225086626278
-0.711763594563125
0.532811870307569
-1.06245823918737
-0.802412765282655
~
-1.39097182517805
1.03222757130943
-0.934255225975093
-1.25943993973438
0.97050494706637
-0.957431125177788
-1.38597543434173
0.244539922489194
-0.193457986309592
0.0791375364723545
0.506598290997099
0.100986299963891
0.100837487484294
-0.110693045671571
-0.388751669307288
0.00990129390822009
-0.223246532982335
-0.562201893634756
~
-0.235833047501391
0.554804209766092
-0.815517730249084
-0.346608147942795
0.523341127529529
-0.725082487285849
-0.678933430389112
0.42895189025879
-0.426404714556992
0.234160258211379
0.17200399099271
0.0604893111986879
0.24676687976278
-0.17746400725222
-0.232720214507768
0.193989944415187
-0.238137113651589
-0.328167463489906
~
-0.195271330372742
0.494246929681019
-0.758173532938828
-0.314596317695096
0.480275091625082
-0.678752853684944
-0.672571279662159
0.438359577457272
-0.413564044067203
0.241960503719299
0.157204735853198
0.0687654155356291
0.234031718657697
-0.171474416871293
-0.238480893000542
0.18488634841718
-0.210380875798973
-0.311172033669877
~
-0.188905378124517
0.48823341119795
-0.749064262774577
-0.308742683574855
0.475021142262717
-0.671843189797538
-0.66825459992587
0.435384344690139
-0.413409689653145
0.243545438728418
0.150484388318811
0.070335530504067
0.232932375654747
-0.172427890815115
-0.23945936845001
0.184766078919886
-0.205354372031261
-0.305313512721427
~
-0.190457802552883
0.487392456805803
-0.750622039410542
-0.310463570076038
0.474540477186629
-0.673057760524295
-0.670480854139361
0.43598453832911
-0.413536938515087
0.242647402002768
0.151111207242826
0.0724967047426512
0.23409904443897
-0.172233008467855
-0.238268515463907
0.185450391880104
-0.203940101401842
-0.30302550706627
~
-0.19733968383476
0.487233332696648
-0.761243160695283
-0.315457148699079
0.473280924012347
-0.681528072629934
-0.669809543292037
0.431423688723805
-0.41560699248263
0.241552163997874
0.149766502518629
0.0712225857969335
0.235503781155248
-0.173838936194485
-0.237955713931379
0.186424932132997
-0.20633567618259
-0.303688340544095
~
-0.187202544809707
0.470141494209154
-0.763751387551492
-0.307299510667786
0.458765387036104
-0.685492944057466
-0.667590371136957
0.424637074793219
-0.423825345812999
0.240343363093919
0.156673711550248
0.0710746058416425
0.247144128043091
-0.175011294990349
-0.231557579143213
0.195508272690483
-0.217244207102797
-0.308231487891219
~
-0.191310828975806
0.473041245155717
-0.780539871994798
-0.309219517134653
0.456428622768992
-0.700821014198023
-0.662945572366104
0.406590755608814
-0.434864478105799
0.238610197817087
0.157878845500028
0.068306866636259
0.258612726595031
-0.178843270420749
-0.224988805806
0.20579545352931
-0.234123213577279
-0.314036033362015
~
-0.248283183163578
0.442830118096386
-0.743970936744646
-0.365277119351512
0.434279797576795
-0.661877305538984
-0.716258881722133
0.408628836018022
-0.388817819426579
0.239153239869736
0.158799289986782
0.0669002880593171
0.259971138427333
-0.179966039433869
-0.223136854371907
0.207348496883992
-0.239167144016682
-0.315797563347483
~
-0.484437368581931
0.580787100021479
-0.765228659951766
-0.501850853929129
0.449794734151682
-0.800138269041225
-0.736911299698163
0.362685713640541
-0.410902490319957
0.227677413391054
0.155422350878467
0.0590271437043306
0.245907397894605
-0.194387225224461
-0.23494300229374
0.192309392232923
-0.25449374301646
-0.330063506543115
~
-0.251706409941056
0.475415738730336
-1.95701550492866
-0.420058379138861
0.342419121021542
-1.74053173539477
-0.925114208047872
-0.0565707222692898
-1.03407137338371
1.09772426241879
-0.628030601035228
-0.0192307829227725
0.929437522591381
-1.22901483505803
-0.744490107850883
0.876817563886714
-1.24098115912349
-0.787986531299668
~
-0.236480783547953
0.479595098964931
-1.92514808812689
-0.406840905042684
0.340328880868395
-1.71795628976585
-0.917921230512582
-0.077469753914068
-1.03984481533248
1.08792760941773
-0.640953803892984
-0.0479922614196415
0.905289846148449
-1.23569594891984
-0.764104280920901
0.858234708033282
-1.24787605496329
-0.808148295945339
~
-1.05952390829702
-0.0351301586901026
-1.56554899318462
-1.50162995191766
-0.422279983174033
-1.64869605615347
-0.728046988068707
0.139983548930531
-1.22993245475752
1.21393307186034
-0.873195994730142
-0.184915471886596
1.00055010848637
-1.54209332603693
-0.988628973838439
0.950449402496338
-1.55497767916331
-1.037834855042
~
-0.930124274011824
-0.158270585456145
-1.27843269183882
-1.17964021386724
-0.384315383548876
-1.35874043514075
-0.620308596819222
0.0106622028871337
-0.978611385794442
0.831109608627922
-0.756685302497166
-0.265571552160878
0.931591130278306
-1.29628430540999
-0.840545398917976
0.828029125288826
-1.39105840838221
-0.981441441445572
~
-0.874767321213923
-0.21452380451459
-1.22594303723002
-0.866835588741455
-0.184962090696793
-1.27598794960703
-0.88261791110815
-0.443374508360472
-0.577405496405022
0.811422843326435
-0.754434612341929
-0.291257618328414
0.719180154301618
-1.22310099418742
-0.852337155272352
0.668373689437123
-1.22121041453401
-0.874845464122541
~
-0.839869865329637
-0.218954945714689
-1.16840067803345
-0.822809604190457
-0.17894415723192
-1.25352037593753
-0.860333241350377
-0.366111213026921
-0.575446088182306
0.785366414590492
-0.728277745608305
-0.289915612012557
0.700050117955252
-1.17087195512449
-0.819789702347874
0.650914567845399
-1.17193139112743
-0.844175726567667
~
-0.853718931174846
-0.213498806989381
-1.13992155135415
-0.79718488922339
-0.16078694295483
-1.09048412168823
-0.910141226489829
-0.399143836185823
-0.454544947086565
0.778308342372004
-0.714390068805215
-0.287535253487066
0.859060285831294
-1.17216411801978
-0.7841124110864
0.773691855009244
-1.26802714477521
-0.918166210543254
~
-0.877538766663886
-0.207755540564133
-1.12142109593554
-0.830877426593536
-0.176321664034877
-1.02443852503555
-0.881126552244749
-0.442903604791964
-0.402513666528819
0.772771545966858
-0.703935907454221
-0.285876241423027
0.850824129826762
-1.15535551950441
-0.775694902234798
0.767077172209031
-1.25143290499724
-0.909415725090982
~
-0.897362412149018
-0.204809511501081
-1.10766496647929
-0.895007636145203
-0.264314903411246
-1.0386381724135
-0.865140910108684
-0.452923289570405
-0.391881040791035
0.769237883714196
-0.697268592736877
-0.285498430623927
0.845852941122342
-1.14516427957011
-0.770724715367386
0.763137109890887
-1.24173153118896
-0.90468637788435
~
-0.912580881729905
-0.202942182520344
-1.09966489384327
-0.90445926977915
-0.264736312224649
-1.02400645083019
-0.857783726046659
-0.458281214670189
-0.383247967287633
0.76840795821322
-0.693059512339644
-0.285268011226063
0.843908252854501
-1.13898133011406
-0.76815032589325
0.761763216305961
-1.2357602753521
-0.902170211254801
~
-0.919866739703475
-0.198970311258445
-1.0949697580199
-0.909705016229643
-0.260446345233849
-1.01473064878632
-0.850779964259252
-0.462184021776842
-0.380286239204922
0.767473574364392
-0.689942269521445
-0.284950085180291
0.842481930457213
-1.13430235217366
-0.766119765647251
0.760681198626202
-1.23101113292187
-0.899945595627444
~
-0.919027652479377
-0.196836493800198
-1.09096210150174
-0.907921744936951
-0.261549413680096
-1.00300475722433
-0.842433968466429
-0.468368420617389
-0.373853824333928
0.766838134806472
-0.68644011923081
-0.285026937133792
0.841875224285281
-1.12927089105398
-0.763946774547119
0.760528150941493
-1.22666479168327
-0.898371348251044
~
----
@Left_hand_swipe_right
-0.940711465728691
-1.80351348673329
-1.00461599605391
-0.87808062811088
-1.61680253145021
-0.835689669267999
-0.88837279873593
-0.977484999941993
-0.244930173717761
0.507625822148208
-0.876190550317765
-0.745779903117703
0.978262188519756
-0.339138470217276
-1.32261337476791
0.975270870000788
-0.34535220921159
-1.30235057258071
~
-1.15048767342313
-2.11882378027621
-1.13367169557935
-1.0748446998934
-1.89332157173769
-0.929648919156181
-1.0889789274884
-1.13990186089272
-0.227130720936758
0.578914193327631
-1.02650647209919
-0.851121677244321
1.15357575195302
-0.342852422710405
-1.53319700806046
1.14106331007801
-0.342920837950186
-1.51642001623911
~
-1.27892809878194
-1.55327287541275
-0.625442536488956
-1.15444314979101
-1.37006499570345
-0.449345022027306
-1.13177114738419
-0.638899602839546
0.157864981090968
0.699169975447302
-1.11495050171006
-0.710645723649042
1.09076179146925
-0.124453760055698
-1.00821498392052
0.986571919715677
-0.0286573311415832
-1.21163218612832
~
-0.827368343139573
-1.61756104881521
-1.22195391800553
-0.701333618268309
-1.43207231267847
-1.04366397142483
-0.996382186897788
-0.904581640725514
-0.2051262548629
0.66833397318705
-1.19723138710641
-0.816189077749284
0.911195402477494
-0.0277106661362512
-1.25439476701957
0.973206347284709
-0.0107284800012935
-1.20034409305716
~
-0.857326359554829
-1.70532141073146
-1.28168221242534
-0.725579893396666
-1.51142709279049
-1.09531225457225
-1.03298775624129
-0.9601242472876
-0.219704683256137
0.743941045099569
-1.18725834232704
-0.766748586553625
0.978443764912501
0.00376799918606738
-1.32089535984617
1.02219483844603
-0.0250087470893416
-1.2540936177515
~
-1.67881694451245
-2.67513437605573
-1.32776641797848
-1.50186580478817
-2.41471062929782
-1.07744969864068
-1.5006300915817
-1.40307941547878
-0.150473611364371
1.01267854205236
-1.53639181789873
-1.00502799788973
1.5452240381186
-0.241215929987858
-1.80111610077532
1.46757046170406
-0.241846719519629
-1.8285977866908
~
-1.58744498573191
-2.29875253044175
-1.01029616747814
-1.42223235868137
-2.05560458489869
-0.776585343426844
-1.44618920286889
-1.09301756272884
0.0396792549152991
0.707222983469587
-1.40059132421504
-1.05759181658685
1.41162835469441
-0.264006613279298
-1.74879155981829
1.35577759731805
-0.267007663274361
-1.75186096583822
~
-1.28219249435284
-2.22313562896305
-1.17613669645665
-1.14287685952884
-2.01810098230702
-0.979059350849533
-1.14521938808795
-1.16139465359907
-0.203909779600734
0.675977031786543
-1.21231419051325
-0.950968842068141
1.25506477224696
-0.30133200812754
-1.57615054248693
1.20503838189975
-0.302951882209965
-1.57372867821611
~
-0.869555274768769
-1.68071873878034
-0.932397561078433
-0.766574651421121
-1.52915944757414
-0.786720464537341
-0.764122220666618
-0.908588499474778
-0.232040045430898
0.54119663161492
-0.901188139623756
-0.766697047148547
1.01475980598793
-0.26391495274579
-1.23534649123123
0.986689556769618
-0.266667874828963
-1.23243465105918
~
-0.852471803165484
-1.60945924514093
-0.897376905096073
-0.754676490689897
-1.46553149284392
-0.75903515475259
-0.753194336679773
-0.874790031009961
-0.230499221215955
0.539718783989073
-0.714863655345212
-0.62183909795973
0.941517216800595
-0.268570300276526
-1.18641539795265
0.930850929187373
-0.277873932352447
-1.17390799472693
~
-0.832409793498798
-1.38587952064693
-0.701809100709994
-0.782725039436193
-1.23260362645491
-0.558965599653253
-0.75163861368834
-0.697485461990877
-0.112755702873164
0.479907148826615
-0.681721308935409
-0.593412881655347
0.868954106321567
-0.283730757899689
-1.09596174114967
0.860189749160833
-0.281476953289355
-1.10189325803711
~
-0.810889917280872
-1.32670181504612
-0.679887594582966
-0.763437262948281
-1.18011787631463
-0.543451030901149
-0.734118355922505
-0.671085599820151
-0.119449434875806
0.442965228892258
-0.656481998151835
-0.573763791698704
0.837618667419866
-0.281467381687273
-1.05394086393232
0.828129152041431
-0.273166097745222
-1.02077480237949
~
-0.802484401969265
-1.30981220366606
-0.674816006658848
-0.755703920466141
-1.1647780372525
-0.540045427547566
-0.726791953192402
-0.663465615598618
-0.122977031584111
0.440978194083483
-0.655173179025679
-0.569611982235186
0.844655608017506
-0.287281878099221
-1.02642739970192
0.826417071804891
-0.272681954770005
-1.01139834648789
~
-0.814322237676472
-1.26744801615641
-0.649121148947016
-0.768370706982173
-1.15332153985847
-0.535230403033917
-0.721721059947714
-0.657123148418354
-0.125781222791762
0.513283904205356
-0.623882157116901
-0.516411922908786
0.844897864715447
-0.268060699726029
-1.01582827573903
0.842255697611568
-0.268440660592345
-0.999896553128473
~
-0.803941387869178
-1.27133100788913
-0.65706776215209
-0.760450503360487
-1.14769622531156
-0.534867977517499
-0.719141757863128
-0.654111250064958
-0.127091424935393
0.510719522573349
-0.615528349067229
-0.51389782297122
0.849641970527901
-0.26024308978329
-1.00290653914574
0.853167724369202
-0.266956383811214
-0.991037736745803
~
-0.830819830990197
-1.22786746250326
-0.619104856239799
-0.795257347684608
-1.14476850292796
-0.528048755751499
-0.717845680702449
-0.652357515843382
-0.127943797827509
0.510947132199635
-0.615587112458213
-0.5119046778721
0.853233944234853
-0.256024279982135
-0.992020830700205
0.859820614708906
-0.265247508766267
-0.985687489610321
~
-0.803701689156147
-1.25815153665343
-0.64917212262764
-0.76180884948141
-1.14065700162605
-0.533813979191225
-0.715823381219582
-0.650655654404093
-0.129053499979138
0.458847068844979
-0.627726526091553
-0.542095573451453
0.865786909383541
-0.287128668147334
-0.92694971262187
0.863145119434241
-0.263698624121702
-0.981341758720315
~
-0.79807277298351
-1.26467471646795
-0.655709173850893
-0.752335182830897
-1.13886773812894
-0.535212187334243
-0.714956781886774
-0.650026616628491
-0.129939819430506
0.479787618800881
-0.62843819535563
-0.530586184048285
0.864148458871091
-0.264725358506341
-0.95148979206359
0.863703479798487
-0.263432462386062
-0.979727854791831
~
-0.795758849594875
-1.26433204808371
-0.655807012922503
-0.74757860334898
-1.13531064554977
-0.534211736280529
-0.71417325120582
-0.647401949501228
-0.128771193000462
0.496236781835311
-0.621678484770216
-0.517992744001755
0.860759764848522
-0.256200824426684
-0.964625432947534
0.862510385565901
-0.261460459360184
-0.977345933346865
~
-0.7944320548817
-1.266650190212
-0.657723444985554
-0.746766609457483
-1.13511006845542
-0.534422329114299
-0.713875077043976
-0.647404742293925
-0.128955824825223
0.457362065512463
-0.624377233601759
-0.539305470444102
0.852049274250341
-0.252111290523866
-0.981781212795623
0.983611703593757
-0.128022642831234
-1.11647463353252
~
-0.792745454217922
-1.26848430945419
-0.659472439527129
-0.74519380431871
-1.13520207121443
-0.534249521658383
-0.713536945706721
-0.647406147843923
-0.128884006094789
0.451539553103783
-0.62634907627262
-0.543110048649434
0.845076382476897
-0.268041499667844
-0.986893310644158
0.809310261016136
-0.257787265356971
-0.973240766752942
~
-0.79280285591615
-1.27487193501001
-0.66166927908515
-0.745334136066583
-1.13974841716622
-0.534873254780558
-0.714058390008464
-0.649743909496863
-0.127822508151148
0.475597369448769
-0.631529660754151
-0.53473565413253
0.841186418345759
-0.271622637382012
-1.01958640172785
0.804130595683734
-0.258019337514993
-0.991929520860878
~
-0.763375254146843
-1.51082826039963
-0.849096732755336
-0.712667626098049
-1.35885615363418
-0.711614616783577
-0.689528305071182
-0.816578646130022
-0.256545039499733
0.517727379593001
-0.657810974357175
-0.565100878796557
0.894012219266866
-0.269000687817547
-1.08238245519183
0.87570955213484
-0.243941117274477
-1.10000394994477
~
-0.9171270909835
-1.77612411977259
-0.965365654448093
-0.856245956612134
-1.59366229070116
-0.8003007773324
-0.831505366145892
-0.928981201543967
-0.232824648301386
0.580465418919564
-0.762653845164707
-0.650220335659693
1.04367965595689
-0.27859090492936
-1.27439292535786
1.02392483731313
-0.255093188102063
-1.28740805436667
~
-1.19564239822716
-1.84694848114992
-0.844933892849526
-1.13241712464291
-1.63815042280194
-0.649571532798191
-1.07028680886339
-0.884473608019677
-0.0195029785151418
0.760924653980453
-1.1336936060876
-0.813481154137361
1.20387764083511
-0.25552012167385
-1.45509415319753
1.17724387965675
-0.228167515413163
-1.46973662327389
~
-1.33003043421259
-1.94095250597816
-0.84762904897656
-1.20934484886863
-1.75624404927375
-0.669922468094303
-1.16994850521861
-0.932036909964539
0.0137083499740413
0.826811592909201
-1.2437515844904
-0.873506663410692
1.26882810473614
-0.236511447527518
-1.55743859139414
1.05174498067814
-0.057077632030032
-1.70733246284281
~
-1.43340496225946
-2.05685462108817
-0.880540523818819
-1.31537680019227
-1.8482822243251
-0.680095346447666
-1.27219508504919
-0.965781482812306
0.05199892199401
0.671174364489565
-1.34279897827063
-1.01208819929591
1.30547962542896
-0.206157918222604
-1.63861515061467
1.2905879691846
-0.178307984214681
-1.65599206069118
~
-1.46041488679771
-2.07389327366858
-0.873417175605317
-1.34509797437773
-1.85735281082119
-0.665322668280465
-1.30097276086313
-0.956571686992075
0.0820771226498393
0.916812040354863
-1.39464669288875
-0.932341920663332
1.31550905096138
-0.178075086648849
-1.63582367884605
1.312895063411
-0.150423961507751
-1.65809702500473
~
-1.45367489277654
-2.05191420396114
-0.859294410970027
-1.34321754511769
-1.83404597323963
-0.650390998740078
-1.29841868198021
-0.940755101453291
0.0901879570410411
0.740092228060026
-1.39257849285452
-1.01137366068568
1.28647772199799
-0.165275634210603
-1.62183930833125
1.29339451899572
-0.145638426562051
-1.62526392274025
~
-1.45447421427474
-2.05643093036159
-0.859030430314365
-1.34673307215682
-1.83605538280255
-0.648011720140134
-1.3005642498722
-0.940259095709377
0.0941595115331615
0.945728427552101
-1.39693912256115
-0.906272991213892
1.28425417969334
-0.160978662860823
-1.63346537539361
1.29610755626562
-0.150216468310551
-1.62218220441791
~
-1.46761017883103
-2.10690502074922
-0.884474675676274
-1.36022677255661
-1.88128952512153
-0.668970539561183
-1.3118351612021
-0.970629914983304
0.0850993133622151
0.787453024430928
-1.40543886070727
-1.0160015382457
1.33830134432066
-0.187619964344051
-1.65566627311782
1.32864423758492
-0.17387394240778
-1.65551577479973
~
-1.41908656929169
-2.09723707575312
-0.899755244737908
-1.31678646854353
-1.87420669307781
-0.686263733126704
-1.26796364445447
-0.984528093274012
0.0503931353358924
0.734833257929164
-1.33771120267778
-1.00962661270908
1.32042907104791
-0.265494985735516
-1.63853857634726
1.31107725176468
-0.225027814732475
-1.64762752244872
~
-1.11827789559392
-2.05186223696837
-1.06587920003628
-1.04142916512039
-1.83469712495297
-0.865475311911682
-1.01287371802151
-1.07061327577181
-0.196644346233389
0.850043648256919
-1.14837767657415
-0.735594933391537
1.15578799835909
-0.292699964776585
-1.45782117652131
1.14791220378438
-0.271979725740297
-1.45397603691179
~
----
@Alone
-0.3012755348619
-0.925409645680057
-1.11480705738106
-0.440383337399277
-0.859580958722565
-0.941573965401768
-0.857706689008726
-0.662094841847409
-0.380607658175197
0.734220190201045
-0.78201506195151
-0.247406850382171
0.839019518528181
-1.36147345432067
-0.658121997683156
0.822533617413647
-1.56570212593511
-0.831246892483478
~
-0.30264828653897
-0.926377335125772
-1.11967951918814
-0.441876987362898
-0.860762478683338
-0.945427506497299
-0.859563061740358
-0.663917853167387
-0.381268300720663
0.737989677177527
-0.784328273173102
-0.248560601619568
0.843669062956715
-1.36542054632004
-0.660971798031433
0.827076835929613
-1.57037291290467
-0.834852291376858
~
-0.305000475133645
-0.928699241170449
-1.12265723309843
-0.443909947600811
-0.862730596884016
-0.94785691539315
-0.860638336869947
-0.664824664024715
-0.381997413176939
0.738995945447195
-0.785403286449563
-0.249071778468238
0.845276013648
-1.36677097818381
-0.662742630124171
0.82861310320626
-1.57194794501714
-0.8371457188804
~
-0.305826838038379
-0.929058478829672
-1.12589282535947
-0.444842917968442
-0.863288110764398
-0.950595570872814
-0.861891214113795
-0.665977006568575
-0.383180869734422
0.740385924296381
-0.786326677337289
-0.249337799622816
0.847285420135076
-1.3680517023153
-0.664480164029799
0.830466276983546
-1.57342232796883
-0.839531484568897
~
-0.30749751542192
-0.929521594001267
-1.13120684672811
-0.446788709108302
-0.86440617708575
-0.954830167814785
-0.864662233622543
-0.669059869794294
-0.384039880262134
0.743499704206092
-0.789044370920403
-0.250391246158393
0.85146111860423
-1.37242087591567
-0.667248884899034
0.834324506430198
-1.57828052095618
-0.843310495598486
~
-0.30920776215432
-0.931196861908658
-1.13233935076398
-0.448632342994654
-0.866083739249957
-0.955456423752292
-0.866906028861707
-0.670744484581754
-0.383069317145687
0.745461627544712
-0.790658521040944
-0.250399813527213
0.854219934465713
-1.3746090956728
-0.668796495122402
0.837074465932931
-1.58082403939822
-0.845446234470795
~
-0.307405501107582
-0.926390721156122
-1.12951791975688
-0.446038047067073
-0.861442759695042
-0.952933567356363
-0.861935684945546
-0.666598875311802
-0.38157665048514
0.744913633676788
-0.78617690640214
-0.249332430455391
0.854905505069955
-1.36830429682372
-0.665906399586822
0.837071673236263
-1.57324599430692
-0.842843600824053
~
-0.308213527629326
-0.928508617309308
-1.13277036713557
-0.44704729042036
-0.863585878012596
-0.955696847873136
-0.863548550498965
-0.668817603533469
-0.382790348905156
0.746670382758021
-0.78846506675983
-0.250031216308562
0.857484926863405
-1.371330888728
-0.668002488623812
0.839385899890209
-1.5766328078838
-0.84553777405828
~
-0.308503367353561
-0.930550576311224
-1.13612800812036
-0.447551316352935
-0.865617913656088
-0.958403922069855
-0.864695106613557
-0.670819982428182
-0.383437687855779
0.749372282990106
-0.791648442682707
-0.250850778222835
0.861383565782645
-1.37591616564501
-0.669887615117172
0.843187906787119
-1.58149813645402
-0.848365855996253
~
-0.310024799987097
-0.933415088150631
-1.13750521255692
-0.448949999039208
-0.868058610796103
-0.959434780465194
-0.865725567791166
-0.671989235541267
-0.383379977597397
0.749453624298818
-0.793011242576616
-0.251026045366327
0.862787987383241
-1.3785428241346
-0.669479290092116
0.843674229330845
-1.58395939732328
-0.848838371844904
~
-0.309987723874558
-0.932855838297941
-1.13703387024461
-0.448446660663985
-0.867435581669225
-0.958758035414738
-0.863823471032266
-0.671174811783076
-0.382113578100601
0.750038756547345
-0.791980925724722
-0.250689128793896
0.865172048739214
-1.37714299086454
-0.668573389175391
0.844962660292589
-1.58250246557445
-0.848107264369679
~
-0.310029998561822
-0.935049729450373
-1.13601750015977
-0.448777948037908
-0.869253186560286
-0.957909050800783
-0.865021739650872
-0.67186350107473
-0.381744692423614
0.750392308902292
-0.792467486178857
-0.250593629636437
0.865970810741685
-1.37805460437167
-0.668536937160653
0.845393617742334
-1.58348257457089
-0.848367571733494
~
-0.309951958886483
-0.935990828061353
-1.13414799453855
-0.44873631427076
-0.869806701627369
-0.95638332290915
-0.865089408814807
-0.671254322325417
-0.381276542109947
0.749448011210143
-0.792006025248152
-0.250512052252309
0.865101389907966
-1.37735499400767
-0.668045994252906
0.844263770477661
-1.58277520846397
-0.847777609327919
~
-0.310429470918091
-0.937268851778794
-1.13291593146983
-0.448909087685657
-0.870531836775833
-0.955360352341634
-0.864347937988354
-0.670320791766948
-0.380917073177185
0.748129066083374
-0.791130217481522
-0.250637463576752
0.862960598857327
-1.37669456416898
-0.667028024438251
0.841855591688959
-1.58249927749083
-0.846118913434175
~
-0.311036420752563
-0.938677008766651
-1.13264413314205
-0.449439279062905
-0.871572286556694
-0.95513853007567
-0.864647853993931
-0.67025817666819
-0.380844415107029
0.747502751152196
-0.791184807826764
-0.250666104271653
0.862693057204323
-1.37678344834174
-0.667016996376879
0.841282837686089
-1.58275857771538
-0.846067553348441
~
-0.311354386061207
-0.935244725071925
-1.12899605904092
-0.449227219782345
-0.868203005672118
-0.952299778420262
-0.862845692689256
-0.667077790959692
-0.380603800211595
0.742473015824494
-0.788045465019698
-0.250714304694827
0.857700042110357
-1.37110716967713
-0.665533339924553
0.836116537926029
-1.57624362112045
-0.844015657621569
~
-0.312276569816539
-0.939765799950658
-1.12834755677868
-0.449808988469777
-0.871589452024401
-0.951826531500451
-0.862406300940451
-0.667060464756589
-0.380660539009794
0.742473881709926
-0.788574456224317
-0.250785242413102
0.857809303878252
-1.37160972819619
-0.665582017957495
0.835976633552387
-1.57681119588787
-0.844112799016757
~
-0.312953253216748
-0.940545745987763
-1.1289519640255
-0.450535806469808
-0.872369749292323
-0.95223453068476
-0.863283437952606
-0.667841815758767
-0.380450800544022
0.742780045554249
-0.789398984079913
-0.251011930095887
0.858585232277364
-1.37268792157752
-0.666296970981305
0.836547242335812
-1.5781482970793
-0.844979047333703
~
-0.314975367543305
-0.940234839447913
-1.12533338683486
-0.451733305246366
-0.871521904282582
-0.949307050984573
-0.862007118355548
-0.665383098786587
-0.379750633076888
0.737988471348404
-0.786073746402463
-0.251036961752017
0.853686528238051
-1.36707646951546
-0.664985700284873
0.832298203077893
-1.57185027856269
-0.843273563378408
~
-0.314326579661759
-0.939779610438073
-1.12246363397005
-0.45097820446544
-0.870904990004512
-0.946921118396974
-0.860933078876481
-0.664281072450444
-0.378890629712715
0.735876880104633
-0.784665230645976
-0.250834972284106
0.852454427937465
-1.36455387680038
-0.664033641933067
0.830869160010881
-1.56907082378986
-0.842247293276772
~
-0.311989976818162
-0.938088912800367
-1.12113733515545
-0.448877070095133
-0.869418669517928
-0.945778623523626
-0.859538293687735
-0.663407995908926
-0.378311989297265
0.736559891527715
-0.784228196528801
-0.250631670414113
0.853628434217031
-1.36388223579386
-0.663687690134086
0.83206587727224
-1.56832492896871
-0.842045478577793
~
-0.311586987360874
-0.93847168763636
-1.12010885802553
-0.448119353936228
-0.869479796275699
-0.944814250025678
-0.857716453662291
-0.662504178393521
-0.377572090841587
0.737145084408529
-0.782028236194167
-0.248427188542058
0.853792218027024
-1.36090628386048
-0.661882854432057
0.83233327815003
-1.56550998900199
-0.840369611316403
~
-0.311157359001995
-0.934556425089904
-1.12031850740327
-0.447729572538705
-0.866501210824666
-0.944888955871798
-0.857446213148835
-0.662335568028952
-0.377270824042224
0.736923190914287
-0.78121431662661
-0.248378552338698
0.853451059555008
-1.35983390615943
-0.66139564710917
0.831120873261705
-1.56408171770534
-0.840326946581375
~
-0.30944654616134
-0.935193662985541
-1.12071342760115
-0.446541268983554
-0.867198778609659
-0.945168536494204
-0.857825409322148
-0.663214125482014
-0.377138378958803
0.739554453731676
-0.783316498212903
-0.248519846204855
0.856690330113357
-1.36268040223973
-0.662373427381152
0.834185529754369
-1.56743030701416
-0.841617719230042
~
-0.309105440462405
-0.936631404981047
-1.12201831042215
-0.446556670392591
-0.868676167834858
-0.946254690412066
-0.858910332011135
-0.664810456396291
-0.377503640276511
0.741287241921597
-0.784362118073429
-0.248486632523905
0.858560069356496
-1.36475367551382
-0.662807264185633
0.835981495753085
-1.56991591939764
-0.842371626998148
~
-0.308653698349442
-0.939647384505895
-1.12540828584033
-0.446570975659789
-0.871464552098334
-0.948922629787575
-0.860322807590833
-0.666915998317639
-0.377849145399946
0.745911096535066
-0.786854954190818
-0.248348492054914
0.862625736714569
-1.3699590063806
-0.663760301631757
0.840679701076863
-1.57578797699003
-0.844360666157666
~
-0.309542072832898
-0.939308653613411
-1.12674839800465
-0.447409582898619
-0.871347228071239
-0.95003933392258
-0.861012084807776
-0.667462894868711
-0.378283059247989
0.745685957290418
-0.787617785032385
-0.248738927241813
0.862337604198995
-1.37095432077624
-0.664241760826741
0.840543392756532
-1.57694271587468
-0.844944865070262
~
-0.311344476130949
-0.935434915576046
-1.12957775679666
-0.448972020190886
-0.86852479410429
-0.952160167885281
-0.861854624071834
-0.667794429689022
-0.378262790124377
0.746025073823046
-0.788173050926642
-0.248627270271512
0.862516393050402
-1.37167319604156
-0.664457597217826
0.840601807911833
-1.57788137192492
-0.845252259587675
~
-0.315392953931795
-0.925104502943112
-1.13409465194191
-0.452316829023926
-0.860518622364072
-0.955373612708591
-0.863088341142337
-0.666760980626952
-0.377579899418251
0.746330152155099
-0.788193641019013
-0.248322251351155
0.861779810517658
-1.37178426803599
-0.663904448796297
0.840061398861003
-1.57805011030714
-0.844901547697529
~
-0.31709969248387
-0.921310271470657
-1.13725346262957
-0.453754522058685
-0.857614715365695
-0.957897444209599
-0.863719010783128
-0.666528103648708
-0.378183524489194
0.745543309633135
-0.791099395441749
-0.249221367858497
0.861707436632218
-1.37524549646451
-0.664204844879843
0.840556689383418
-1.58159293869666
-0.845683284431707
~
-0.317867033904051
-0.920979560401427
-1.13759149594782
-0.454269146187519
-0.857158619058461
-0.958196377861232
-0.863475483037921
-0.665695851606304
-0.378380725209214
0.745019909394485
-0.79111064741513
-0.249400236804545
0.860903108303611
-1.37518630244238
-0.664095988636608
0.839823745721755
-1.5815425012224
-0.845595082609437
~
-0.31830517524433
-0.918771762386248
-1.13843581832557
-0.454702024049736
-0.855458351391894
-0.95881362859413
-0.863892570465954
-0.665518174992875
-0.378310258834561
0.745184628399931
-0.790741486434152
-0.248931528606712
0.861230687435687
-1.37489356489514
-0.663651354319565
0.840041491933846
-1.58138378104482
-0.845214602985811
~
-0.318371558950296
-0.917702261920729
-1.13743683325193
-0.454841194721021
-0.854409313193124
-0.957994193501351
-0.864250158592174
-0.664530467010308
-0.378047461928125
0.74466459437214
-0.790336416131197
-0.248505679059696
0.86036006022666
-1.37412700910378
-0.663312858218807
0.839057233524313
-1.58087123409439
-0.844618324534951
~
----