@indexfinger
-0.118749998509884
0.716666638851166
0.0526315793395042
~
-0.118749998509884
0.716666638851166
0.0526315793395042
~
-0.106250002980232
0.716666638851166
0.0526315793395042
~
-0.106250002980232
0.716666638851166
0.0526315793395042
~
-0.106250002980232
0.716666638851166
0.0526315793395042
~
-0.106250002980232
0.716666638851166
0.0526315793395042
~
-0.106250002980232
0.716666638851166
0.0526315793395042
~
-0.106250002980232
0.716666638851166
0.0526315793395042
-0.0874999985098839
0.216666668653488
0.0526315793395042
~
-0.106250002980232
0.716666638851166
0.0526315793395042
-0.0874999985098839
0.216666668653488
0.0526315793395042
~
-0.106250002980232
0.716666638851166
0.0526315793395042
-0.0874999985098839
0.216666668653488
0.0526315793395042
~
-0.106250002980232
0.716666638851166
0.0526315793395042
-0.0874999985098839
0.216666668653488
0.0526315793395042
~
-0.106250002980232
0.716666638851166
0.0526315793395042
-0.0874999985098839
0.216666668653488
0.0526315793395042
~
-0.106250002980232
0.716666638851166
0.0526315793395042
~
-0.106250002980232
0.716666638851166
0.0526315793395042
~
-0.106250002980232
0.716666638851166
0.0526315793395042
~
-0.106250002980232
0.716666638851166
0.0526315793395042
~
-0.106250002980232
0.716666638851166
0.0526315793395042
~
-0.106250002980232
0.716666638851166
0.0526315793395042
~
-0.106250002980232
0.716666638851166
0.0526315793395042
~
-0.106250002980232
0.716666638851166
0.0526315793395042
~
-0.106250002980232
0.716666638851166
0.0526315793395042
~
-0.106250002980232
0.716666638851166
0.0526315793395042
~
-0.106250002980232
0.725000023841858
0.0526315793395042
~
-0.106250002980232
0.725000023841858
0.0526315793395042
~
-0.106250002980232
0.725000023841858
0.0526315793395042
~
-0.106250002980232
0.725000023841858
0.0526315793395042
~
-0.106250002980232
0.725000023841858
0.0526315793395042
~
-0.106250002980232
0.725000023841858
0.0526315793395042
-0.131249994039536
0.183333337306976
0.0526315793395042
~
-0.106250002980232
0.725000023841858
0.0526315793395042
-0.131249994039536
0.183333337306976
0.0526315793395042
~
-0.106250002980232
0.725000023841858
0.0526315793395042
-0.131249994039536
0.183333337306976
0.0526315793395042
~
-0.106250002980232
0.725000023841858
0.0526315793395042
-0.131249994039536
0.183333337306976
0.0526315793395042
~
-0.106250002980232
0.725000023841858
0.0526315793395042
-0.131249994039536
0.183333337306976
0.0526315793395042
~
-0.106250002980232
0.725000023841858
0.0526315793395042
-0.125
0.458333343267441
0.0526315793395042
~
-0.106250002980232
0.725000023841858
0.0526315793395042
-0.125
0.458333343267441
0.0526315793395042
~
----