@RockOn
-1.31390279220387
0.525244553301836
-1.48833260141136
-1.25694809486161
0.284002540331501
-1.36504688282953
-0.903441461603767
-1.16878784035804
-1.03620387472023
1.15868508830832
-1.37623140422099
-0.086767287630843
1.43814599256146
-2.03283377825252
-1.11000163900182
1.48401438884568
-2.30172975384463
-1.38889500175207
~
-1.31070977886284
0.525910371242708
-1.48750777733282
-1.25494880209794
0.286113506587805
-1.36536388337487
-0.902963508785191
-1.16479475861756
-1.03410524633028
1.15797545214267
-1.3726685172596
-0.0870523995350278
1.4377082211444
-2.02681956175301
-1.10904652410365
1.48350176597348
-2.29527618654025
-1.38748487430827
~
-1.3097793058416
0.526223776033415
-1.48893077325595
-1.25395709158282
0.282259622565912
-1.36681271129153
-0.912932509984381
-1.17195900878858
-1.03303735050659
1.15863720790802
-1.37252071074373
-0.0862928803957849
1.43862489629917
-2.02717333847054
-1.10947590101623
1.4844288669341
-2.29569108271604
-1.38797764321624
~
-1.30960746709329
0.526169296851975
-1.490286252329
-1.25452336203045
0.287457743021784
-1.36883861396465
-0.898715292646349
-1.16468738168917
-1.03620678523642
1.15929027272367
-1.37348562443401
-0.0860754826671676
1.44068583857021
-2.02863921409628
-1.11194293983264
1.48650358248112
-2.29723847015112
-1.39052743434337
~
-1.30847748423181
0.525313743248818
-1.49038147384411
-1.25554065661621
0.29085509606386
-1.36853044496607
-0.89067271044629
-1.16006822839905
-1.03850889133973
1.15945045472292
-1.37375157887893
-0.086231262281919
1.44102223557771
-2.02893274938333
-1.11260160614478
1.48683386839647
-2.297496505039
-1.39114972390579
~
-1.30826352678756
0.524934790351887
-1.49065881651214
-1.25583491807007
0.290888803589484
-1.36891125963482
-0.89703659772155
-1.16269476665924
-1.03983189263025
1.15983033998414
-1.37452398608115
-0.0864432043250332
1.44144046537823
-2.02926110599863
-1.11334604298218
1.48725821058113
-2.29786047285814
-1.39193176926939
~
-1.30724619529411
0.524597963361281
-1.49138400109974
-1.25417242984884
0.286528244341654
-1.36829054160088
-0.907881818025381
-1.17075402019757
-1.0425148045465
1.15927411043351
-1.37457500954704
-0.0868554747908313
1.44075364288664
-2.02858696990268
-1.11348372059571
1.48655144332693
-2.29706963533558
-1.39194817670358
~
-1.30492991999588
0.523424878514932
-1.48984422144664
-1.25224411907539
0.291228025819657
-1.36971127015311
-0.898662930177279
-1.16389678173516
-1.04661983739993
1.15842899515776
-1.37384008207291
-0.0862390119710099
1.4403752751078
-2.02535371777632
-1.11182314044565
1.48612557308429
-2.29355801029223
-1.38999910376792
~
-1.3035347220057
0.522988330625521
-1.48798565032238
-1.2481360588914
0.293957688357019
-1.37113139651692
-0.892682533007912
-1.1598470102643
-1.0494937260428
1.15711010107434
-1.37313533509675
-0.0860972684474638
1.43843666846098
-2.02265623302028
-1.1113486891766
1.48413341176587
-2.29054624517341
-1.3891986873853
~
-1.30221136440233
0.521491684706816
-1.48749008568404
-1.2466651226629
0.292565514939539
-1.37079052083707
-0.901457751864142
-1.16501412882556
-1.05169553187145
1.15722903448698
-1.37420643070579
-0.0857958198608712
1.43811690791865
-2.022683503254
-1.11253481949966
1.48381686575885
-2.29059225715259
-1.39040358458287
~
-1.30313003076409
0.521589762708877
-1.48590148504635
-1.24820082360776
0.301079514658736
-1.37088507072816
-0.89447647105195
-1.15505591991002
-1.05438212576405
1.15684981823827
-1.37590506792623
-0.0848885831527334
1.43562538216167
-2.02084739932103
-1.11079515325456
1.48130840121878
-2.28865663122087
-1.38856180998932
~
-1.30169845380192
0.520431625442902
-1.48430136288556
-1.24514757698838
0.300933265464462
-1.37122964029823
-0.902097047981799
-1.15651151523386
-1.05382672331284
1.1552073179657
-1.37653701932717
-0.0836642685538565
1.43198265451083
-2.01746697724043
-1.10750809011583
1.47761332888618
-2.28496912618316
-1.38495691689045
~
-1.30253532530499
0.520278872862107
-1.48360168877512
-1.24316887604395
0.300964139793221
-1.37274826377099
-0.90819928096468
-1.15682568970604
-1.05320722745773
1.15261569291622
-1.37796483650555
-0.0826323559378239
1.42782983852684
-2.01322384486627
-1.10543371713201
1.47340594095219
-2.28040694196663
-1.38255139983229
~
-1.29918583990879
0.521360627684065
-1.47266261561513
-1.23822226940701
0.309821054328128
-1.36247872430321
-0.90081309537129
-1.13916060529924
-1.04644530761231
1.14680075486713
-1.37658554250355
-0.0789432429985019
1.4153380911023
-1.99506211729532
-1.09537997232814
1.46064061555978
-2.26064204699761
-1.370834877558
~
-1.29548216985358
0.522073190443346
-1.46020468303128
-1.23383748922501
0.309584953247775
-1.3499219017628
-0.907620583103946
-1.1328332665005
-1.03595867430855
1.13625323335401
-1.36452124978004
-0.0762725088563855
1.40352748478961
-1.9770124107584
-1.08657394413651
1.44853901452456
-2.24088706168609
-1.36026059938777
~
-1.29413978901114
0.521051686835362
-1.45466282737858
-1.23281080978272
0.309106908516064
-1.34389693522236
-0.911483045105772
-1.13152335016694
-1.03078859108707
1.13212451080783
-1.35908765696503
-0.0746459464634277
1.39770886663027
-1.97130719805175
-1.08102411785257
1.44261454243235
-2.23456182889442
-1.35406747259174
~
-1.29486285707631
0.519194399400865
-1.45290212654241
-1.22476296182223
0.320707009927453
-1.26568121054851
-0.915563462725123
-1.1332180185332
-1.02767292652462
1.13071014951607
-1.35720432526916
-0.0735068895187512
1.39450945722937
-1.97065073623763
-1.07794726889778
1.43939241471243
-2.23377229948271
-1.35085172317147
~
-1.29296433785859
0.517336053469997
-1.45088272020781
-1.2243975892164
0.321065009090277
-1.29664493107775
-0.900108453630874
-1.12359361323184
-1.02997232880225
1.14106218422087
-1.36646328464987
-0.122537401340536
1.40093116962239
-1.98421134074962
-1.12081194376647
1.44572831801383
-2.24682920697087
-1.39319378089683
~
-1.29201199653261
0.513261253480585
-1.44973925968174
-1.22035370311141
0.315145719620626
-1.31161973318445
-0.904207059350975
-1.12636731310116
-1.02763160403299
1.13912421458023
-1.365986799771
-0.138941640780502
1.39963311136512
-1.9890873351845
-1.13510963311969
1.44433974017278
-2.25117412348527
-1.40693955740587
~
-1.29248543046392
0.513148635711316
-1.44803276036721
-1.21956160793399
0.323686846294431
-1.32236261708658
-0.878583898088383
-1.11033013332776
-1.03126436866117
1.14673776070587
-1.34336726587642
-0.124717297593253
1.40037764133106
-1.95872465164829
-1.11903814423821
1.44504660618332
-2.22058968949651
-1.39063807444831
~
-1.29553657192969
0.512731916190879
-1.44829700840986
-1.22034614850818
0.328115857463507
-1.3307910360557
-0.87144584388155
-1.10514159480825
-1.03276062028361
1.1460990513944
-1.35547721607149
-0.129815981700426
1.39957771419545
-1.97166710276628
-1.12494287280627
1.44429368032818
-2.23380767849928
-1.39682858408471
~
-1.29606414273424
0.511743731690828
-1.44881931057078
-1.21960442682749
0.324334598001058
-1.3352016443482
-0.879075088231558
-1.11023533992314
-1.03081059703172
1.14627416414511
-1.36512565143148
-0.144741389892208
1.40080068259813
-1.98407599453687
-1.13988447393074
1.44550850169455
-2.24616795899319
-1.41171999119041
~
-1.29386916846513
0.508691098363463
-1.44811898526442
-1.21906255782559
0.325392802567553
-1.33740171913635
-0.87004000344295
-1.10524309354166
-1.03176225061532
1.14115226383334
-1.36510393470333
-0.155280084347796
1.39841228228992
-1.98982762967252
-1.14968450367033
1.44305368092446
-2.25152989889144
-1.42111583834985
~
-1.2969465882858
0.509773842991941
-1.45087608855369
-1.21938384481385
0.318494388645124
-1.34012675572067
-0.894106011336367
-1.12154304781134
-1.02810648890303
1.14351880375835
-1.37053030448887
-0.158494681634236
1.40224353454946
-1.99870467581673
-1.15577154449274
1.44700569257819
-2.26111499129397
-1.42793593203542
~
-1.29734241614355
0.510765473946769
-1.45118388594227
-1.22157314512787
0.322618485957529
-1.34101135342501
-0.892089762831696
-1.11776259685778
-1.02788036204748
1.14344763181155
-1.37317735506
-0.161216213452684
1.40173839483257
-2.00069699731383
-1.15889324221273
1.44652390315274
-2.26324398306127
-1.43119960498738
~
-1.29827970820101
0.511646277380694
-1.45018707229842
-1.22191988889988
0.320095175226451
-1.34018318173608
-0.903588711043511
-1.12348866763926
-1.02463858642795
1.14409957429554
-1.37678368830938
-0.163645713009555
1.40133605707513
-2.00232767937675
-1.16134112023839
1.44613415447457
-2.26494910177457
-1.43372555376582
~
-1.29880922928564
0.512477267311149
-1.44770512428589
-1.22350560368974
0.328367296777846
-1.33900361952875
-0.88791825179082
-1.11112216974533
-1.02621250847953
1.14236333856084
-1.35125751958622
-0.125610666228152
1.39536164708908
-1.968446245517
-1.12154862314822
1.44012358444719
-2.23085536820179
-1.39371286467249
~
-1.30203221081076
0.51367701797366
-1.44982301811319
-1.22208850267789
0.1128586067972
-0.915212056664294
-0.906048661787429
-1.12394857813294
-1.0238482088623
1.14522248429731
-1.36787081068422
-0.142830281701677
1.39864121141356
-1.98622318834322
-1.14059452941817
1.44348574195498
-2.24911703435326
-1.41326085486445
~
-1.30107298526554
0.516196796582965
-1.45065353095802
-1.21197077031441
0.326941548598462
-1.34277342585464
-0.905919130857832
-1.12189686008814
-1.02308450045034
1.14540609753531
-1.37251154071815
-0.149200229838797
1.39877921069308
-1.99081140620689
-1.14685696122119
1.44361913200526
-2.25367865039669
-1.41949635502164
~
-1.30199586110794
0.516447874785378
-1.45197325268231
-1.21486896957648
0.323952197440722
-1.34339780371721
-0.915432829904101
-1.12796480370877
-1.02162166098777
1.1460635443551
-1.37757891732372
-0.154261684235834
1.39965264864627
-1.99644915955497
-1.15282238864067
1.44453344449821
-2.25955560511381
-1.42570921653933
~
-1.30694686519828
0.519582180017739
-1.45488483714064
-1.22197532051425
0.32951536877613
-1.3461722425234
-0.91436141006919
-1.12559913825878
-1.02351533515359
1.1476967933766
-1.38257176266738
-0.155511674295472
1.40199200478358
-2.00319317792601
-1.15688591688265
1.44699935436681
-2.26704174217527
-1.43054222414631
~
-1.30926518635709
0.517119148099109
-1.45868495395237
-1.22507153726854
0.323375300306652
-1.3499275188104
-0.923496035575251
-1.1351618077662
-1.02507784836673
1.14830924247032
-1.38906028424136
-0.15832810876385
1.40290450807124
-2.01043231100062
-1.1609050354138
1.44796604591413
-2.27459822587861
-1.43489005369715
~
-1.31052830748466
0.519153089907953
-1.45931379477189
-1.22732927736454
0.323385515176114
-1.3496198581496
-0.93103847966131
-1.13778587136682
-1.02289713745625
1.14804009383394
-1.3890886639455
-0.158090400049931
1.39467503784734
-2.00251971924641
-1.12801431014266
1.43859790657193
-2.26397226930621
-1.39792029944623
~
----