 RockOn
-0.694655663893086
0.223543876389498
-1.50345737231526
-0.688278208746886
0.165495141661322
-1.46843789738644
-0.873568850314778
-0.270733219775175
-0.936893481308032
0.590655632861794
-0.863340277564228
-0.202955221870275
0.676362803405932
-1.42307634141293
-0.623930135912692
0.688936852186769
-1.64145199637652
-0.775539824183895
,
-0.69519043771112
0.223770818769496
-1.50306119269522
-0.688504597791205
0.166007788929704
-1.47033358634695
-0.873550989750527
-0.269365492996354
-0.937302410727689
0.590954264964808
-0.863186295956989
-0.203232735954158
0.677172594754142
-1.42320801005868
-0.62448713732132
0.688729473370311
-1.63969562385816
-0.775442581926213
,
-0.695531465485338
0.223510593361107
-1.50161481016686
-0.689581065848076
0.169871462558536
-1.46713848196154
-0.873173183283922
-0.268637962238315
-0.936774178527758
0.590105897148259
-0.862558249405951
-0.204153277609881
0.676770326573917
-1.42233158527681
-0.625144832633638
0.687714515378025
-1.63615123713343
-0.775187493022564
,
-0.696531664996131
0.229533942516432
-1.50535497074417
-0.692727870362689
0.171276731183173
-1.46704672577363
-0.873322488356174
-0.268406240728408
-0.936337504576799
0.589757507351639
-0.862398044521398
-0.204925788796722
0.676720677792792
-1.42234830878683
-0.625952312169439
0.687294818986289
-1.63525834848777
-0.775733666291004
,
-0.697478211059188
0.232478714716276
-1.50729003098782
-0.693991243626876
0.170936804262955
-1.46633514390227
-0.872570984882971
-0.268554010733289
-0.935728680064532
0.588743731808414
-0.862877074365745
-0.207427543756082
0.675582746599713
-1.42233972119698
-0.627909255630143
0.685328261711045
-1.63449230412971
-0.778188265206612
,
-0.699362122284353
0.236110861818703
-1.51224084937095
-0.698240308865641
0.169573407274864
-1.47159048326242
-0.87413218824754
-0.269525558256274
-0.936324888353075
0.591425310103341
-0.864906636414157
-0.20768825708691
0.679033982459511
-1.42629889148394
-0.629425591164546
0.688275576605985
-1.64070512681151
-0.782013328917458
,
-0.699293227053743
0.237625730092147
-1.51258556229253
-0.699536896649593
0.168720531084388
-1.47274216378977
-0.873937401186073
-0.269068182060089
-0.935831939409173
0.59123288135127
-0.8876113482491
-0.229512919923353
0.683279168885807
-1.45137368852582
-0.646604922344767
0.687232913253348
-1.63864676734538
-0.782259518583052
,
-0.698946769958544
0.239788467814011
-1.51430096421381
-0.700200118124281
0.171914257387573
-1.47138126973195
-0.874218779154071
-0.269211385575054
-0.93614743266409
0.590936768594225
-0.884413111061489
-0.228515154499832
0.683642340649849
-1.44893440347698
-0.645816927602206
0.687458706612456
-1.63881909509413
-0.783011714976193
,
-0.698712389915771
0.241115231587543
-1.51419954312859
-0.700478063928652
0.170374715991353
-1.47313560229903
-0.873683765745643
-0.268362392143405
-0.935697971593858
0.589945898370305
-0.880936351398465
-0.227948827779103
0.682466757343281
-1.44569238332562
-0.644677211965452
0.686319103692808
-1.6371791827691
-0.783130759157443
,
-0.69830547076834
0.242436079080943
-1.51478573052082
-0.700856002706501
0.169857716557347
-1.47530315603413
-0.873604090843947
-0.267367580082233
-0.935960493492014
0.591338378179732
-0.891490558485846
-0.235905880790902
0.684464774518665
-1.45657601282651
-0.652528270873535
0.686419182282612
-1.63836740241204
-0.785999887128137
,
-0.698075772808395
0.244053230406238
-1.5154193371374
-0.701349341056271
0.169280791776685
-1.47634526970867
-0.873858452033221
-0.267050533554934
-0.935698703082637
0.59024098875918
-0.892852888096755
-0.239704239869145
0.685324630283763
-1.45924034787085
-0.654443523511233
0.685674479696688
-1.6365001201963
-0.786413592494262
,
-0.698824828810689
0.242069146390418
-1.5141817687002
-0.701038531402888
0.16870743965814
-1.47863652744868
-0.873882539805168
-0.26705515638562
-0.936254446751944
0.590279127468244
-0.893415647795024
-0.242372895851233
0.676436903877544
-1.45776889057774
-0.664105886364139
0.686933771114138
-1.63776544063138
-0.787620101896869
,
-0.698457778657561
0.242839219229075
-1.51497824612062
-0.700021645379843
0.169094324957055
-1.48039407590225
-0.873424800446115
-0.266110226956335
-0.936878602172838
0.590621049829381
-0.893388446348724
-0.24372283964976
0.675564096962244
-1.45825326014105
-0.666073141621279
0.687308756599307
-1.64016817995085
-0.790228049947939
,
-0.69743190821741
0.243603421652376
-1.51542395656557
-0.699423214708867
0.168802892805829
-1.48043150900976
-0.873044969443484
-0.266314645875337
-0.936990311252912
0.591050753657059
-0.893272055693002
-0.241152929040321
0.678675527173361
-1.45635837827403
-0.665431904659946
0.686530407603604
-1.63923526698176
-0.790574307011152
,
-0.697511874005968
0.244195054319317
-1.51573308464594
-0.699106511873846
0.168881899620069
-1.48096902032806
-0.873143443576738
-0.266144903610287
-0.93708744126725
0.591407136736729
-0.893309964990754
-0.242278901101214
0.67979506964478
-1.45758659940813
-0.665285775305661
0.68634838164709
-1.63977360892609
-0.791347773845985
,
-0.696822611573619
0.245007637785425
-1.51566735514581
-0.698350106430063
0.168507551021211
-1.48139742189723
-0.872833371223104
-0.265760370823216
-0.937272134506985
0.590654679453383
-0.892102533558855
-0.243406398257953
0.679662835257221
-1.45649447956593
-0.665765423459479
0.685176184363101
-1.6382383068655
-0.791663538213863
,
-0.696670779461282
0.245589704143683
-1.51604209535841
-0.696981270738731
0.175491605696295
-1.47532628703607
-0.872694600055067
-0.265796700843219
-0.937504167344942
0.590344942964829
-0.891577022976848
-0.244789915371389
0.684155517384329
-1.45800496019506
-0.663329420043338
0.684971705688044
-1.63777149113703
-0.792049562127936
,
-0.696732681272692
0.245989305989537
-1.5154136290334
-0.696623275663323
0.174177026936788
-1.47608348466808
-0.872615483300738
-0.265414442879326
-0.937241712542506
0.589493779176329
-0.89097508159691
-0.245409871415094
0.683195141314697
-1.45743053647657
-0.663435029114124
0.683913750569452
-1.63675199588052
-0.792103449684517
,
-0.69743834252946
0.248063734144257
-1.51682768924299
-0.695288521168692
0.180004779329634
-1.47547002258245
-0.872772023157364
-0.263504304292801
-0.938574178022784
0.590396262886717
-0.892124372138216
-0.245727585473569
0.684893343297968
-1.45995510008279
-0.664191962088228
0.685486547612731
-1.63938118108358
-0.793524103597256
,
-0.697206458597665
0.249547572103966
-1.51626448658401
-0.69423309336291
0.179282637718574
-1.47767010217056
-0.871839221739091
-0.262058043248101
-0.938987821830668
0.589695070913827
-0.891736468350593
-0.246293378718317
0.689056989960089
-1.46027479575538
-0.662298108699516
0.701316070276479
-1.72559847480378
-0.850398887273913
,
-0.697353177059419
0.250328069700736
-1.51714900990569
-0.702392920154857
0.181304797005068
-1.44685645516722
-0.874795860856174
-0.290143750375115
-0.933564845218345
0.589917888931609
-0.892288589821187
-0.246882819660727
0.688660437406654
-1.46161734556616
-0.663298932923105
0.701304055356041
-1.72711558416563
-0.851381879047464
,
-0.697138757698753
0.250724542160857
-1.51689438691245
-0.697835171066631
0.184492959513349
-1.45733181602192
-0.871957692047195
-0.279127140498249
-0.936687819900773
0.589734902637014
-0.892323220703673
-0.247076346925324
0.688679957715199
-1.46210320654243
-0.663098838948004
0.701601082373762
-1.72718052291673
-0.851533403207014
,
-0.697164225344404
0.251651110303786
-1.51770541386503
-0.697360712836153
0.184970480705038
-1.46443312203153
-0.870474318856964
-0.273927047521457
-0.937977831609681
0.590291501692118
-0.893095883642487
-0.247224536901932
0.689337791768317
-1.46342882815399
-0.663559504170671
0.701899089285131
-1.72833655400561
-0.852399745816519
,
-0.697354663783244
0.25271091891545
-1.51781367177165
-0.696343411847289
0.189802168592875
-1.47056121418916
-0.867614772987558
-0.267053631713168
-0.941089712130572
0.589866789806317
-0.893506583291069
-0.247588035463534
0.688851162368113
-1.46407922536645
-0.664143943293094
0.70097908754891
-1.72872030308544
-0.853266167583983
,
-0.697589423420332
0.254057790472259
-1.51886664549909
-0.696768515772004
0.189744574242682
-1.47628642047715
-0.867369974273218
-0.264091770127472
-0.942790882831002
0.59032381859251
-0.894227534129233
-0.247721911608462
0.688856589734746
-1.4652920376496
-0.664920501095451
0.701301446825056
-1.72983971519894
-0.854336614318461
,
-0.697553648143097
0.254890622186804
-1.52022741302574
-0.697134230833651
0.191259662080345
-1.48249299567584
-0.8659866187687
-0.260936907111129
-0.945432906372668
0.591803756465874
-0.895434602354009
-0.24738207661655
0.690108010266088
-1.46700115493296
-0.665774819298519
0.702641644927355
-1.73177046687067
-0.855327123436279
,
-0.699063679089301
0.257308788591529
-1.52212764219449
-0.697394368962385
0.197243377020682
-1.48419816665897
-0.866957589140035
-0.256870484214161
-0.947393984968497
0.592350525260978
-0.898375871428156
-0.248703249400491
0.690799219235078
-1.47018872690561
-0.668950699125716
0.703565072041245
-1.73547991103727
-0.858369086731763
,
-0.699612610815573
0.258513067830085
-1.52338347334937
-0.697164096698516
0.199812418694287
-1.48546806712537
-0.867163826400724
-0.255688239148734
-0.948750470239
0.592659662464245
-0.898995787647395
-0.24897512149595
0.678894129031505
-1.47286839699305
-0.6708209223312
0.688367771401241
-1.64797892813925
-0.800079114831492
,
-0.699863130468747
0.25909092083384
-1.52375820538056
-0.697662241873753
0.198607778785105
-1.48848774893833
-0.866964896515126
-0.254847598282311
-0.948930741554753
0.593267980321987
-0.899700472021189
-0.248822622738605
0.681051825448383
-1.47513864924918
-0.668882538710662
0.68969374208656
-1.64741439614983
-0.799628594425529
,
-0.700233011178316
0.260069091054965
-1.52446814688912
-0.697486280749506
0.198710737738042
-1.49155696278048
-0.866933606700195
-0.253348524123552
-0.949836912720656
0.593448590395003
-0.900346257746305
-0.248672117439367
0.681483976440369
-1.47635882551014
-0.669035496257278
0.690015234975688
-1.64843463505122
-0.800414619993266
,
-0.70022910817917
0.260615785770201
-1.52454332140297
-0.696546449593949
0.198779540347028
-1.49326856720042
-0.866744505738742
-0.252221786352752
-0.950342958664336
0.59359137298663
-0.900862608363715
-0.248957755925366
0.684375474503748
-1.47742403440448
-0.6684994452857
0.690299655109215
-1.64902756150546
-0.800983063292066
,
-0.701066090387182
0.261357810609834
-1.5252734123031
-0.695070917627435
0.202556444449945
-1.49168807717066
-0.867359070640788
-0.251574445693851
-0.951108694309245
0.594017413450461
-0.901631459326453
-0.249114966539831
0.685733788572336
-1.4787246878561
-0.669204020320745
0.691695900441634
-1.64772112826539
-0.798784198750788
,
-0.701853510018409
0.262115017853709
-1.52566829278928
-0.694849833366939
0.202524050695158
-1.49358149323879
-0.868152054753392
-0.250978042209562
-0.951668341692857
0.594382094757818
-0.902487797804718
-0.249259703042092
0.687640256071587
-1.48019652254736
-0.669490156193183
0.692105624665747
-1.64840478466852
-0.799367099116676
,
-0.704485973087101
0.256312113901672
-1.51535360278859
-0.694278306447381
0.202691785895819
-1.49360321328088
-0.868214177420271
-0.249618470814409
-0.951333697643544
0.59331101171804
-0.90262838997217
-0.249641140187312
0.686563360113812
-1.47962772949045
-0.670303180126982
0.690791161239344
-1.64676859746553
-0.799236136916701
,
----
 Thumbsup
-0.759994956351398
-1.80358656448855
-1.16167363107911
-0.777622550079943
-1.53358967147744
-0.941339129911409
-0.76337295483521
-0.895009443165897
-0.370828140634233
0.791049424296579
-0.623440336800098
-0.994735828207844
0.680862872217553
-0.26854723823008
-1.91125939285622
0.644134021524544
-0.1502495288389
-2.20039200132931
,
-0.758302849986733
-1.80103351705535
-1.1629302947354
-0.776037224801941
-1.53173072387688
-0.942412558467852
-0.762602859488876
-0.894345224600988
-0.373594289115948
0.790076895550408
-0.621074948102225
-0.994510929440559
0.681981325525831
-0.270633844262883
-1.90938024134882
0.711357000137462
-0.340427153581258
-1.88412954455957
,
-0.757098089576883
-1.79806747411172
-1.1634552421185
-0.774456523825241
-1.52907325528907
-0.943712085742369
-0.761522705162716
-0.893915886239769
-0.377201666455634
0.78630221407427
-0.617494355815523
-0.993466224478012
0.680145501856436
-0.270260174117216
-1.90691014263289
0.705116167499358
-0.330618525836233
-1.89072480531219
,
-0.753962091881239
-1.79534913534542
-1.16396056787254
-0.772339589244634
-1.52680695786367
-0.944888571754806
-0.760258523900619
-0.892916492580806
-0.379778907468441
0.784674951987252
-0.614914141056165
-0.991846779603474
0.680243108876792
-0.266800759737816
-1.90275465201985
0.703674603620219
-0.329859119848352
-1.88801560381608
,
-0.754602034368048
-1.79595921211455
-1.16661515505121
-0.773110012793112
-1.52747489011135
-0.94708503976995
-0.760977182915676
-0.894216148671387
-0.381981306224268
0.784493439015041
-0.612489536976909
-0.994880493076636
0.681052482152384
-0.26759632961394
-1.90437621357991
0.719701304290546
-0.377303278589256
-1.76731830300614
,
-0.753612866185501
-1.79266745949796
-1.16614120800397
-0.771939201638241
-1.52462793931744
-0.947071393782207
-0.759912948678938
-0.893163542718524
-0.383042661090106
0.782029887078959
-0.60842618453704
-0.995887467905887
0.679624644939522
-0.267323425127039
-1.90176104297533
0.707769585085506
-0.341501039641443
-1.84402231441192
,
-0.751481662671622
-1.78833179315795
-1.16512194711343
-0.770229980215832
-1.5212316510999
-0.946427470260134
-0.758213583374744
-0.890984947497281
-0.383631524863004
0.778959950432316
-0.602716339679515
-0.996251222481658
0.678437224078293
-0.268469172611484
-1.89821703801614
0.697824288481305
-0.324442685351823
-1.86962842254671
,
-0.750677483687889
-1.78678693083601
-1.16626092768307
-0.768958785300971
-1.52017300064805
-0.94755733563734
-0.75765915289846
-0.890423457845103
-0.384472127777726
0.776032325912803
-0.6006974431284
-0.996521001503106
0.678100315918519
-0.268918744526225
-1.8969493715354
0.694504138297703
-0.317888628521792
-1.87830577586904
,
-0.756668846431443
-1.79296953881408
-1.17016279031156
-0.775007944794941
-1.52507293341069
-0.950311556276118
-0.764197429602711
-0.89447884944231
-0.386495259679322
0.77791556304801
-0.599950453061729
-0.999603278714837
0.680034797530296
-0.26863565337699
-1.90411874519207
0.694563181622672
-0.313488458973394
-1.89069240233616
,
-0.757852885198291
-1.79043444047258
-1.17092914233437
-0.774643689893176
-1.52371337704461
-0.95006291505549
-0.763689685929111
-0.893826800775749
-0.386884181750472
0.775144342545358
-0.598009768304011
-1.00049837936307
0.679864657612883
-0.2690357726402
-1.90315648344338
0.692951364830231
-0.311226875239519
-1.8934766832369
,
-0.756917623771703
-1.78916786414883
-1.17058757134278
-0.773580366684757
-1.52270752746408
-0.949954046483325
-0.762800344410456
-0.893632104224494
-0.388016504697996
0.774944302564463
-0.597227800957393
-0.999815682795569
0.679799274499544
-0.269585579864251
-1.90243264036038
0.691274171437224
-0.30918929934293
-1.89643910718792
,
-0.758279997031238
-1.79045844624821
-1.17195020343273
-0.77526172557201
-1.52389015817254
-0.951190089208497
-0.763981817313067
-0.8948649051369
-0.389068808236753
0.774093395252897
-0.595613406352542
-1.00273296078273
0.679364207904058
-0.270160619862475
-1.90409758280643
0.694221040331864
-0.331453302447492
-1.84996976662628
,
-0.759467729965087
-1.79318359609145
-1.17406592273907
-0.776853042219316
-1.52639451408814
-0.953024365179208
-0.765467807600209
-0.896388014144214
-0.390112409635295
0.773364278932788
-0.595795521657393
-1.00532659925721
0.679665538247705
-0.271273566644475
-1.90680688080051
0.64843262468601
-0.163099591471978
-2.19099979818588
,
-0.759652488277399
-1.79385340140575
-1.17477586639676
-0.77724925150867
-1.5270488064542
-0.953824804504952
-0.765829821803071
-0.897051407865349
-0.390901599426705
0.772681689438303
-0.595649933894962
-1.00603195731223
0.679554539864876
-0.270700591252558
-1.90688475807941
0.688091029064554
-0.315099644985731
-1.87798797722857
,
-0.759864750466684
-1.79412430741983
-1.17550130038847
-0.777678062500849
-1.52722963845917
-0.954613917609707
-0.765921071171264
-0.897436144025505
-0.391282605570942
0.772459814410432
-0.59550327304985
-1.00651309682913
0.679813632647516
-0.270734196632724
-1.90754555014337
0.687282062996382
-0.31043083335043
-1.88857156528064
,
-0.757934675773499
-1.79136388362007
-1.17407123458518
-0.775810923184835
-1.5249030060869
-0.953618378086041
-0.764127852428733
-0.895889010611391
-0.391093695912254
0.771832318262945
-0.594381631635925
-1.00498688074487
0.679576589085013
-0.270114481673071
-1.90469541572676
0.686700065239483
-0.306719148221689
-1.89205212325615
,
-0.756264252241312
-1.7868037968279
-1.17193368175854
-0.774326679541434
-1.52120570695911
-0.952166589024626
-0.762192532348066
-0.893641305431879
-0.391192683225501
0.768629530332544
-0.59295942965934
-1.0019982703121
0.677264205678504
-0.269583995629047
-1.89959751126665
0.683778641484002
-0.303328412602768
-1.89138507343737
,
-0.758387357588325
-1.78710436849292
-1.17333183907022
-0.775434524539438
-1.52188839290296
-0.952884401528336
-0.762957161947525
-0.894000695658114
-0.391492213950068
0.76816038027747
-0.592480738072119
-1.00324584674873
0.677418783168834
-0.269629245571497
-1.90047726498101
0.683632874604339
-0.302153061978776
-1.89513469522842
,
-0.758675258092979
-1.78833693025165
-1.17490666785768
-0.775439442262331
-1.52315677668539
-0.954381605582616
-0.763930811599182
-0.893986641417115
-0.392182404196891
0.774654089766144
-0.617967460081657
-0.982618546731178
0.677386403672181
-0.269533866182003
-1.90102155255282
0.683163581126101
-0.300949612690349
-1.89869223308822
,
-0.758306994950735
-1.78492008471364
-1.173593094279
-0.775207939673668
-1.52039175439612
-0.953509440935881
-0.763643295237442
-0.892645816359958
-0.392501647121943
0.767514724337689
-0.60832109605243
-0.987775193190411
0.675005711682479
-0.269433867317834
-1.89791768698721
0.687750949761946
-0.328589932141623
-1.84580870999256
,
-0.759176834981094
-1.78272693256519
-1.1745642216067
-0.774726790253676
-1.51948553002719
-0.953230475818421
-0.763471287357575
-0.891972034725397
-0.392859633122388
0.765696819828789
-0.604643592051429
-0.990083303226852
0.67504409624802
-0.269197727864232
-1.89682051662895
0.644826516833351
-0.15738243002634
-2.18287358002869
,
-0.760885673455263
-1.78223967828813
-1.17571972205787
-0.775080524612357
-1.51943953821486
-0.953622019160495
-0.763989792306073
-0.891705814776433
-0.394040843983881
0.765067075009079
-0.603398703760597
-0.992386714456514
0.675826503871967
-0.268911355724308
-1.89733282658366
0.691744956011691
-0.338273041658209
-1.82784497091026
,
-0.75803190142625
-1.7789435255986
-1.17391134903073
-0.772300299851491
-1.51640344858799
-0.952637156958216
-0.761505685540549
-0.889539106894569
-0.39335838303685
0.763989333029119
-0.599447008666627
-0.991964234673508
0.676004565358691
-0.268158799839308
-1.8936171095852
0.692457620874525
-0.338941221093894
-1.82209322984169
,
-0.759087687521355
-1.77578126841193
-1.17435479549323
-0.77211003583205
-1.51452252430453
-0.952556593493825
-0.761619349684635
-0.888204373970036
-0.39387898274037
0.760827624394352
-0.597290602497407
-0.990529187873054
0.67383078805098
-0.268308755713159
-1.890849323523
0.692011810104189
-0.333378689652985
-1.83433817235337
,
-0.755794422479272
-1.77247428038847
-1.17292449596903
-0.76882789612937
-1.51182649078915
-0.951957100052004
-0.758941780030683
-0.886760354288256
-0.394815358961072
0.7586828059943
-0.591767366398158
-0.988391744828947
0.673291701146237
-0.268819459671265
-1.88701210432103
0.692102038367079
-0.33738558470865
-1.82415961416885
,
-0.757545572422921
-1.77263664174862
-1.1743264952092
-0.769019617323833
-1.51234297277443
-0.952751444917054
-0.760153060759417
-0.886799535359951
-0.395398509762179
0.75787337710519
-0.590981155607296
-0.988912255035006
0.67356261960976
-0.268508178525698
-1.88709641753649
0.692778997563309
-0.333230295054648
-1.83432810265429
,
-0.758872489688346
-1.77407907185643
-1.17588822440614
-0.770562771965629
-1.51392554472706
-0.954320779352174
-0.762265408224751
-0.887129291204983
-0.396342044941275
0.756110120919249
-0.590660674152409
-0.988214517357812
0.671939566723709
-0.269913852325226
-1.88792257771264
0.691440263400922
-0.332678297725765
-1.84065632374614
,
-0.757750314015396
-1.77232810934542
-1.17509733584287
-0.769751523423932
-1.51240022640955
-0.953854306484451
-0.761776112838345
-0.885743307554858
-0.396393819180821
0.756018163265887
-0.589761296254778
-0.987220511093197
0.671657696295871
-0.269503542146412
-1.88608709803352
0.6912387755562
-0.335140616754471
-1.83093092820008
,
-0.757376857521314
-1.77270769610542
-1.17582934400252
-0.769739533705129
-1.51278098455836
-0.954582368382189
-0.762157688867675
-0.886120920594498
-0.397785161940526
0.756203825709925
-0.589570375077874
-0.987226992170894
0.67223626609576
-0.268514864756779
-1.88578652740773
0.691191824871369
-0.335919640691278
-1.82428820224904
,
-0.761648854742442
-1.77698557456113
-1.17777718005826
-0.77420361725364
-1.51606538692787
-0.955734249634941
-0.767102539521586
-0.887054520476168
-0.397035036130051
0.757144456539275
-0.589542827506682
-0.988452381360043
0.673613466458565
-0.266889296798013
-1.8900774222717
0.692978009753143
-0.330733391336622
-1.83527224734068
,
-0.765120022739562
-1.77964944027877
-1.18013758476258
-0.77691105876101
-1.51863494791704
-0.957094169715944
-0.770224168906633
-0.888228113816645
-0.397151082229789
0.757820372526567
-0.589722900577024
-0.989506359529027
0.674105939372348
-0.265852991747421
-1.89278372692888
0.687170608687983
-0.31167679776471
-1.86372858090734
,
-0.766547019180171
-1.78082130708419
-1.18105013249978
-0.778603843994415
-1.51948452438946
-0.957965310540646
-0.772132190129989
-0.888219735780081
-0.397045299996309
0.757616008566004
-0.589194989819631
-0.989396610238404
0.673977301997941
-0.264461887277213
-1.89328669769354
0.687165612997241
-0.311208106411796
-1.8649685325945
,
-0.766650089573905
-1.78145692048731
-1.18226902673572
-0.77867861602732
-1.52038796583011
-0.959021077785964
-0.772310731372708
-0.889182429942462
-0.398160477994909
0.759148395581614
-0.589813258857325
-0.989703706621899
0.673917475926726
-0.265561038107095
-1.89405457135112
0.68733484804464
-0.312591573233759
-1.86603428296857
,
-0.767402088976515
-1.78183029235907
-1.18413651646898
-0.779050105033062
-1.52128074847011
-0.96019101533888
-0.772763794028574
-0.889840616023383
-0.398974804752556
0.759245910772806
-0.590618257303889
-0.990838586210466
0.674099894113264
-0.265881258231252
-1.89507949683167
0.688767185259837
-0.324075648166521
-1.83708697195755
,
----
 Thumbsdown
-0.0510079967177769
-0.176213430651624
-1.7079024428378
-0.189920337544695
-0.128411498757275
-1.53646161742314
-0.632552153427028
-0.146688883943607
-0.801890241391087
0.584351186745746
-0.912678291569378
-0.385897333947791
0.651768047269846
-1.48339622270066
-0.808669447771289
0.674240349998886
-1.67363553307776
-0.936546274708077
,
-0.0528123364873215
-0.175720739518112
-1.70509424566621
-0.184574210970515
-0.12994706826339
-1.54175691083199
-0.579041342776311
-0.138461845285517
-0.813325801651649
0.58703442150463
-0.913011575468823
-0.385615236120516
0.653629229003188
-1.48513503794999
-0.810985262219194
0.675827490210954
-1.67584287469389
-0.939704616892167
,
-0.0549559494592926
-0.1781338896191
-1.70817413206666
-0.186219218496597
-0.130596408182208
-1.54542025940407
-0.577756335942747
-0.137617712987182
-0.817502673624052
0.58825949014134
-0.91678179882096
-0.389641838777012
0.654729606933116
-1.4898308112786
-0.817279046440948
0.676886312530375
-1.68084710089907
-0.946723190672197
,
-0.045595421971485
-0.177815676771249
-1.7208654864538
-0.186158865270633
-0.128612419487519
-1.54802608462118
-0.507156016899486
-0.128193352130672
-0.826868302495047
0.590049207237756
-0.91700940309877
-0.390634872057519
0.655292885291356
-1.49113208977142
-0.82085791228718
0.67704077797589
-1.68250631066636
-0.951134463361068
,
0.162637724117142
-0.217607765530518
-1.96871513383599
-0.0852944667805831
-0.159377045447521
-1.61555340907878
-0.505510576646277
-0.131407679057086
-0.831629482816621
0.585240500632552
-0.91904191510909
-0.396841996271902
0.648217376205291
-1.49422247166294
-0.830172847998061
0.669209660081135
-1.68594925201194
-0.961509050612922
,
-0.068648085364689
-0.174481412366989
-1.69872964377784
-0.188837552422094
-0.129211862020836
-1.54013614050852
-0.502614058121563
-0.128773817358112
-0.829763459364
0.583766197030014
-0.915835863071205
-0.396483375476203
0.64604476761456
-1.49079352105836
-0.830788704882348
0.666804291142743
-1.68244602588361
-0.96246482525562
,
-0.0466853772259531
-0.178809736794623
-1.72624763744449
-0.177064552661052
-0.13918477772058
-1.5625383148405
-0.428675726570844
-0.0838821224406834
-0.849878367708105
0.583389938379151
-0.918814702078767
-0.40214275274416
0.639922688350595
-1.44451164431096
-0.802854418372312
0.658766930366136
-1.6197439264886
-0.923330248942288
,
-0.05351009079109
-0.168416077098549
-1.70556011753092
-0.181540862838264
-0.128225596222384
-1.54515595859618
-0.426601217789317
-0.0756610439257551
-0.84178072554372
0.579564713593295
-0.906326464944609
-0.399653385568342
0.636327812523629
-1.42170755203595
-0.793275501970542
0.655248837569118
-1.59350126359564
-0.911460967093224
,
0.121163857299304
-0.184337705725151
-1.89975282685613
-0.0540239978532878
-0.132514053141403
-1.63921587322384
-0.418841574458495
-0.068352113415188
-0.838346913325267
0.575442424975061
-0.919639176919815
-0.409516795283548
0.638866577212177
-1.43203901663767
-0.80276839144082
0.660007953384035
-1.60283897902465
-0.920870562314938
,
0.121718146567734
-0.18332607880733
-1.89712217961761
-0.0529199742916901
-0.131277200774059
-1.63707682338476
-0.415666626985995
-0.0648965764854387
-0.83670236076235
0.575440056900853
-0.91389336353604
-0.406745092612617
0.638336011855451
-1.42604238276892
-0.798942347015657
0.659301338070882
-1.5967587698966
-0.916710163975239
,
-0.0200877656052456
-0.173544981021272
-1.72814041434537
-0.197783370878844
-0.103238739887461
-1.51018513704284
-0.415958719819043
-0.0623916602180919
-0.837613694142246
0.584570751086814
-0.927774980623871
-0.409984566291765
0.652193404622458
-1.44407346753967
-0.80582046780882
0.674734297104484
-1.61617293129769
-0.924682106165885
,
0.184078222221073
-0.216754970414559
-1.96004776444068
-0.0419544544813909
-0.137196406585918
-1.64406575996649
-0.418156525586646
-0.0654616046187792
-0.840764491984021
0.582694573830132
-0.923555484763609
-0.408940819381649
0.651743638949699
-1.44104271295229
-0.803842742553295
0.674759993989554
-1.61353845568186
-0.922380486859614
,
0.182682331183537
-0.215926350317899
-1.96293960599817
-0.0428175141964612
-0.136334368321599
-1.64672812664463
-0.414922873583513
-0.0643299501616872
-0.841486369370295
0.581897086043323
-0.920614774745654
-0.407397328587489
0.65041674544273
-1.43863040287808
-0.80158752223458
0.673256623931217
-1.6113022470103
-0.91988861879133
,
0.179942368471444
-0.213745615632462
-1.95880307880966
-0.0442273770974875
-0.134349078634193
-1.64424419519326
-0.413173194710764
-0.0616197821703909
-0.840562581761729
0.577105846032389
-0.913476954074515
-0.406794425287484
0.646647404281919
-1.43040849945122
-0.798822680389567
0.669827915744335
-1.60271898276041
-0.916442725353867
,
-0.0717636833945478
-0.161247336402451
-1.68198125716849
-0.195966271052824
-0.109252705922771
-1.52463074943167
-0.416391450571168
-0.0636860232429792
-0.841543946995187
0.57570678988536
-0.911861773445363
-0.406408316248959
0.645659165608283
-1.42921467857261
-0.797620945477305
0.6689766162285
-1.60166561513199
-0.914969882366433
,
-0.0723252334029522
-0.162067240328522
-1.68472469639573
-0.196368999707826
-0.110235235062918
-1.52748269690189
-0.430074652591249
-0.0676374115957829
-0.842659630287396
0.573479630514519
-0.9073305177202
-0.4049378944343
0.643590286464663
-1.42428126960924
-0.796056178716938
0.66696051306513
-1.59659821870726
-0.913381474743975
,
-0.0722457661766951
-0.162577228036527
-1.68711375761264
-0.177571698242586
-0.130096542919951
-1.56139937550813
-0.430281348028782
-0.0675252276368422
-0.842958995504639
0.572179827408898
-0.906141438792497
-0.405799772121471
0.642440294853821
-1.42345665141756
-0.795825687041067
0.665860458616411
-1.59589500794021
-0.912792222923925
,
-0.071021008689383
-0.162836061788564
-1.69016874060701
-0.172007477046699
-0.134144778636187
-1.57099827944801
-0.429547439434906
-0.067047582119774
-0.843075148441647
0.574132603616881
-0.906372049347986
-0.404961040106674
0.644364546375028
-1.42444030117682
-0.795671535882606
0.667775186000483
-1.59712973437429
-0.912846244503313
,
-0.070325423593882
-0.163028467945592
-1.69310408087424
-0.179468754287958
-0.125702395054501
-1.56049629800127
-0.429205271080189
-0.0669108037015148
-0.843366259257285
0.57512178828229
-0.907171686832166
-0.405055881209124
0.645854391005633
-1.42598675146818
-0.796115830350074
0.669431917274801
-1.59892505851517
-0.913389542089836
,
-0.0709278452223535
-0.159734726025133
-1.69004994378028
-0.172644848309934
-0.128740693467021
-1.56959676400665
-0.419696172834517
-0.0601387379015303
-0.842037336677174
0.571908596466437
-0.901667134005964
-0.405437198257715
0.642909454939591
-1.41909915914127
-0.794993313963566
0.666576407763976
-1.59157654854684
-0.911804213383061
,
-0.0723702772204296
-0.157865948294336
-1.69003741804532
-0.181261514258638
-0.119745789387893
-1.55857250658317
-0.42108203546683
-0.0584610603381094
-0.840519382594223
0.569229149945851
-0.898625390932578
-0.405762687544426
0.639677312762489
-1.41531933986753
-0.795213756405596
0.663160033701368
-1.58755062441571
-0.91200432869597
,
-0.0722337844691801
-0.158329278888988
-1.69326558579115
-0.184920247120623
-0.116324100835407
-1.55512282545717
-0.422710165170235
-0.0591766927091214
-0.841159365963358
0.569551219389042
-0.898438892854626
-0.405078638623363
0.640103785117905
-1.41580533544878
-0.795179220396927
0.663621307027527
-1.58826084812539
-0.912167326882691
,
-0.0662727227961778
-0.152236327842733
-1.69875070071642
-0.183138722251458
-0.106171918794776
-1.55410785153293
-0.41977473594162
-0.0522867488788322
-0.83885297428508
0.579463604897266
-0.897269785889641
-0.401643377598791
0.649799030199493
-1.4186681424636
-0.793505478124033
0.673244163960907
-1.59246757864293
-0.910994936479727
,
-0.0679926268348344
-0.150314823199603
-1.69420852131728
-0.174293774379955
-0.112145741344853
-1.56624342327727
-0.421168827204717
-0.050886249861798
-0.836954747790243
0.574305454709903
-0.890494796133055
-0.400577160432714
0.643349104459363
-1.40929970008338
-0.791388793978423
0.66636365437585
-1.58223468401043
-0.908585448083867
,
-0.0702088120526325
-0.148715099227541
-1.69182725068654
-0.171086577625932
-0.11485408424797
-1.56993155444971
-0.429087410998409
-0.0504461663660605
-0.836658448934095
0.568755100601642
-0.885681420572314
-0.401358365232081
0.638281860873938
-1.40300681529126
-0.79052685566923
0.66145744763137
-1.57544859763657
-0.907217093332362
,
0.0716750214210301
-0.151103097893513
-1.8958780877491
-0.0512179025252004
-0.125459184546766
-1.64094923504434
-0.419896674363892
-0.0485274445065258
-0.836965271388399
0.572850584496569
-0.888478091239421
-0.400844032675548
0.640697047052576
-1.40793473978653
-0.790169945519581
0.663312534571245
-1.58108698784043
-0.906879447953707
,
-0.0668649452166161
-0.148961672261236
-1.69217010128281
-0.182947994123431
-0.103491036750053
-1.54488325781055
-0.420080230045679
-0.0488474157259999
-0.835736750865133
0.57235389353169
-0.886315339855257
-0.399854364489826
0.63831688583667
-1.40510969485442
-0.787997856629293
0.66030454198681
-1.5780411465208
-0.904340944115067
,
-0.0664759218441007
-0.148042751988031
-1.68727821114141
-0.170708650523775
-0.111913346659985
-1.55574011945693
-0.42631403380412
-0.0501960910350812
-0.833002027558249
0.569948174468298
-0.881853097988448
-0.399230363718334
0.635390541219381
-1.39902654210666
-0.785216204702726
0.657204663469742
-1.57141767430477
-0.900891968727843
,
-0.0638207493869269
-0.148658416141237
-1.68445938670521
-0.17093472072812
-0.110728894357701
-1.5482218777232
-0.424126751058854
-0.0503034387843083
-0.82961783829424
0.570283581391196
-0.88080254407126
-0.399018424067049
0.635322631244554
-1.39723019395161
-0.783445147388844
0.657002306626188
-1.56937273600891
-0.89863144472286
,
-0.0419047543377764
-0.154035135801971
-1.70352517203442
-0.170673379007419
-0.109859049178926
-1.54591678528133
-0.42281087334093
-0.0502237397553009
-0.828184120039226
0.570130338001198
-0.880487253843718
-0.398852201970087
0.634672743589451
-1.39699759452919
-0.781945763175564
0.656186878785536
-1.56916770809102
-0.896701712392437
,
-0.0389464145312058
-0.148307398396102
-1.69732865900192
-0.158296695311975
-0.111193466870361
-1.55338795996824
-0.423035080235212
-0.0452638177825334
-0.822605912977146
0.576126948721517
-0.87754453118129
-0.39454980226064
0.640328314306203
-1.39546701869037
-0.777471395578872
0.661728761592818
-1.56810784786007
-0.892148926546407
,
-0.0412279009716756
-0.0803334312790063
-1.72776706759907
-0.165079999230129
-0.0399008067059751
-1.57804812943793
-0.442036064314081
-0.0398698634024934
-0.929270431371617
0.604314745436089
-0.844124336240436
-0.368716930299907
0.671006249407968
-1.38622193100041
-0.768632849565897
0.693236742460529
-1.56692109616814
-0.888380208194331
,
-0.0363593873577125
-0.14681915675209
-1.64352902811871
-0.144752594067819
-0.114276639908399
-1.51336959192938
-0.411691716404842
-0.0457000408163553
-0.796907611096755
0.561095981075394
-0.874487186037796
-0.402657431256511
0.626991688475931
-1.37316122246412
-0.773785149377891
0.648956931913456
-1.53938585544883
-0.884977450981306
,
-0.0388080754354442
-0.146659789098188
-1.64665884905793
-0.141913585224186
-0.117179451170168
-1.52400929279292
-0.398821260526067
-0.0397078921651016
-0.799954244959661
0.561465675796325
-0.869971155984455
-0.398345214665951
0.625314976446636
-1.36950559024411
-0.771474379824231
0.646598076663406
-1.53601706833066
-0.883301646148572
,
----
 Coffee
0.00541658356810559
-0.836384633489109
-1.39912456960355
-0.0635685580557984
-0.34274773205389
-1.23535397998734
-0.712514576223534
-0.671225264357987
-0.581187262097262
0.618815287372126
-0.633082296158912
-0.456773624452619
0.250999038621002
-0.855221629181413
-1.08138949378314
-0.102224865237976
-0.801296885475256
-1.51223433415426
,
0.133180934482288
-0.813052802966714
-1.70218921344513
-0.064549749721645
-0.771616062550753
-1.46087447190691
-0.657741788875199
-0.647305841302872
-0.693443102784515
0.62081789429004
-0.631473776511948
-0.457397102899418
0.242345818108311
-0.849094334595654
-1.09569391384874
-0.0758212457428724
-0.813176120871139
-1.48926211084817
,
0.0344493189026246
-0.818030989796605
-1.36621014555744
-0.300625293699839
-0.407146460487162
-1.39031720136686
-0.648534115025232
-0.622922714119852
-0.707037289448653
0.62087548547565
-0.627010688458512
-0.460312422890103
0.232322913501233
-0.84469717999221
-1.1145722457118
-0.0597342531625042
-0.806953687188061
-1.47810291741615
,
0.0503367189098727
-0.840835203550335
-1.37788051373291
-0.557234955918368
-0.462059560613554
-1.44785328153822
-0.678175926033357
-0.611594581975284
-0.724804251141002
0.622326546842743
-0.644431310447776
-0.473949670378035
0.192714043719247
-0.89155283503268
-1.20212847494903
-0.068580874761157
-0.825692953936583
-1.51183913511422
,
-0.279750123657878
-0.122247383042795
-1.6401336604861
-0.386907817297898
-0.245366347797191
-1.41908254799604
-0.708380898217958
-0.614723187543932
-0.711885590292769
0.623083441571865
-0.655589691408819
-0.480869307249014
0.242601028233147
-0.904698518397667
-1.15790820207788
-0.0685261460752949
-0.823830673067749
-1.516637332879
,
0.0619793006376025
-0.841488513849614
-1.37156808100752
-0.369623012602743
-0.480246166316611
-1.37786510985437
-0.725410973031979
-0.631993131949689
-0.687440034850036
0.620139306180891
-0.723083991736634
-0.546250578088702
0.235557362615806
-0.899844795563362
-1.16268981447356
-0.0662929370456766
-0.822872104949771
-1.51717831793748
,
0.0496683286234304
-0.833173189710953
-1.38398938833971
-0.234264920556873
-0.730328274438426
-1.22457568499729
-0.904029920776753
-0.665314526384876
-0.50343881609207
0.619051733548004
-0.728671234575491
-0.550472444121991
0.231861945387977
-0.892485128948141
-1.16113675955655
-0.0628020666073657
-0.820798571727288
-1.51051586507684
,
0.047802116131217
-0.827010862877755
-1.38148044921464
-0.166599445130456
-0.694383102740405
-1.13630444099521
-0.900658693436653
-0.66162035865425
-0.487033645741828
0.620372389842244
-0.69152796855403
-0.515470805984967
-0.157300288775313
-0.597484351874577
-1.10045935035539
-0.0689954841775588
-0.810428386004367
-1.51460999038619
,
0.0345192282584209
-0.824662643170579
-1.38944346845968
-0.0800457744068891
-0.586618272904174
-1.02755536953742
-0.878477758920291
-0.663197767373587
-0.471232989831678
0.61849669070459
-0.683442987160652
-0.508536355472802
0.0307607933766146
-0.612367619670233
-1.02781106531373
-0.07069722317437
-0.808287382620855
-1.51355142603294
,
0.0271212154124522
-0.823622329155226
-1.392794704035
-0.0581314146116936
-0.584704231101096
-1.02272807905331
-0.851456801397863
-0.674912927050373
-0.461818395709106
0.620694287044788
-0.668545169697796
-0.490685340023683
0.0426819771911393
-0.608180241513923
-1.02358797871111
-0.0717488606494728
-0.806655756711526
-1.51235806795812
,
-0.0556033865291839
-0.812017741939749
-1.47840900479181
-0.0178703090462641
-0.554903396897755
-1.02806680325617
-0.817847980125889
-0.686033661534956
-0.479560729559015
0.618142249046931
-0.669431310419985
-0.493431844034235
0.183822927764692
-0.850405682175152
-1.18219721682113
-0.0774101528794731
-0.807358363516133
-1.51761759202847
,
-0.0547109616502133
-0.821301411978944
-1.48053086026777
0.0366240545045754
-0.451406198846169
-1.11464977355369
-0.73846402597648
-0.685379315581269
-0.560293088068504
0.616924893669745
-0.666720283435504
-0.492013437135759
0.105491213093447
-0.455499806299231
-1.13124664659719
-0.0845172088659235
-0.806783867550681
-1.52257737773778
,
-0.0524363350011681
-0.830132208062189
-1.48510498059299
0.0177877297858333
-0.387082305802618
-1.19862734277573
-0.713911155325029
-0.682963166516077
-0.60770358351388
0.617763248421651
-0.664670101864925
-0.489226494583243
-0.0856030570304776
-0.487694746381058
-1.16255024989936
-0.103124096558374
-0.802712716512187
-1.5325756001911
,
-0.0261251577064851
-0.82653876359597
-1.45623988420538
-0.312349542957509
-0.445980020571562
-1.2017004401022
-0.73774513707426
-0.682120996404509
-0.595536849035749
0.625693337846928
-0.646676101516184
-0.457571840868722
0.22811428284374
-0.853131856494307
-1.13073738425416
-0.00571629334728728
-0.863966735485175
-1.45630820929943
,
-0.0711734164445617
-0.754268490803593
-1.50069073071161
-0.333396394427438
-0.402576258062423
-1.26725525415778
-0.700105079094462
-0.664818342751764
-0.677558530850603
0.623975867484463
-0.644507750008103
-0.460838256199104
0.217351771771625
-0.854862734582093
-1.1475708448634
-0.0109516980163945
-0.857353471189173
-1.46451594877155
,
-0.252526277389516
-0.200338940845391
-1.43685224023265
-0.329366272268926
-0.402392316954294
-1.38589304704573
-0.679868118347117
-0.628795367311911
-0.713807665865454
0.624467714696452
-0.642911129957996
-0.462316189806971
0.213499767917242
-0.858465911508186
-1.16066998129308
-0.0171323605347573
-0.842625896935939
-1.47617545221512
,
-0.310530871068179
-0.289622267562683
-1.45439847492073
-0.53091260899654
-0.451274511408731
-1.42401552648745
-0.701074977779729
-0.628093567987303
-0.709344653246722
0.628095178140005
-0.66029232828468
-0.471959372498607
0.216587344276399
-0.887231929166095
-1.1777199634508
-0.0346162050304341
-0.849426218063039
-1.51477331111057
,
-0.366068837898224
-0.321376160538905
-1.41332502301334
-0.403738122479968
-0.444126104286124
-1.38985998184476
-0.71261717522006
-0.634813960448587
-0.695103911907803
0.630428433413419
-0.662164464592719
-0.467157043842152
0.217325883425254
-0.887195819982533
-1.1764314483777
-0.0407201439536487
-0.840412833902314
-1.52172902776581
,
-0.376051100439024
-0.381995503121955
-1.353980250446
-0.317298088010827
-0.522532992081204
-1.388379023719
-0.835251588156062
-0.677111517788274
-0.585402319787866
0.631802292335349
-0.662438129637724
-0.463850169174962
0.155197262348347
-0.874795408632369
-1.26962950815773
-0.0380118232220014
-0.839040421024106
-1.52115578266734
,
-0.306826550041607
-0.469311917302526
-1.22405008991528
-0.301076253765827
-0.531452527686126
-1.19101862334057
-0.945203782615755
-0.672350772538452
-0.451531582096664
0.630888897380652
-0.653345080220582
-0.457514219645503
0.204144900487985
-0.882578563403567
-1.20009681365136
-0.00505470649338237
-0.851252890405298
-1.48317796813192
,
0.0352061293511234
-0.821919550747183
-1.40812384858239
-0.180211952457927
-0.68096836713001
-1.07935434108424
-0.937379211105141
-0.672797881106604
-0.448779063808143
0.620795459430598
-0.64781654281553
-0.467626772386927
-0.0393754772333176
-0.577602591455438
-1.09123746577547
-0.0598993555011701
-0.820901702737008
-1.52768326667763
,
0.0203974514112151
-0.821579499135267
-1.42036042591257
-0.146565938204622
-0.678394768398265
-1.08101451810616
-0.903215383483493
-0.668225616687124
-0.449486323809455
0.608098859774698
-0.734607543928432
-0.575763651913448
-0.0147687227612023
-0.595006063826974
-1.06818992069144
-0.0628528532145896
-0.817343985680782
-1.5285411522071
,
0.0084207284683614
-0.818450317247434
-1.4261569260541
-0.0517934776240251
-0.540751531840787
-0.972542227557792
-0.871856419985497
-0.6783649533491
-0.4553952752832
0.548317210679991
-0.744775503122368
-0.649048380747462
-0.0222548987621837
-0.574308550132866
-1.07443694494479
-0.0686650535123087
-0.81170345394333
-1.52712099647064
,
-0.0455115811193098
-0.819379466990855
-1.47941069037244
0.000243353792697624
-0.522253261637801
-1.00670399343114
-0.819456399598641
-0.674775322861949
-0.49159567885005
0.599042690430202
-0.677533152816584
-0.526149706470686
0.0469245643993037
-0.532779326520585
-1.04070075437781
-0.0751381277552386
-0.806646130937257
-1.52804487282737
,
-0.0406103909173364
-0.826554236258503
-1.47658943161455
0.0512459549054273
-0.420114513340663
-1.11478291625311
-0.734363572931702
-0.67326150136468
-0.582798850561364
0.601329638086691
-0.673844129876125
-0.519332239142881
0.122209906050985
-0.428615891891401
-1.08959120107021
-0.0841651985499216
-0.802752084353469
-1.53307172930841
,
-0.00590770592136234
-0.821899051262234
-1.43561815829458
0.00444763893439896
-0.366724336928365
-1.17237311959576
-0.731300515339132
-0.670192979127363
-0.592749410662375
0.605261553970715
-0.67099837793976
-0.512673618335277
-0.150727944685633
-0.484005001675615
-1.11688373869956
-0.091003437179819
-0.796805098334386
-1.53484923330422
,
0.0049944076003769
-0.815071005227529
-1.42529862025972
-0.414600021601047
-0.587824858986513
-1.10536047028526
-0.819696070273816
-0.502613904651974
-0.487245714630218
0.609247614113531
-0.708818564921416
-0.545907344756672
-0.312973096659121
-0.653270098429547
-0.841313267211712
-0.0753340363089698
-0.814310295480233
-1.52024157213197
,
0.0180640697730342
-0.806904268025308
-1.41371340778964
-0.00271705538348931
-0.765293561919189
-1.39271184136823
-0.684347955882847
-0.647971697687837
-0.69333264859037
0.614676347905459
-0.693538144339492
-0.52905925303598
0.158378370784871
-0.850514780564441
-1.25031352025386
-0.0646076516655558
-0.815276296441114
-1.51459445773521
,
-0.0511012154366502
-0.701075872308283
-1.42560522118341
-0.226693020259048
-0.458082620450621
-1.4521866997546
-0.6865767155817
-0.638047024228713
-0.699469807176594
0.615843729552696
-0.714356136426909
-0.552110225572883
0.203570716981333
-0.866633747624274
-1.19842099868654
-0.036748792778449
-0.818560304961076
-1.50944317234051
,
0.0303565470893609
-0.819862870513463
-1.42329064915717
-0.374466087823505
-0.418008236578736
-1.40766665437118
-0.697108193043564
-0.636452268227478
-0.700605973518256
0.615442729992246
-0.729967689938148
-0.56819263967674
0.227968768771222
-0.891928617865462
-1.18776545276888
-0.044247335967166
-0.820177367230603
-1.53199424795588
,
0.0505650574530077
-0.822446054669416
-1.40842295303953
-0.375457889270206
-0.422204469950617
-1.40926325512926
-0.706408813773341
-0.632696903892962
-0.698651887667639
0.614359551004617
-0.733273545844052
-0.574112353384888
0.149654760312744
-0.882694805786022
-1.28011677452292
-0.0455244254226925
-0.816064557689929
-1.53706648231669
,
0.0496332077193315
-0.821390281809075
-1.41046305957674
-0.302313103049295
-0.516189733751308
-1.4126603437812
-0.800673006210237
-0.677385930341063
-0.606703178663558
0.618355077305033
-0.711927502998326
-0.548195377011955
0.184171976735248
-0.889739174486875
-1.23890083190751
-0.0411889349650428
-0.824328171445479
-1.53979558586004
,
0.0462936815614582
-0.820555378915865
-1.41722622048823
-0.323843706859572
-0.512336392342933
-1.26426709773079
-0.915161664367108
-0.686793291826237
-0.476604889850063
0.615677950762424
-0.725563478646328
-0.564943307422758
0.190281896961232
-0.8934382582536
-1.23258550712725
-0.028097822015087
-0.836449492948089
-1.53257454469988
,
0.0423889276849041
-0.820300150058224
-1.4216638857832
-0.174101798648901
-0.67253237717093
-1.15197601893312
-0.905623807347177
-0.683788974965609
-0.477105063734062
0.615233035530241
-0.729456355711752
-0.568646046496056
0.265855074791459
-0.94382524225195
-1.19752126768411
-0.0512435308761268
-0.818571679839398
-1.54836825953471
,
----
 People
-1.07579671026712
-0.752844460661918
-1.53755466878883
-0.981825108848459
-0.831854714996345
-1.18025984776033
-0.831189794871062
-0.573579945994095
-0.459297056210328
0.613674046520426
-0.757992357774168
-0.198167757897999
0.681347909632351
-1.47082725062815
-0.695245249284197
0.703905872508146
-1.70843884755887
-0.847369237249566
,
-1.05379474805855
-0.667150412507764
-1.53754558065955
-0.968716157500969
-0.756023702752425
-1.23081082310938
-0.822203039165182
-0.564932375463924
-0.452705266054852
0.614094616463148
-0.756450086393901
-0.199996948744796
0.682823988363281
-1.47108599738432
-0.69791147472847
0.705733778996658
-1.7092980356979
-0.850325589699544
,
-1.02740275231849
-0.567101468527923
-1.53108181520876
-0.954494138161986
-0.680465261578787
-1.22703582796455
-0.819210167878445
-0.561809552034365
-0.454402850272857
0.613928390894597
-0.757422473125869
-0.203880696395276
0.683629147805883
-1.47143378411031
-0.70020892440991
0.7068627249437
-1.70943762243268
-0.85209157794285
,
-1.00628971033636
-0.417438796758728
-1.5471870615848
-0.945764805629997
-0.584654598532561
-1.22496494538532
-0.805099232960663
-0.54431312848424
-0.447732498952024
0.614441431892064
-0.757967972722772
-0.20663328333809
0.685569896066745
-1.47313116751243
-0.705066829541375
0.709279375618142
-1.71151888209532
-0.857638935821044
,
-0.987652222954731
-0.29601457203447
-1.54323893347765
-0.94163385463176
-0.433082564609814
-1.31104231479892
-0.77971674147111
-0.507690106098815
-0.417415569729915
0.6152193783475
-0.760183950747759
-0.210940597935292
0.685736537290978
-1.44256096705263
-0.698088480194792
0.709242256938804
-1.67001994694169
-0.846884508374321
,
-0.960915382653635
-0.165256894259027
-1.52765654130398
-0.941534672661771
-0.369771611820882
-1.34931913209441
-0.832456067849834
-0.51875404305167
-0.674852147535634
0.614794942109204
-0.760252735681842
-0.213815335259482
0.686613092134186
-1.37296571627198
-0.664044278143602
0.710552483994136
-1.57720339350527
-0.800528537168266
,
-0.934323059114937
-0.0629157283727123
-1.50482373266682
-0.937006591443969
-0.254195585326458
-1.36519087999285
-0.838237426207911
-0.503905954253541
-0.721145984332336
0.615802742664621
-0.758139221947888
-0.216422658958422
0.687526540581559
-1.36955146663607
-0.664709792126126
0.711434464698791
-1.5733555311553
-0.800540991044132
,
-0.923090414191414
-0.00038760614227123
-1.4940264689761
-0.927025493622858
-0.197016023805103
-1.35990850441138
-0.838301276502381
-0.490332305250228
-0.734017305310441
0.616713214717208
-0.757722113543048
-0.219068915927612
0.687373420658914
-1.37109303077159
-0.671899674851044
0.710926822639483
-1.57555002875216
-0.809241638783597
,
-0.912757888088708
0.0389493231388803
-1.48120304121542
-0.921604020584369
-0.139011279921474
-1.38706088962224
-0.84583400170683
-0.477556445711592
-0.786671711191438
0.616446955294945
-0.754883739596185
-0.220928355409407
0.685059676137488
-1.42345436084748
-0.730856274008964
0.707930591582924
-1.6463112685896
-0.887271331477322
,
-0.909590501430395
0.0568113401401152
-1.4777878174266
-0.918221207344777
-0.120530200558426
-1.38772965995505
-0.846264244623806
-0.468504573149977
-0.793107501664089
0.616053578972617
-0.756310716052992
-0.224007406287498
0.68363676573155
-1.43185681285194
-0.740927222921222
0.706164503144145
-1.65703889607596
-0.899680438721051
,
-0.907471941786491
0.065000679326992
-1.48003469537758
-0.915768481120995
-0.113957133234184
-1.38977698979556
-0.848845194465483
-0.465956089187305
-0.795496733946863
0.618687460665996
-0.75799143006842
-0.225095334125226
0.685033942148768
-1.35490506343637
-0.688806258444502
0.707149427467402
-1.55387630008589
-0.829797088141831
,
-0.904832791416989
0.0670239727688635
-1.48091377568625
-0.912442803370671
-0.111029294737985
-1.38902092452614
-0.849770597940906
-0.465282234491853
-0.796125567768913
0.618597184536544
-0.757665417844329
-0.225959318873612
0.678183330151029
-1.43936478506876
-0.754754680882924
0.69804537868919
-1.66659789897269
-0.917447349842585
,
-0.899169532457989
0.0644688892100816
-1.48296262609088
-0.910872623169073
-0.100185630338494
-1.41651231580259
-0.848885816296952
-0.439195777560292
-0.815104048130898
0.618071701217015
-0.756636342117504
-0.226408346952038
0.67832517549368
-1.44107699935297
-0.756079321432485
0.698409666919235
-1.66922392756304
-0.9190813785555
,
-0.893639651007849
0.0522593241583492
-1.48920036323574
-0.903944193214892
-0.120895579111309
-1.39885402315107
-0.849162937400045
-0.461534360366385
-0.798658820620565
0.616676335860384
-0.755806137147918
-0.227214382051012
0.68262786933619
-1.31187438115817
-0.650665187397061
0.704611722310739
-1.49723042856447
-0.778276527340087
,
-0.889520351944989
0.0139380409923537
-1.50361656473509
-0.897855229599859
-0.16320766746014
-1.4008572197918
-0.841362558118941
-0.468452302198169
-0.781742922369885
0.616637462963779
-0.755126867186996
-0.227507005186964
0.675067231541216
-1.45556815944315
-0.749931191388362
0.694543829538879
-1.68904863255445
-0.910550564488811
,
-0.894502380047227
-0.0717996704964598
-1.53081014609924
-0.898015845307021
-0.249899122998028
-1.38483770185066
-0.836091007378736
-0.484661643872073
-0.73325322674003
0.616981874807492
-0.755778392007942
-0.2272763614729
0.676905315068884
-1.45791368199299
-0.748397519181869
0.696879795156015
-1.69195882106939
-0.908564302002824
,
-0.909749264331115
-0.170538063256878
-1.55234067857134
-0.908447197050691
-0.355480373237217
-1.37904665616096
-0.814952914557551
-0.570595253217009
-0.723117928058414
0.617848950067933
-0.757194941313123
-0.227057616016921
0.683353704975444
-1.3915217595124
-0.684670038466333
0.705188614782363
-1.60296404923666
-0.823646656559739
,
-0.936134345134918
-0.293575432526694
-1.56852120083714
-0.904268051986381
-0.458561852395393
-1.29931311351859
-0.814500519555696
-0.695677657628715
-0.561210633018488
0.617890061703046
-0.758225858410174
-0.226803319749325
0.685239083362919
-1.38351399830396
-0.674466649553861
0.707688748744326
-1.59194339527899
-0.810111119422471
,
-0.954486354954406
-0.434563088023676
-1.58359325535705
-0.910519759087551
-0.569524901928668
-1.26215825413312
-0.781207918411103
-0.520114679090326
-0.446450623217488
0.618311827319906
-0.759542756977961
-0.226664840483653
0.68596598321107
-1.38061896299416
-0.668972174262531
0.70851737702122
-1.58764439905195
-0.80281805545266
,
-0.979684202988781
-0.561290278760432
-1.57790396016567
-0.919524048261937
-0.653677663930937
-1.27868216259036
-0.785774560733766
-0.5216846621995
-0.447843098246957
0.618837339936004
-0.76213564193414
-0.226900272207256
0.684286644791986
-1.43030324652497
-0.695229115979837
0.706103071214139
-1.65302577285873
-0.837721827739826
,
-0.997283209368372
-0.635782833444761
-1.58444690810661
-0.931219140360495
-0.723099395864356
-1.28012409255081
-0.805830779852225
-0.528972214858504
-0.459481320226382
0.619358707105611
-0.761597882506237
-0.225251780692737
0.686312033091033
-1.43977970338372
-0.699873176370108
0.70862979987668
-1.6658403188857
-0.844441993360661
,
-1.01875529492148
-0.721128857723111
-1.58893580998497
-0.940005050067554
-0.783898857456813
-1.25684706504526
-0.811250165339908
-0.532408016851218
-0.460845271616578
0.619898891353032
-0.76096092948668
-0.223602081373637
0.686704673990198
-1.44620747560388
-0.70282835876799
0.708973276754405
-1.67462303373537
-0.848917506646182
,
-1.03900195063893
-0.802692760066968
-1.58284042034109
-0.949793922140018
-0.818345674564563
-1.22880838895342
-0.817384692444809
-0.548272851331752
-0.474485269700807
0.619722314966143
-0.760654230655288
-0.22307037336188
0.687486090051681
-1.45341628751108
-0.70631437044618
0.710074023634975
-1.68433697312968
-0.85373775477656
,
-1.05340506774164
-0.859645999057986
-1.566193500999
-0.960950795943838
-0.845639666235937
-1.20766259435431
-0.821620268583611
-0.56087312487483
-0.48185974101502
0.619553113784134
-0.761160186818154
-0.222885842935634
0.687584489263406
-1.45839743688791
-0.71055398309108
0.710261605866804
-1.69080989635962
-0.859449014547629
,
-1.06258409828549
-0.901164620838788
-1.5550177598193
-0.964905509486733
-0.865211192698088
-1.1919387731469
-0.822096810715344
-0.566361062328826
-0.484366432636776
0.618612108004873
-0.760995120872031
-0.223370694472368
0.699798663362397
-1.31506367167372
-0.617060226621834
0.726860839941636
-1.49975317152775
-0.734654731117135
,
-1.06925501026904
-0.918506581071907
-1.55248590942372
-0.968091893424194
-0.876683095893733
-1.17485007626283
-0.823110852817515
-0.572954915474998
-0.484882200258
0.618587443098699
-0.761056342402838
-0.223432646228624
0.699936380925132
-1.31496329245725
-0.616899825459543
0.727052693533943
-1.49959891686429
-0.734424438086542
,
-1.074850495853
-0.932418045026523
-1.54759741453198
-0.970273953917823
-0.885402973688352
-1.16139674781856
-0.82388033172367
-0.576374272649541
-0.483839898252419
0.619547481078323
-0.760959215182033
-0.223327310133023
0.699795772120243
-1.3143357153575
-0.61724891016275
0.7265452110004
-1.49879459141358
-0.7349313995254
,
-1.07440690216683
-0.935437656291104
-1.54584539979374
-0.970938819723556
-0.888259757782382
-1.15699275975814
-0.824437439774997
-0.581617715288962
-0.484487464692821
0.619118283395165
-0.761192942697307
-0.223838584461255
0.699538955853433
-1.31428832371489
-0.617107330487615
0.726345846672856
-1.49865348482406
-0.734582870613398
,
-1.07489872940724
-0.936752956449986
-1.54577891061044
-0.97251988779359
-0.890081889932452
-1.15793084623068
-0.824799160271342
-0.583693112347387
-0.484386535937525
0.620069291985562
-0.761370333565667
-0.223936328492816
0.691433424675483
-1.47495984330153
-0.75274017861243
0.715221468905456
-1.71282298762476
-0.915387831600845
,
-1.07800562593963
-0.927876090257533
-1.54250734860003
-0.971236816003005
-0.882700197369666
-1.14699400832156
-0.825018599498784
-0.58315860296666
-0.481557104638194
0.620181130521212
-0.761120181286703
-0.223947524603555
0.691800803293081
-1.47471683773778
-0.751455288514833
0.715674036078438
-1.71258237283201
-0.913673046173833
,
-1.07365331918111
-0.874946999982848
-1.54702312360315
-0.972205779191549
-0.870976736966856
-1.16400626417387
-0.825061708764441
-0.583076636679241
-0.480995146148946
0.619378786636232
-0.76059854857967
-0.224825705755888
0.691935395703175
-1.47454257939042
-0.750820543334895
0.716120923530417
-1.71252399974966
-0.91253304178279
,
-1.05563855308404
-0.756117330079432
-1.57892830447411
-0.963895195401623
-0.838975353878639
-1.19225745849996
-0.826138585625309
-0.581449768476433
-0.480552850363184
0.619245962599556
-0.761291305276449
-0.22649406941674
0.691332288731032
-1.47465571392839
-0.751742916186442
0.715361072638756
-1.71244380749287
-0.913202757927691
,
-1.0356626920331
-0.685021693192935
-1.57249207140042
-0.953266732911897
-0.752534500344758
-1.20174775638761
-0.826761680647068
-0.575873211106418
-0.477614993076174
0.619239689156529
-0.760784394971563
-0.227107276686843
0.69102807447476
-1.47456513380863
-0.751764833858353
0.714957544774342
-1.71249204675432
-0.913032985222426
,
-1.00797981705264
-0.561812240528795
-1.56160721882983
-0.942527104829987
-0.673945142988058
-1.21818869227813
-0.822151399549896
-0.570771409132992
-0.477627512719635
0.620380310571983
-0.761644619785823
-0.228131428118861
0.690467666259496
-1.4754536381926
-0.754045434994791
0.713830109625875
-1.71339002030883
-0.915727944228265
,
----
 Activity
-0.712433233748215
-0.792476558866427
-0.79411725562971
-0.771877002420446
-0.713487061676337
-0.580589066000609
-0.950208410591224
-0.476518595644588
0.100280579331576
0.646466684116489
-0.716553408084181
-0.167037456813139
0.488197942442744
-0.67032786727354
-0.839042170626882
0.405088264532057
-0.565437827460778
-0.993577193253812
,
-0.543292892438492
-0.790864983197483
-0.98413181848743
-0.646683244979664
-0.712141376716391
-0.7194083323068
-0.956854302603179
-0.475970557273115
0.115109401210324
0.648871709969832
-0.720418487516034
-0.169048599472861
0.456838958881808
-0.645915416264744
-0.830014035350396
0.373599561889333
-0.540861666115598
-0.984790317315207
,
-0.558842282220968
-0.900901195594374
-0.952059402943188
-0.65875940802824
-0.795659218620126
-0.694644268459088
-0.958510785450055
-0.479933274881763
0.118031644152021
0.65022625640255
-0.724599277990373
-0.168590388115572
0.451966185692786
-0.63857297577553
-0.827599034298349
0.368555910113544
-0.533303579784847
-0.982693037937099
,
-0.713830641290596
-0.823796528871343
-0.938254737721528
-0.712292339073331
-0.849866738402419
-0.734537461303107
-0.94274977883409
-0.516919156478951
0.0901493543315202
0.650211483543943
-0.726788422968802
-0.1705996454437
0.487025347862623
-0.756330922791299
-0.845711921440007
0.521197187466705
-0.666840219526734
-0.55592402902167
,
-0.494502897698986
-0.839960316850565
-1.23044748062246
-0.589462917071004
-0.79967065336591
-0.968008999368312
-0.874342923717796
-0.678801682212918
-0.14010077676034
0.647873467143001
-0.723307662739142
-0.163203064559562
0.523295305603059
-0.941229438559254
-0.811908899067764
0.42544909580331
-0.853888208406423
-0.970744281915058
,
-0.442644639786195
-0.616980077098576
-1.19888946464496
-0.547842710505473
-0.63440145613961
-0.961372413001477
-0.863436974149974
-0.686665590044797
-0.208213930589272
0.650299296466673
-0.711779369807973
-0.079276079017478
0.339634839253199
-0.739529472814041
-0.874658982115351
0.240011706107117
-0.653208904496552
-1.03303732116609
,
-0.491320999663415
-0.469762439121828
-0.95763338392189
-0.525394842042898
-0.523947335589825
-0.940289418245183
-0.815078092561076
-0.675705223372143
-0.329915716017399
0.676962070285034
-0.681824274067942
0.0102830990013138
0.469223447158938
-0.697990871786804
-0.653346668918442
0.369766207072198
-0.611814044652168
-0.811461395322776
,
-0.445377399882411
-0.302060121606539
-0.892351070518543
-0.492507202191829
-0.358204118166234
-0.863437517919056
-0.8065190283796
-0.673251046837999
-0.344514863534026
0.698056490127814
-0.633547343821648
0.0976532726373758
0.469312898806558
-0.69411301496983
-0.642008909819422
0.37040209345735
-0.60840965775931
-0.799254927430435
,
-0.40929473164802
-0.212076845219212
-0.860742773427757
-0.47537695924437
-0.30674926948987
-0.837994151623693
-0.789051665964939
-0.662776374750793
-0.361437205759415
0.761692321480547
-0.52738717171209
0.275178684681545
0.648915059129921
-0.781223836311274
-0.346644425819117
0.552532618278049
-0.791389079236508
-0.602074983394431
,
-0.402353152997487
-0.184516380787212
-0.845643300920627
-0.462504605618129
-0.263876218757087
-0.818233635504974
-0.786342102167428
-0.657587583151342
-0.364471827696021
0.7581429816189
-0.529370466734607
0.269161091674287
0.624449876493867
-0.773262319595001
-0.348423972850778
0.576714840310382
-0.817554436104533
-0.538419943096767
,
-0.403404271870081
-0.195237619981419
-0.849579502384879
-0.46128436842983
-0.272165038729606
-0.822586918850457
-0.783279216462826
-0.657599100588748
-0.366561267470555
0.751142687233783
-0.53764222839258
0.254355712895615
0.58728732403204
-0.907176031485445
-0.467141455798544
0.54765037553565
-1.01517417762367
-0.630757780727945
,
-0.43349029670947
-0.372388271158375
-0.932905095887918
-0.448367224913793
-0.410913540024996
-0.934621863965549
-0.78942181116318
-0.668965478527335
-0.365054138410839
0.735145723696772
-0.613682660487725
0.18273249103627
0.600906446290134
-0.926590767853318
-0.453754487217345
0.557366840504389
-1.00266178748511
-0.670289439678049
,
-0.474789000445123
-0.565248753545803
-0.998815051480518
-0.48969387791778
-0.578875318934436
-0.986328877208946
-0.792957792150541
-0.660291972620628
-0.353739078492156
0.695458936763839
-0.650072971517826
0.0695967353017699
0.610862620831994
-0.984392032039953
-0.504748156282609
0.449540075352448
-0.941283842084527
-0.84798208221735
,
-0.405252942629435
-0.563806761530075
-1.08661361563534
-0.531731811429963
-0.679438233839125
-0.980659424571161
-0.845441503724461
-0.660185053062224
-0.230651168184499
0.665891148870303
-0.687313191002219
-0.0206787230674965
0.623348837396535
-1.06895214222316
-0.57666356232218
0.40606355584301
-0.831275953180411
-0.881047873821511
,
-0.445836916052375
-0.602268295218582
-1.00305805714136
-0.572517962668032
-0.718084544475785
-0.896934324020793
-0.883364215276286
-0.62923374450828
-0.120850725535198
0.637186129313627
-0.721729799814683
-0.138849284856494
0.493226546424377
-1.22724159452787
-0.570393585843893
0.445240010390997
-1.39574554290619
-0.700984791235904
,
-0.610350211835756
-0.703898183701521
-0.79303832355365
-0.748464539238577
-0.726570234035478
-0.573072231673166
-0.930053942255161
-0.490122212545143
0.0810363898744517
0.641316600033003
-0.726364120129933
-0.152499973152559
0.482800136500281
-1.223306133777
-0.571371861321314
0.429961306914356
-1.38895350529276
-0.697731213269524
,
-0.65958252020131
-0.687572851611461
-0.744127779109882
-0.753242711906927
-0.721186510279915
-0.568082395865197
-0.932732015829153
-0.489951451850296
0.0888244541415801
0.64547388979008
-0.730777205358352
-0.158684304242292
0.442944637796641
-0.49221053951833
-0.763437583650588
0.280418904294789
-0.35956335687616
-0.939063794859756
,
-0.656572283403339
-0.713527010858318
-0.746036514238363
-0.754568794117556
-0.726536139869996
-0.568980472869315
-0.941012055272886
-0.480332915512867
0.116716229674011
0.648968284252518
-0.733940649453567
-0.160424217789846
0.441575755837215
-0.491063741678406
-0.763733565746161
0.277861334536468
-0.354583161346644
-0.936479649518269
,
-0.685959963090848
-0.768310930227346
-0.735757253787973
-0.70763973990109
-0.85611544577502
-0.674678488419764
-0.940031997631399
-0.490362812923982
0.118152092226515
0.655251007617475
-0.739438148396663
-0.161540747447798
0.372285687845678
-0.561491971302573
-0.759432932345287
0.207674200025163
-0.41729542179221
-0.92678097546012
,
-0.673080148008355
-0.848766045543911
-0.838804419780996
-0.719806864821386
-0.873834854750219
-0.67551662279452
-0.980985769088973
-0.621948307667053
0.0692333360048401
0.657040536270961
-0.736186784343407
-0.156412068503878
0.400789296879827
-0.659679269096793
-0.790628448233538
0.260671803364159
-0.550653794932011
-0.88403233991679
,
-0.535189744296554
-0.847562807776977
-1.0615651632979
-0.65148931055991
-0.788031334023726
-0.796182032139476
-1.00038800934998
-0.6094369384233
0.0404487475792253
0.651393049593908
-0.724762527944679
-0.148986880550167
0.30540808568122
-0.694878257806038
-0.93787242640615
0.0560713070650716
-0.517287488300174
-1.24762648726277
,
-0.436592739987172
-0.629643990582538
-1.20863458003901
-0.545309838936961
-0.640672342923919
-0.974362662204347
-0.871461135786327
-0.673757396707886
-0.230651629709302
0.648547566072316
-0.722626866799447
-0.0803862395501722
0.346662285036344
-0.725617186842046
-0.88426232155758
0.0947787667430086
-0.546212500276958
-1.19718021900725
,
-0.43036206094132
-0.488386262097888
-1.14484601133968
-0.534402368672034
-0.536181707539698
-0.949798196977462
-0.846523239959275
-0.67956802440079
-0.323709678095242
0.70134954545928
-0.670289576018164
0.075600938784629
0.487241966693717
-0.700953180185896
-0.681500943376592
0.235056850184781
-0.52133368182325
-0.994793515854695
,
-0.385692091140731
-0.252183352992863
-1.058305163016
-0.496573569315872
-0.356170660996351
-0.892247887430925
-0.829217900449422
-0.668132585006813
-0.353295824086252
0.710339319284599
-0.654041784659517
0.10307260009244
0.490775714882298
-0.693815288107889
-0.660074816834944
0.239605847812295
-0.514918912976536
-0.972106116792994
,
-0.363681033946267
-0.168379036851587
-1.01831823898811
-0.47298876273055
-0.289962113312004
-0.87000161145168
-0.800911847298398
-0.654711253631377
-0.38490446661896
0.761794369394518
-0.578991681970721
0.205999817181831
0.503212928692501
-0.699371128507588
-0.615300927551324
0.255946646842726
-0.523255082792102
-0.922482366034095
,
-0.350972194987643
-0.136093495063304
-1.00595748540263
-0.46276623765995
-0.26434027448454
-0.86355759168787
-0.798148365676872
-0.649080612748248
-0.396256496563347
0.761959825032693
-0.56190597082306
0.229898398203799
0.612602325418915
-0.82859065239944
-0.38349475603141
0.565011024122925
-0.691379638322168
-0.526010144290995
,
-0.351202181288298
-0.141065884202605
-1.0056107942948
-0.462866322007296
-0.268080596532753
-0.863672533596147
-0.79785864261298
-0.649124743043629
-0.397801854276179
0.757228650467117
-0.561815033266238
0.232618093379364
0.589251822444126
-0.881861794257791
-0.454275348073567
0.552494032379947
-0.843304616598763
-0.650412353310365
,
-0.367293204301295
-0.37277903055559
-1.11046782737126
-0.477392623922323
-0.444381727411515
-0.93915443288534
-0.807690882785408
-0.659189767308406
-0.38524100243742
0.72027705862937
-0.605744145673493
0.188420695667127
0.598437853901087
-0.898757551969274
-0.447174605197242
0.517511790390765
-1.0900029467373
-0.626549534648106
,
-0.416830818839463
-0.578310697430549
-1.19730479394058
-0.520479503340946
-0.5982313451254
-0.996300273837062
-0.831425506091704
-0.657993285037846
-0.353246922029171
0.681770451309487
-0.670446414190385
0.06539999083346
0.614736572211069
-1.0475961686353
-0.498094713885671
0.603733095417554
-1.22301661486246
-0.599964684458951
,
-0.421307956738917
-0.697837849029602
-1.25492433680392
-0.53357073241646
-0.686223568971866
-1.00710658152429
-0.870358957292089
-0.65138073518347
-0.22335687531038
0.647079568063869
-0.697351575339475
-0.0165200122850777
0.603450025811279
-1.07222717214958
-0.589454044757848
0.642783815265106
-1.23248580782409
-0.710162343684326
,
-0.641654301064791
-0.727672983185145
-0.884152401822271
-0.565280929890267
-0.731625494634854
-0.917639382336694
-0.914889924989194
-0.624536278963282
-0.0954745784900476
0.6230124894206
-0.726514375159429
-0.150075981455144
0.421781955871448
-0.851050449855225
-0.801022304796644
0.354705109220286
-0.892562470484269
-1.00453133379514
,
-0.663397046175878
-0.740795787548473
-0.807283396054736
-0.644221866119484
-0.721104978903569
-0.773183568879174
-0.941137187530867
-0.51229163971755
0.0759973223399835
0.627015392670688
-0.726969917651173
-0.154160207849606
0.425418854269172
-0.780565375938807
-0.815724170681852
0.358220003862994
-0.798430528701352
-1.02276308360192
,
-0.678982235871188
-0.745935567394567
-0.767805703157834
-0.786222267897633
-0.748255261782521
-0.554238201416162
-0.946017574365522
-0.500487485744586
0.101268138035473
0.632227993782131
-0.72879257369245
-0.154611459818112
0.430163152636332
-0.690890930237817
-0.817989034143111
0.362808207726283
-0.678257049086273
-1.02561759268143
,
-0.683419205974506
-0.757112513777405
-0.762830614016902
-0.779664126417307
-0.774610629905465
-0.563768126254845
-1.04394964309208
-0.531227618975136
0.181916470355355
0.641011960359881
-0.739116188006806
-0.156067384656146
0.442533310814959
-0.652650895861097
-0.818663897107351
0.376373765260748
-0.623829131812528
-1.02597805775739
,
----
 Airplane
-1.13367304859818
-1.28453663683864
-1.07148045988021
-1.20988149946906
-1.13570025521599
-0.752632529533945
-1.07788340715838
-0.632434028766396
-0.172433276414226
0.648331504787768
-0.78867413699133
-0.288891406966187
0.747443624288143
-1.43709719263562
-0.733601647105804
0.770358988646033
-1.66261483766206
-0.887382779287749
,
-0.898580258459075
-1.30450815784514
-1.18624301606321
-1.01569531303599
-1.14692965599271
-0.815589468848861
-1.04522262633211
-0.654100163462153
-0.217756063805824
0.648456915108263
-0.787827709903707
-0.278714919432404
0.748395272138907
-1.42883267343854
-0.721844774440994
0.77327049346529
-1.65327929635602
-0.875479895616892
,
-0.693549547077539
-1.25033673497643
-1.26139174119073
-0.874260269723064
-1.06626271266051
-0.833075261324852
-0.907989329056478
-0.621281550402391
-0.277297970836984
0.646163193735462
-0.782889711937
-0.266484178489346
0.741820879910595
-1.38681675913926
-0.683052420304127
0.770418744830543
-1.60845147095111
-0.836722821794913
,
-0.610637506262262
-1.1049956656655
-1.1809843132949
-0.794998431854718
-0.993769038120193
-0.89996481133185
-0.825479128969241
-0.607041343346132
-0.349698347580789
0.644706917258016
-0.780521584251494
-0.257074057969907
0.73870564802004
-1.34118026819284
-0.642208205705398
0.768289797885172
-1.56108120505894
-0.797222094388495
,
-0.470299565858833
-0.972824029112994
-1.21028096425641
-0.604205831644462
-0.898470518629453
-1.03336950786063
-0.725436844126659
-0.582472574941707
-0.447248503027844
0.645369495586039
-0.783562074747521
-0.252165453464556
0.73996399854214
-1.33764924065554
-0.638427538716374
0.770933298699051
-1.55852330778238
-0.792870972227369
,
-0.317378740388259
-0.794040170276758
-1.25647127564213
-0.462018186226065
-0.78371305915084
-1.12839407028556
-0.629363520064286
-0.481508095639177
-0.541783047922214
0.646464967560196
-0.787676267126616
-0.246108078648411
0.75004786695491
-1.43971874175818
-0.690437307523728
0.785761580290469
-1.65637681341643
-0.852570583451913
,
-0.101258835789774
-0.564043346549656
-1.31055860279907
-0.20256844732414
-0.576267505547657
-1.25524446827175
-0.639310336170226
-0.401820474118713
-0.663791682892195
0.652970055597642
-0.806933701778653
-0.24197273253094
0.759029384194026
-1.42094182313458
-0.656635693110397
0.78826342568733
-1.64288403359889
-0.821085684251138
,
0.332875399171319
-0.172228712387805
-1.2522714808302
0.0767925453344033
-0.284522880618394
-1.23033883573543
-0.651705622088981
-0.391632011105431
-0.673268726901997
0.663674043981467
-0.841710786253595
-0.254016867144725
0.767587718198756
-1.44205017250827
-0.66938385346069
0.799426540657415
-1.66859302474337
-0.831661768878367
,
0.420158509647178
-0.0354780977415796
-1.20386673991081
0.184778286084984
-0.172638910069075
-1.17410696777505
-0.369429506675415
-0.313185269868022
-0.826216427987093
0.640565855484174
-0.781747669932663
-0.203004247133015
0.738502451008337
-1.32862451015464
-0.579193552274362
0.773353694429731
-1.55236355681688
-0.733559296456231
,
0.657975166910011
0.201981637109023
-1.02887003325431
0.37631838849886
-0.0361295204606933
-0.982253083421253
-0.19272889425474
-0.611522367646545
-0.633661004665843
0.617935374769873
-0.828014827645659
-0.153497633835328
0.719220829544932
-1.36956841430301
-0.52259519979835
0.750497861862454
-1.59099145257991
-0.674269918572249
,
0.658503601784331
0.189100266214707
-1.00688342841508
0.376834336146586
-0.0501756749648996
-0.96712215329032
-0.191733919035445
-0.628219807584177
-0.625010108193986
0.617433354831806
-0.837967748307653
-0.145591440700244
0.745344844149474
-1.56124518648412
-0.64271381123304
0.776022263177709
-1.78463342416568
-0.791142622811857
,
0.64809802965884
0.259830346365089
-0.933729673238249
0.366407624800673
0.0317742164083116
-0.898903750743364
-0.202187829389392
-0.537850554560369
-0.558745326952683
0.598202907534948
-0.738821011259377
-0.0786619116245648
0.706598685828861
-1.27121132115859
-0.446670247400664
0.733991527233529
-1.49243945246807
-0.595493662339718
,
0.62417123458695
0.0578062622328385
-1.06371043534576
0.496220729311441
-0.0183992022465808
-1.05500673183907
-0.148371503227771
-0.448960660376959
-0.630523784284715
0.613828545733422
-0.745021459947642
-0.113163380074963
0.703515504717211
-1.27575581520411
-0.49829203710294
0.7376029972283
-1.4998419029036
-0.644967682485506
,
0.632707023894898
-0.218024946169919
-1.31137219791045
0.547933586343866
-0.316022543313493
-1.39489918947302
0.138409976525171
-0.145559864703941
-0.816107666688307
0.703299581900917
-0.808945612918191
-0.178783636523642
0.814213995230623
-1.43297952394647
-0.618630487756553
0.850590554219841
-1.67644160946536
-0.778677417270783
,
0.118323408846699
-0.572298800064348
-1.37978901645032
-0.142006240829943
-0.627645741389388
-1.28014797694314
-0.572468170465567
-0.640389164739452
-0.721028877928483
0.678160386282177
-0.816051974197143
-0.239860329508269
0.773659369109248
-1.37059100466696
-0.651225078991858
0.80618885157138
-1.60543277901321
-0.807923342256978
,
-0.123349397692027
-0.843848484995517
-1.48731316521715
-0.345709273171386
-0.814488221804427
-1.31699306302427
-0.632943025014519
-0.632168914639738
-0.701842282188255
0.671108431264691
-0.809440698512869
-0.250011763462751
0.765401876878921
-1.35874727325927
-0.658125274012248
0.796335985402187
-1.59100668658483
-0.81437376555323
,
-0.241354391275417
-0.933367833058746
-1.38972777101893
-0.576543063773612
-0.898490807393563
-1.099810959389
-0.747632847233554
-0.600979104531965
-0.494108618704971
0.666921506229602
-0.803497475479257
-0.258105924573373
0.760587826611391
-1.34790058087363
-0.66199490033947
0.790557243874686
-1.57765743038571
-0.817406478648278
,
-0.663409218293619
-1.0285308797891
-1.22153202476465
-0.77665213543266
-0.939588879933527
-0.987525956989643
-0.832140479392841
-0.613528839865016
-0.386686554903555
0.661507810108273
-0.791463112675726
-0.260123293623471
0.752801030428201
-1.32851218614397
-0.656755634765882
0.781372674932215
-1.55483431091192
-0.809907360484323
,
-0.696642812502416
-1.02442362017298
-1.25192116841767
-0.945967974649447
-0.909809134383712
-0.865928492669674
-0.944729461112483
-0.564120602661409
-0.281812449277756
0.655247176640727
-0.785575051916027
-0.258185110919783
0.751035887882492
-1.33643466277828
-0.642736996731647
0.7755087304749
-1.55766245094607
-0.799375313782547
,
-1.05065971249893
-0.98533564828406
-1.15077924224927
-1.26086869554554
-0.881868595164722
-0.742956631336362
-1.01549988298333
-0.553489287809191
-0.209629720986728
0.652076738664165
-0.779376765568877
-0.249778081760303
0.750088864576077
-1.34088843008358
-0.630830560608561
0.772372606456707
-1.56457397863735
-0.781929776877172
,
-1.23750204508354
-0.982429770094976
-1.0859604923915
-1.25317661051833
-0.857439050109977
-0.726206687105985
-1.11990866712059
-0.524775287956326
-0.160211079432731
0.649172871717147
-0.774941360935993
-0.24439701295177
0.747852517940138
-1.33979152573925
-0.614948155706955
0.766089369852454
-1.56666572325385
-0.758106005862761
,
-1.26117616541311
-1.03402262881057
-1.101258720846
-1.27993476599428
-0.903118604686759
-0.733682453997179
-1.13487717893756
-0.531561234628323
-0.158233960561123
0.647034412049167
-0.781365017535127
-0.240784989481467
0.753235208295311
-1.39858880857497
-0.606241048966698
0.765479570649581
-1.62428739982569
-0.752275625658542
,
-1.09794613069007
-1.18231760174958
-1.11715795643065
-1.21269794095132
-0.998958659413105
-0.78353526757632
-1.12458384146001
-0.557553721971516
-0.177930560784159
0.646354973747978
-0.78243104231255
-0.236844346391248
0.754988616367258
-1.41762600918122
-0.596283434604786
0.76542013749889
-1.64577833397497
-0.736905011047427
,
-0.868960170284132
-1.22042902280712
-1.16446509223161
-1.01599575835245
-1.06560543314003
-0.854977237634259
-1.0483952625468
-0.604835278954992
-0.236430365114407
0.645544992047064
-0.78536875644974
-0.230548552462099
0.752591808355373
-1.4723769720489
-0.605322423023793
0.765362827591819
-1.7035324475272
-0.739161555101217
,
-0.679042028413251
-1.19720777628072
-1.20826826568503
-0.828393046445476
-1.03964326967502
-0.88591744881621
-0.93460027976445
-0.623144356770408
-0.328696765521455
0.644767840892534
-0.787762108673259
-0.226061227767785
0.750960142041479
-1.48798781165653
-0.605090884928195
0.767110488937011
-1.72252305833877
-0.733180977392626
,
-0.593697320786952
-1.07201356275426
-1.10660115256926
-0.751291354045896
-0.978250185404067
-0.901235498916096
-0.816917919422152
-0.599936634885252
-0.354824150747225
0.643618922230687
-0.79050628606857
-0.219587020158197
0.748334985277432
-1.48427427591167
-0.593573119786395
0.766832892658661
-1.72007246986805
-0.720620197576965
,
-0.311514071421589
-0.951719906754195
-1.22426708287864
-0.509787276339973
-0.907692662081017
-1.04762273471323
-0.658972606185141
-0.569452859215428
-0.488611074326272
0.642454976643831
-0.793853832690777
-0.211330854366971
0.74634016044311
-1.4845696557283
-0.588562696372321
0.766037545425003
-1.72097114907513
-0.715764404755139
,
-0.225155925530865
-0.759449747513697
-1.19222392443849
-0.3725331710031
-0.739259629942672
-1.09378634145087
-0.641455256981134
-0.504332419660656
-0.519332493236398
0.641777318258536
-0.799907749377992
-0.201158670380683
0.749602345828255
-1.48960913451003
-0.580450109579455
0.768175557860456
-1.72682194339176
-0.711049238251112
,
-0.03968739834265
-0.575082942635603
-1.24439379551612
-0.0776185024771236
-0.581976510005071
-1.20794575648936
-0.633123916048879
-0.4468306475397
-0.625202720713596
0.65241011586503
-0.864436277997734
-0.198621440525851
0.754396900046508
-1.51957247965493
-0.576857169456722
0.774287911546445
-1.75974376503689
-0.714929345357599
,
0.373959557131035
-0.276527983122737
-1.20398172243275
0.104388374885044
-0.360708268689898
-1.19344366448571
-0.643201739772857
-0.455144871052446
-0.649200009678492
0.660030390789181
-0.878376728049358
-0.184682885334569
0.763042671395216
-1.55286546473536
-0.587073554970995
0.786495950391802
-1.79330115537125
-0.733724767928057
,
0.30428285107283
-0.201794883775399
-0.734576859034434
0.0477745451236226
-0.309389002442192
-0.753068234352626
-0.568048033087666
-0.683350069153796
-0.183597700716853
0.650594948211311
-0.842031668404868
-0.149695742185348
0.736803498889507
-1.40408991267921
-0.526516394137235
0.764380220359119
-1.6437537973927
-0.666214980429387
,
0.301669623573866
-0.11079644346726
-0.589501624028982
0.129721567530238
-0.221464693117966
-0.617855421442667
-0.533571900779139
-0.659126462987167
-0.1644994665606
0.655998952449988
-0.821811602151039
-0.0934200645143581
0.758234752290224
-1.38916202930006
-0.459204039640854
0.780536096113028
-1.62620183051182
-0.605231570347628
,
0.848414989758127
0.32495816707001
-0.813150361733153
0.10929889602911
-0.200831875822081
-0.544622790990479
-0.547251711667315
-0.669061078660575
-0.11308436869577
0.641390912586569
-0.809204939266031
-0.039157590407383
0.761035837229633
-1.50651106122337
-0.504378890424897
0.777840054145548
-1.74427914249705
-0.650396406451576
,
0.854760539246228
0.318259884387273
-0.817146738796647
0.640353293254878
0.158303671662699
-0.80029658373795
0.0614710930917776
-0.406627992348436
-0.371869874210869
0.643282496930502
-0.80425819069802
-0.0421912296598291
0.757957020506028
-1.36255585648373
-0.421582878829351
0.776382347068638
-1.59735262921829
-0.572631934174822
,
----