@rockon
-0.224999994039536
0.541666686534882
0.0526315793395042
-0.25
0.058333333581686
0.0526315793395042
-0.443749994039536
0.400000005960464
0.0526315793395042
~
-0.224999994039536
0.541666686534882
0.0526315793395042
-0.25
0.058333333581686
0.0526315793395042
-0.443749994039536
0.400000005960464
0.0526315793395042
~
-0.224999994039536
0.541666686534882
0.0526315793395042
-0.25
0.058333333581686
0.0526315793395042
-0.443749994039536
0.400000005960464
0.0526315793395042
~
-0.224999994039536
0.541666686534882
0.0526315793395042
-0.25
0.058333333581686
0.0526315793395042
-0.443749994039536
0.400000005960464
0.0526315793395042
~
-0.224999994039536
0.541666686534882
0.0526315793395042
-0.25
0.058333333581686
0.0526315793395042
-0.443749994039536
0.400000005960464
0.0526315793395042
~
-0.237499997019768
0.541666686534882
0.0526315793395042
-0.224999994039536
0.483333319425583
0.0526315793395042
~
-0.237499997019768
0.541666686534882
0.0526315793395042
-0.224999994039536
0.483333319425583
0.0526315793395042
~
-0.237499997019768
0.541666686534882
0.0526315793395042
-0.224999994039536
0.483333319425583
0.0526315793395042
~
-0.237499997019768
0.541666686534882
0.0526315793395042
-0.224999994039536
0.483333319425583
0.0526315793395042
~
-0.237499997019768
0.541666686534882
0.0526315793395042
-0.224999994039536
0.483333319425583
0.0526315793395042
~
-0.237499997019768
0.541666686534882
0.0526315793395042
-0.275000005960464
0.0333333350718021
0.0526315793395042
-0.449999988079071
0.400000005960464
0.0526315793395042
~
-0.237499997019768
0.541666686534882
0.0526315793395042
-0.275000005960464
0.0333333350718021
0.0526315793395042
-0.449999988079071
0.400000005960464
0.0526315793395042
~
-0.237499997019768
0.541666686534882
0.0526315793395042
-0.275000005960464
0.0333333350718021
0.0526315793395042
-0.449999988079071
0.400000005960464
0.0526315793395042
~
-0.237499997019768
0.541666686534882
0.0526315793395042
-0.275000005960464
0.0333333350718021
0.0526315793395042
-0.449999988079071
0.400000005960464
0.0526315793395042
~
-0.237499997019768
0.541666686534882
0.0526315793395042
-0.275000005960464
0.0333333350718021
0.0526315793395042
-0.449999988079071
0.400000005960464
0.0526315793395042
~
-0.243750005960464
0.541666686534882
0.0526315793395042
-0.293749988079071
0.283333331346512
0.0526315793395042
-0.293749988079071
0.00833333376795053
0.0526315793395042
-0.449999988079071
0.383333325386047
0.0526315793395042
~
-0.243750005960464
0.541666686534882
0.0526315793395042
-0.293749988079071
0.283333331346512
0.0526315793395042
-0.293749988079071
0.00833333376795053
0.0526315793395042
-0.449999988079071
0.383333325386047
0.0526315793395042
~
-0.243750005960464
0.541666686534882
0.0526315793395042
-0.293749988079071
0.283333331346512
0.0526315793395042
-0.293749988079071
0.00833333376795053
0.0526315793395042
-0.449999988079071
0.383333325386047
0.0526315793395042
~
-0.25
0.541666686534882
0.0526315793395042
-0.318749994039536
0
0.0526315793395042
-0.456250011920929
0.383333325386047
0.0526315793395042
~
-0.25
0.541666686534882
0.0526315793395042
-0.318749994039536
0
0.0526315793395042
-0.456250011920929
0.383333325386047
0.0526315793395042
~
-0.25
0.541666686534882
0.0526315793395042
-0.318749994039536
0
0.0526315793395042
-0.456250011920929
0.383333325386047
0.0526315793395042
~
-0.256249994039536
0.533333361148834
0.0526315793395042
-0.28125
0.025000000372529
0.0526315793395042
-0.449999988079071
0.375
0.0526315793395042
~
-0.256249994039536
0.533333361148834
0.0526315793395042
-0.28125
0.025000000372529
0.0526315793395042
-0.449999988079071
0.375
0.0526315793395042
~
-0.256249994039536
0.533333361148834
0.0526315793395042
-0.28125
0.025000000372529
0.0526315793395042
-0.449999988079071
0.375
0.0526315793395042
~
-0.256249994039536
0.533333361148834
0.0526315793395042
-0.28125
0.025000000372529
0.0526315793395042
-0.449999988079071
0.375
0.0526315793395042
~
-0.256249994039536
0.533333361148834
0.0526315793395042
-0.3125
0
0.0526315793395042
-0.456250011920929
0.383333325386047
0.0526315793395042
~
-0.256249994039536
0.533333361148834
0.0526315793395042
-0.3125
0
0.0526315793395042
-0.456250011920929
0.383333325386047
0.0526315793395042
~
-0.256249994039536
0.533333361148834
0.0526315793395042
-0.3125
0
0.0526315793395042
-0.456250011920929
0.383333325386047
0.0526315793395042
~
-0.256249994039536
0.533333361148834
0.0526315793395042
-0.3125
0
0.0526315793395042
-0.456250011920929
0.383333325386047
0.0526315793395042
~
-0.256249994039536
0.533333361148834
0.0526315793395042
-0.3125
0
0.0526315793395042
-0.456250011920929
0.383333325386047
0.0526315793395042
~
-0.262499988079071
0.533333361148834
0.0526315793395042
-0.331250011920929
0
0.0526315793395042
-0.462500005960464
0.366666674613953
0.0526315793395042
~
-0.262499988079071
0.533333361148834
0.0526315793395042
-0.331250011920929
0
0.0526315793395042
-0.462500005960464
0.366666674613953
0.0526315793395042
~
-0.262499988079071
0.533333361148834
0.0526315793395042
-0.331250011920929
0
0.0526315793395042
-0.462500005960464
0.366666674613953
0.0526315793395042
~
-0.262499988079071
0.533333361148834
0.0526315793395042
-0.331250011920929
0
0.0526315793395042
-0.462500005960464
0.366666674613953
0.0526315793395042
~
----