@RockOn
-0.381249994039536
0.774999976158142
-0.0543421059846878
-0.568750023841858
0.641666650772095
-0.0565789490938187
~
-0.381249994039536
0.774999976158142
-0.0543421059846878
-0.568750023841858
0.641666650772095
-0.0565789490938187
~
-0.381249994039536
0.774999976158142
-0.0543421059846878
-0.568750023841858
0.641666650772095
-0.0565789490938187
~
-0.375
0.783333361148834
-0.0546052642166615
-0.568750023841858
0.633333325386047
-0.056842103600502
~
-0.375
0.783333361148834
-0.0546052642166615
-0.568750023841858
0.633333325386047
-0.056842103600502
~
-0.375
0.783333361148834
-0.0546052642166615
-0.568750023841858
0.633333325386047
-0.056842103600502
~
-0.375
0.783333361148834
-0.0546052642166615
-0.568750023841858
0.633333325386047
-0.056842103600502
~
-0.375
0.783333361148834
-0.0546052642166615
-0.568750023841858
0.633333325386047
-0.056842103600502
~
-0.375
0.791666686534882
-0.0547368414700031
-0.568750023841858
0.633333325386047
-0.056842103600502
~
-0.375
0.791666686534882
-0.0547368414700031
-0.568750023841858
0.633333325386047
-0.056842103600502
~
-0.375
0.791666686534882
-0.0547368414700031
-0.568750023841858
0.633333325386047
-0.056842103600502
~
-0.375
0.791666686534882
-0.0547368414700031
-0.568750023841858
0.633333325386047
-0.056842103600502
~
-0.375
0.791666686534882
-0.0547368414700031
-0.568750023841858
0.633333325386047
-0.056842103600502
~
-0.375
0.791666686534882
-0.0547368414700031
-0.568750023841858
0.633333325386047
-0.056842103600502
~
-0.375
0.791666686534882
-0.0547368414700031
-0.568750023841858
0.633333325386047
-0.056842103600502
~
-0.375
0.791666686534882
-0.0547368414700031
-0.568750023841858
0.633333325386047
-0.056842103600502
~
-0.375
0.791666686534882
-0.0547368414700031
-0.568750023841858
0.633333325386047
-0.056842103600502
~
-0.375
0.791666686534882
-0.0547368414700031
-0.568750023841858
0.633333325386047
-0.056842103600502
~
-0.375
0.791666686534882
-0.0547368414700031
-0.568750023841858
0.633333325386047
-0.056842103600502
~
-0.375
0.791666686534882
-0.0547368414700031
-0.568750023841858
0.633333325386047
-0.056842103600502
~
-0.375
0.791666686534882
-0.0547368414700031
-0.568750023841858
0.633333325386047
-0.056842103600502
~
-0.375
0.791666686534882
-0.0549999997019768
-0.568750023841858
0.641666650772095
-0.0573684200644493
~
-0.375
0.791666686534882
-0.0549999997019768
-0.568750023841858
0.641666650772095
-0.0573684200644493
~
-0.375
0.791666686534882
-0.0549999997019768
-0.568750023841858
0.641666650772095
-0.0573684200644493
~
-0.375
0.791666686534882
-0.0549999997019768
-0.568750023841858
0.641666650772095
-0.0573684200644493
~
-0.375
0.791666686534882
-0.0549999997019768
-0.568750023841858
0.641666650772095
-0.0573684200644493
~
-0.375
0.791666686534882
-0.0549999997019768
-0.493750005960464
0.0750000029802322
-0.0750000029802322
-0.5625
0.641666650772095
-0.0573684200644493
~
-0.375
0.791666686534882
-0.0549999997019768
-0.493750005960464
0.0750000029802322
-0.0750000029802322
-0.5625
0.641666650772095
-0.0573684200644493
~
-0.375
0.791666686534882
-0.0549999997019768
-0.493750005960464
0.0750000029802322
-0.0750000029802322
-0.5625
0.641666650772095
-0.0573684200644493
~
-0.375
0.791666686534882
-0.0549999997019768
-0.493750005960464
0.0750000029802322
-0.0750000029802322
-0.5625
0.641666650772095
-0.0573684200644493
~
-0.375
0.791666686534882
-0.0549999997019768
-0.493750005960464
0.0750000029802322
-0.0750000029802322
-0.5625
0.641666650772095
-0.0573684200644493
~
-0.375
0.791666686534882
-0.0549999997019768
-0.568750023841858
0.649999976158142
-0.0571052618324757
~
-0.375
0.791666686534882
-0.0549999997019768
-0.568750023841858
0.649999976158142
-0.0571052618324757
~
-0.375
0.791666686534882
-0.0549999997019768
-0.568750023841858
0.649999976158142
-0.0571052618324757
~
-0.375
0.791666686534882
-0.0549999997019768
-0.568750023841858
0.649999976158142
-0.0571052618324757
~
-0.375
0.791666686534882
-0.0549999997019768
-0.568750023841858
0.649999976158142
-0.0571052618324757
~
----
@City
~
~
0.743749976158142
0.975000023841858
0.0526315793395042
~
0.743749976158142
0.975000023841858
0.0526315793395042
~
0.743749976158142
0.975000023841858
0.0526315793395042
~
0.743749976158142
0.975000023841858
0.0526315793395042
~
-0.206249997019768
0.916666686534882
0.0526315793395042
-0.131249994039536
0.125
0.0526315793395042
-0.1875
0.333333343267441
0.0526315793395042
~
-0.206249997019768
0.916666686534882
0.0526315793395042
-0.131249994039536
0.125
0.0526315793395042
-0.1875
0.333333343267441
0.0526315793395042
~
-0.206249997019768
0.916666686534882
0.0526315793395042
-0.131249994039536
0.125
0.0526315793395042
-0.1875
0.333333343267441
0.0526315793395042
~
-0.206249997019768
0.916666686534882
0.0526315793395042
-0.131249994039536
0.125
0.0526315793395042
-0.1875
0.333333343267441
0.0526315793395042
~
0.0500000007450581
0.858333349227905
0.0526315793395042
-0.237499997019768
0.341666668653488
0.0526315793395042
~
0.0500000007450581
0.858333349227905
0.0526315793395042
-0.237499997019768
0.341666668653488
0.0526315793395042
~
0.0500000007450581
0.858333349227905
0.0526315793395042
-0.237499997019768
0.341666668653488
0.0526315793395042
~
0.0500000007450581
0.858333349227905
0.0526315793395042
-0.237499997019768
0.341666668653488
0.0526315793395042
~
0.0500000007450581
0.858333349227905
0.0526315793395042
-0.237499997019768
0.341666668653488
0.0526315793395042
~
-0.0562499985098839
0.858333349227905
0.0526315793395042
-0.34375
0.358333319425583
0.0526315793395042
~
-0.0562499985098839
0.858333349227905
0.0526315793395042
-0.34375
0.358333319425583
0.0526315793395042
~
-0.0562499985098839
0.858333349227905
0.0526315793395042
-0.34375
0.358333319425583
0.0526315793395042
~
-0.0562499985098839
0.858333349227905
0.0526315793395042
-0.34375
0.358333319425583
0.0526315793395042
~
-0.606249988079071
0.991666674613953
0.0526315793395042
-0.100000001490116
0.766666650772095
0.0526315793395042
~
-0.606249988079071
0.991666674613953
0.0526315793395042
-0.100000001490116
0.766666650772095
0.0526315793395042
~
-0.600000023841858
0.991666674613953
0.0526315793395042
-0.462500005960464
0.991666674613953
0.0526315793395042
-0.3125
0.991666674613953
0.0526315793395042
-0.131249994039536
0.691666662693024
0.0526315793395042
-0.474999994039536
0.291666656732559
0.0526315793395042
~
-0.600000023841858
0.991666674613953
0.0526315793395042
-0.462500005960464
0.991666674613953
0.0526315793395042
-0.3125
0.991666674613953
0.0526315793395042
-0.131249994039536
0.691666662693024
0.0526315793395042
-0.474999994039536
0.291666656732559
0.0526315793395042
~
-0.600000023841858
0.991666674613953
0.0526315793395042
-0.462500005960464
0.991666674613953
0.0526315793395042
-0.3125
0.991666674613953
0.0526315793395042
-0.131249994039536
0.691666662693024
0.0526315793395042
-0.474999994039536
0.291666656732559
0.0526315793395042
~
-0.600000023841858
0.991666674613953
0.0526315793395042
-0.462500005960464
0.991666674613953
0.0526315793395042
-0.3125
0.991666674613953
0.0526315793395042
-0.131249994039536
0.691666662693024
0.0526315793395042
-0.474999994039536
0.291666656732559
0.0526315793395042
~
-0.600000023841858
0.991666674613953
0.0526315793395042
-0.462500005960464
0.991666674613953
0.0526315793395042
-0.3125
0.991666674613953
0.0526315793395042
-0.131249994039536
0.691666662693024
0.0526315793395042
-0.474999994039536
0.291666656732559
0.0526315793395042
~
-0.600000023841858
0.991666674613953
0.0526315793395042
-0.462500005960464
0.991666674613953
0.0526315793395042
-0.3125
0.991666674613953
0.0526315793395042
-0.131249994039536
0.691666662693024
0.0526315793395042
-0.474999994039536
0.291666656732559
0.0526315793395042
~
-0.600000023841858
0.991666674613953
0.0526315793395042
-0.462500005960464
0.991666674613953
0.0526315793395042
-0.3125
0.991666674613953
0.0526315793395042
-0.131249994039536
0.691666662693024
0.0526315793395042
-0.474999994039536
0.291666656732559
0.0526315793395042
~
-0.600000023841858
0.991666674613953
0.0526315793395042
-0.462500005960464
0.991666674613953
0.0526315793395042
-0.3125
0.991666674613953
0.0526315793395042
-0.131249994039536
0.691666662693024
0.0526315793395042
-0.474999994039536
0.291666656732559
0.0526315793395042
~
-0.600000023841858
0.991666674613953
0.0526315793395042
-0.462500005960464
0.991666674613953
0.0526315793395042
-0.3125
0.991666674613953
0.0526315793395042
-0.131249994039536
0.691666662693024
0.0526315793395042
-0.474999994039536
0.291666656732559
0.0526315793395042
~
-0.400000005960464
0.991666674613953
0.0526315793395042
-0.318749994039536
0.991666674613953
0.0526315793395042
-0.224999994039536
0.983333349227905
0.0526315793395042
-0.0687500014901161
0.625
0.0526315793395042
-0.318749994039536
0.224999994039536
0.0526315793395042
-0.487500011920929
0.833333313465118
0.0526315793395042
~
-0.400000005960464
0.991666674613953
0.0526315793395042
-0.318749994039536
0.991666674613953
0.0526315793395042
-0.224999994039536
0.983333349227905
0.0526315793395042
-0.0687500014901161
0.625
0.0526315793395042
-0.318749994039536
0.224999994039536
0.0526315793395042
-0.487500011920929
0.833333313465118
0.0526315793395042
~
-0.400000005960464
0.991666674613953
0.0526315793395042
-0.318749994039536
0.991666674613953
0.0526315793395042
-0.224999994039536
0.983333349227905
0.0526315793395042
-0.0687500014901161
0.625
0.0526315793395042
-0.318749994039536
0.224999994039536
0.0526315793395042
-0.487500011920929
0.833333313465118
0.0526315793395042
~
-0.400000005960464
0.991666674613953
0.0526315793395042
-0.318749994039536
0.991666674613953
0.0526315793395042
-0.224999994039536
0.983333349227905
0.0526315793395042
-0.0687500014901161
0.625
0.0526315793395042
-0.318749994039536
0.224999994039536
0.0526315793395042
-0.487500011920929
0.833333313465118
0.0526315793395042
~
-0.375
0.991666674613953
0.0526315793395042
-0.324999988079071
0.958333313465118
0.0526315793395042
-0.206249997019768
0.949999988079071
0.0526315793395042
-0.0687500014901161
0.616666674613953
0.0526315793395042
-0.324999988079071
0.224999994039536
0.0526315793395042
-0.46875
0.833333313465118
0.0526315793395042
~
-0.375
0.991666674613953
0.0526315793395042
-0.324999988079071
0.958333313465118
0.0526315793395042
-0.206249997019768
0.949999988079071
0.0526315793395042
-0.0687500014901161
0.616666674613953
0.0526315793395042
-0.324999988079071
0.224999994039536
0.0526315793395042
-0.46875
0.833333313465118
0.0526315793395042
~
----