@Neutral
-0.399271825508041
0.465822371570569
-1.6877741894363
-0.46055609395237
0.335829938196585
-1.61132560021849
-0.74492018620221
-0.172243921172532
-1.06776695759235
0.667820202005787
-0.794390815116796
-0.106731961064396
0.839933596613923
-1.36556129995246
-0.56276081490295
0.920023541635356
-1.53612415587943
-0.80852549134475
~
-0.399970175175686
0.468715970560193
-1.69198792406289
-0.460856930568476
0.34001179528098
-1.61589288149169
-0.746756740478366
-0.171370760230071
-1.06811752358248
0.671762719964422
-0.795578113290586
-0.105312645190748
0.844529564930477
-1.36902993434308
-0.563090135427135
0.924862323941768
-1.54037103143602
-0.809901070411253
~
-0.400894293981529
0.468837697567898
-1.69420581318644
-0.462040622887053
0.338973425930506
-1.61761414831649
-0.748578748965945
-0.173090237123082
-1.06610521520306
0.673876102175188
-0.796718089588201
-0.104947660227361
0.84392342560083
-1.37149720463292
-0.565003673751968
0.925886189592127
-1.54206673442651
-0.812819345840954
~
-0.400906211225574
0.466273988015826
-1.69155873814189
-0.461045056092839
0.338813694167031
-1.61599450312105
-0.742249011981875
-0.171417992369667
-1.07636110302072
0.671158514159875
-0.795639345461896
-0.106626488953582
0.830960313453284
-1.32896302516858
-0.618476508904092
0.909486547409112
-1.4440445353193
-0.80090968408599
~
-0.395624341312063
0.473586537616682
-1.69512620052534
-0.459918854324212
0.337503048802494
-1.61416433513529
-0.736819007374591
-0.16567149999198
-1.08283119916438
0.669428246882667
-0.794580754775695
-0.107892954668142
0.829230512093453
-1.32685838744513
-0.618653272752769
0.907396656950381
-1.44156666128009
-0.800522630267241
~
-0.395045321321593
0.476458575813578
-1.69758819783459
-0.460369347264497
0.338265575896306
-1.61499962712892
-0.731790158185581
-0.164151978224326
-1.09079568691739
0.668856712074373
-0.794838183746037
-0.10815820756106
0.837677969531212
-1.36915404434711
-0.563659131195955
0.918999766594079
-1.53891882129569
-0.809612958141659
~
-0.394447920359616
0.481590070939752
-1.70009849231117
-0.4604414861929
0.340186379363059
-1.61585808512418
-0.731243071793542
-0.162539133377701
-1.09110344892078
0.668133267999561
-0.795104271975163
-0.107869671420836
0.837054325960946
-1.36908052888661
-0.564064929516519
0.918215418248244
-1.53903005457335
-0.810187876854394
~
-0.396209674763961
0.475356590937877
-1.69427570415753
-0.460090852139926
0.339092375940261
-1.61389406851836
-0.735996241640801
-0.171019521705889
-1.07477389222837
0.666076611930021
-0.79642381155244
-0.109742028099746
0.83543188726588
-1.36866886818425
-0.565544118006361
0.916445275428184
-1.5383533163154
-0.811283813181981
~
-0.39310161508845
0.481179671512699
-1.69661262488752
-0.459629859093671
0.337898141555203
-1.61303541538984
-0.731173257004232
-0.163217870605383
-1.08756627105182
0.665543760155444
-0.79714336289515
-0.110279858646573
0.834536342528898
-1.36871769868633
-0.56600485152208
0.915517669553658
-1.53838109901506
-0.811588396895777
~
-0.39446126021265
0.483478012363731
-1.69817205983219
-0.459634283921779
0.342112873069843
-1.6173224580352
-0.72896440897617
-0.159836238776909
-1.09355823862851
0.669580560061373
-0.798668533993946
-0.108469462980338
0.839741112344286
-1.37248777953475
-0.565984568231201
0.920968501552609
-1.54303119178087
-0.812738670695803
~
-0.392078045055787
0.487977098684747
-1.70062980891233
-0.45823685940038
0.343720560967301
-1.61819626441518
-0.722395989418319
-0.150362151975052
-1.11185739604179
0.668501601258709
-0.798361076172978
-0.108694370713419
0.838568126942886
-1.37168079515012
-0.56587561513333
0.919743047630488
-1.54214593766588
-0.812553303299593
~
-0.393491813535516
0.490985040123158
-1.70520555101852
-0.459997419655952
0.345370968768696
-1.62135776542115
-0.727140277771415
-0.154341499902899
-1.10879520701669
0.672557002597005
-0.800496611991824
-0.10690138069982
0.843270039679971
-1.37617675917585
-0.566387693118466
0.924614919441495
-1.54766285469245
-0.81419696147879
~
-0.396412052491932
0.481220341415309
-1.69859475759598
-0.459580702578004
0.344208069677822
-1.61967681023788
-0.733048592083707
-0.165704174284101
-1.08701022424786
0.67061180347552
-0.800360288679734
-0.107863953760117
0.840962542382561
-1.37470481617654
-0.566843651434102
0.92230471467627
-1.54588841732111
-0.814273343565898
~
-0.396768143790101
0.489868521725284
-1.7069940029294
-0.460805127031259
0.350236831257315
-1.6260268770068
-0.729649886585899
-0.151335476761736
-1.11675155281492
0.677203294455984
-0.802215187792582
-0.103780394852796
0.8489103237165
-1.38037203710476
-0.566004028241083
0.930660628204161
-1.55283344088907
-0.815251373984522
~
-0.400168726122309
0.482760589277168
-1.7013146191863
-0.461214726173667
0.34986730896067
-1.62408557086326
-0.738423902932137
-0.163470659248658
-1.08812852327088
0.675528935636225
-0.80106892597974
-0.103839338772109
0.846584603226789
-1.37812137339359
-0.565958020506503
0.928301666383189
-1.55037255216756
-0.814940430746132
~
-0.399789639005212
0.480262417741097
-1.69626944298312
-0.461215913739123
0.343581157104393
-1.61833951884199
-0.729645556754447
-0.155398493014125
-1.10700407622513
0.669844218383039
-0.801843501273207
-0.108502151634567
0.838867502769474
-1.37719519270076
-0.565857288451262
0.91959210497916
-1.5476283955161
-0.813039953140118
~
-0.398664006241522
0.484779374617429
-1.69724380511869
-0.463497532279506
0.341549038027834
-1.61448017960831
-0.736481528920538
-0.163046240084048
-1.08731317279993
0.671271787374084
-0.799715837786945
-0.107095116616176
0.841960221782126
-1.37233179475765
-0.569071723938275
0.921679697136026
-1.54474033502102
-0.814526221579652
~
-0.401021851523419
0.476920593817004
-1.69188095780511
-0.463782858063598
0.339044895683255
-1.61187168737842
-0.739283599627374
-0.16692169886292
-1.08250360947661
0.670100243644856
-0.799397907697013
-0.10813028201733
0.829771818421067
-1.32970822434302
-0.623837601155942
0.906180643294761
-1.44675452691885
-0.804919600653244
~
-0.398705868773859
0.485012797298412
-1.69685344500237
-0.463778332350821
0.339346540113375
-1.61180046894097
-0.74022551861465
-0.161142800436643
-1.08766886634954
0.669707299838116
-0.798767312870433
-0.108496053945672
0.828666868877006
-1.32909642065588
-0.62374988146258
0.90510509146031
-1.44585423321493
-0.804483252198754
~
-0.400213846164092
0.478449542358919
-1.69347402773029
-0.464273733963435
0.336572949029312
-1.61013993141709
-0.738999484625536
-0.161806031548244
-1.09215291074123
0.669615519184933
-0.798920420750767
-0.109111054890861
0.837867092041107
-1.37115325028203
-0.569210598829037
0.917576867393718
-1.54156724387192
-0.813941485614525
~
-0.403606518761327
0.470349111826039
-1.68944755012416
-0.465166392667588
0.334021847495125
-1.60929318089369
-0.744663173182522
-0.172617242474944
-1.07762376833471
0.670224838562627
-0.799332671774904
-0.109206051008466
0.837871494399628
-1.37176927165672
-0.569601102280803
0.918449342350585
-1.54185911560432
-0.814526385604879
~
-0.404755487281773
0.467478439280215
-1.68821799919522
-0.465114987881318
0.334907176945254
-1.60990626877905
-0.747110078066437
-0.176086546469328
-1.06831234579946
0.670215443413363
-0.799894747560739
-0.10966533588098
0.827380390568736
-1.33105482632175
-0.624323283664596
0.906074469452227
-1.44588475371677
-0.804910135654123
~
-0.405301373065127
0.465677831272741
-1.68746753044668
-0.465171314599035
0.334531059060527
-1.60994318499652
-0.747634972192811
-0.177492485600639
-1.06592866315988
0.670052377695719
-0.800067372665913
-0.109827582368774
0.83327228408079
-1.37250005725187
-0.571795895359053
0.91604753719951
-1.54095184160801
-0.816723013896819
~
-0.401151303549335
0.475993074297888
-1.69534356296572
-0.464862107375849
0.335102245723633
-1.61048957566533
-0.735178899395411
-0.164842576795042
-1.09387057853845
0.669797116046075
-0.800011250145873
-0.110139781867473
0.833757599220402
-1.37240646778016
-0.571827555886715
0.916362229423496
-1.5410520097059
-0.816811643405454
~
-0.402025640989006
0.472354792419114
-1.69291262860918
-0.46425573715053
0.336110416724536
-1.61119754864001
-0.736440373930763
-0.167449305105732
-1.09082508260724
0.669844245432952
-0.800882820111824
-0.110708851335426
0.834786334989061
-1.37288054507902
-0.572512348739313
0.917037610249649
-1.54186218834115
-0.817509139481811
~
-0.400505449418316
0.46718477459419
-1.68794543415766
-0.462437961462414
0.333567137038056
-1.60749944454084
-0.738167374070905
-0.172610195662759
-1.07957704734099
0.668932329221901
-0.799100770176114
-0.11149143954202
0.834276246431521
-1.36977296194109
-0.571993907153831
0.915959306525127
-1.53865282907381
-0.816579648827365
~
-0.394562943310726
0.479341115379867
-1.69425872904595
-0.460859272836784
0.334569992808901
-1.60870322827613
-0.728561280063249
-0.163031802264651
-1.09790727500753
0.669487522188127
-0.800565297029383
-0.112546559679741
0.832814795294325
-1.3707023363329
-0.574539188476713
0.91571396370712
-1.53841839911383
-0.819724273641574
~
-0.390987292169992
0.489654758511251
-1.69845351817885
-0.455365134047784
0.345393100441912
-1.61726961133241
-0.720496581539083
-0.151802807552588
-1.11737995003165
0.668487283729204
-0.800562432132457
-0.113500930469133
0.832139419320033
-1.37013943956733
-0.57543478912243
0.915096543761216
-1.53791089474747
-0.820587048127383
~
-0.392397916629435
0.482271334956794
-1.68999856626925
-0.457561369328257
0.336819027185391
-1.60658935501934
-0.719658776237068
-0.157521211892143
-1.10425934064895
0.668258765384327
-0.79928196092307
-0.11368739878816
0.825398909720225
-1.32972928118124
-0.623477428880196
0.903151062031369
-1.44146306655888
-0.805684364426499
~
-0.393129377494218
0.485522033148101
-1.69455348708968
-0.457942525687505
0.340056398256038
-1.61108376239629
-0.725789582124339
-0.162254185319049
-1.09419704225787
0.674304954013316
-0.801073357482014
-0.111322586580178
0.840282131648253
-1.37566713180348
-0.569753634969201
0.921998682037478
-1.54510623400618
-0.815176904723428
~
-0.393918598796929
0.479091957588595
-1.68880351973427
-0.455143690734507
0.342758803824314
-1.61102682263793
-0.726822130687614
-0.167966024432814
-1.08062746383214
0.677661516600271
-0.799795860124816
-0.109865731093566
0.836201021037402
-1.37366159859373
-0.573239280827327
0.921802158085526
-1.54107920498895
-0.818900641918269
~
-0.394357371121135
0.471525398935777
-1.68234012491776
-0.453797096542532
0.34077759666992
-1.60745697590035
-0.72526552511435
-0.16898812237139
-1.07855538930258
0.674856674661004
-0.797804865291027
-0.111459148355857
0.834298390196029
-1.32413419275455
-0.62788925650872
0.911381354304712
-1.44045402885098
-0.807652565788574
~
-0.394298824588233
0.464905878243286
-1.6782485133744
-0.452126746169598
0.337418097096539
-1.6055428398523
-0.724579627914673
-0.173575806917858
-1.07361912665408
0.673189225218226
-0.797854876258402
-0.113462028795193
0.830978048576839
-1.32379634471748
-0.627716720071394
0.908922094618252
-1.43745202376222
-0.807902280164242
~
----