@ToChange
-0.643750011920929
0.991666674613953
0.0526315793395042
-0.537500023841858
0.975000023841858
0.0526315793395042
-0.418749988079071
0.991666674613953
0.0526315793395042
-0.256249994039536
0.641666650772095
0.0526315793395042
-0.693750023841858
0.800000011920929
0.0526315793395042
~
-0.643750011920929
0.991666674613953
0.0526315793395042
-0.537500023841858
0.975000023841858
0.0526315793395042
-0.418749988079071
0.991666674613953
0.0526315793395042
-0.256249994039536
0.641666650772095
0.0526315793395042
-0.693750023841858
0.800000011920929
0.0526315793395042
~
-0.643750011920929
0.991666674613953
0.0526315793395042
-0.537500023841858
0.975000023841858
0.0526315793395042
-0.418749988079071
0.991666674613953
0.0526315793395042
-0.256249994039536
0.641666650772095
0.0526315793395042
-0.693750023841858
0.800000011920929
0.0526315793395042
~
-0.643750011920929
0.991666674613953
0.0526315793395042
-0.537500023841858
0.975000023841858
0.0526315793395042
-0.418749988079071
0.991666674613953
0.0526315793395042
-0.256249994039536
0.641666650772095
0.0526315793395042
-0.693750023841858
0.800000011920929
0.0526315793395042
~
-0.631250023841858
0.991666674613953
0.0526315793395042
-0.53125
0.975000023841858
0.0526315793395042
-0.412499994039536
0.983333349227905
0.0526315793395042
-0.256249994039536
0.649999976158142
0.0526315793395042
-0.681249976158142
0.808333337306976
0.0526315793395042
~
-0.631250023841858
0.991666674613953
0.0526315793395042
-0.53125
0.975000023841858
0.0526315793395042
-0.412499994039536
0.983333349227905
0.0526315793395042
-0.256249994039536
0.649999976158142
0.0526315793395042
-0.681249976158142
0.808333337306976
0.0526315793395042
~
-0.631250023841858
0.991666674613953
0.0526315793395042
-0.53125
0.975000023841858
0.0526315793395042
-0.412499994039536
0.983333349227905
0.0526315793395042
-0.256249994039536
0.649999976158142
0.0526315793395042
-0.681249976158142
0.808333337306976
0.0526315793395042
~
-0.631250023841858
0.991666674613953
0.0526315793395042
-0.53125
0.975000023841858
0.0526315793395042
-0.412499994039536
0.983333349227905
0.0526315793395042
-0.256249994039536
0.649999976158142
0.0526315793395042
-0.681249976158142
0.808333337306976
0.0526315793395042
~
-0.631250023841858
0.991666674613953
0.0526315793395042
-0.53125
0.975000023841858
0.0526315793395042
-0.412499994039536
0.983333349227905
0.0526315793395042
-0.256249994039536
0.649999976158142
0.0526315793395042
-0.681249976158142
0.808333337306976
0.0526315793395042
~
-0.625
0.991666674613953
0.0526315793395042
-0.518750011920929
0.966666638851166
0.0526315793395042
-0.40625
0.975000023841858
0.0526315793395042
-0.25
0.649999976158142
0.0526315793395042
-0.681249976158142
0.816666662693024
0.0526315793395042
~
-0.625
0.991666674613953
0.0526315793395042
-0.518750011920929
0.966666638851166
0.0526315793395042
-0.40625
0.975000023841858
0.0526315793395042
-0.25
0.649999976158142
0.0526315793395042
-0.681249976158142
0.816666662693024
0.0526315793395042
~
-0.625
0.991666674613953
0.0526315793395042
-0.518750011920929
0.966666638851166
0.0526315793395042
-0.40625
0.975000023841858
0.0526315793395042
-0.25
0.649999976158142
0.0526315793395042
-0.681249976158142
0.816666662693024
0.0526315793395042
~
-0.625
0.991666674613953
0.0526315793395042
-0.518750011920929
0.966666638851166
0.0526315793395042
-0.40625
0.975000023841858
0.0526315793395042
-0.25
0.649999976158142
0.0526315793395042
-0.681249976158142
0.816666662693024
0.0526315793395042
~
-0.625
0.991666674613953
0.0526315793395042
-0.518750011920929
0.966666638851166
0.0526315793395042
-0.40625
0.975000023841858
0.0526315793395042
-0.25
0.649999976158142
0.0526315793395042
-0.681249976158142
0.816666662693024
0.0526315793395042
~
-0.625
0.991666674613953
0.0526315793395042
-0.518750011920929
0.966666638851166
0.0526315793395042
-0.40625
0.975000023841858
0.0526315793395042
-0.25
0.649999976158142
0.0526315793395042
-0.681249976158142
0.816666662693024
0.0526315793395042
~
-0.625
0.991666674613953
0.0526315793395042
-0.518750011920929
0.966666638851166
0.0526315793395042
-0.40625
0.975000023841858
0.0526315793395042
-0.25
0.649999976158142
0.0526315793395042
-0.681249976158142
0.816666662693024
0.0526315793395042
~
-0.625
0.991666674613953
0.0526315793395042
-0.518750011920929
0.975000023841858
0.0526315793395042
-0.40625
0.975000023841858
0.0526315793395042
-0.25
0.658333361148834
0.0526315793395042
-0.6875
0.816666662693024
0.0526315793395042
~
-0.625
0.991666674613953
0.0526315793395042
-0.518750011920929
0.975000023841858
0.0526315793395042
-0.40625
0.975000023841858
0.0526315793395042
-0.25
0.658333361148834
0.0526315793395042
-0.6875
0.816666662693024
0.0526315793395042
~
-0.625
0.991666674613953
0.0526315793395042
-0.518750011920929
0.975000023841858
0.0526315793395042
-0.40625
0.975000023841858
0.0526315793395042
-0.25
0.658333361148834
0.0526315793395042
-0.6875
0.816666662693024
0.0526315793395042
~
-0.625
0.991666674613953
0.0526315793395042
-0.518750011920929
0.975000023841858
0.0526315793395042
-0.40625
0.975000023841858
0.0526315793395042
-0.25
0.658333361148834
0.0526315793395042
-0.6875
0.816666662693024
0.0526315793395042
~
-0.625
0.991666674613953
0.0526315793395042
-0.53125
0.983333349227905
0.0526315793395042
-0.412499994039536
0.966666638851166
0.0526315793395042
-0.256249994039536
0.658333361148834
0.0526315793395042
-0.6875
0.824999988079071
0.0526315793395042
~
-0.625
0.991666674613953
0.0526315793395042
-0.53125
0.983333349227905
0.0526315793395042
-0.412499994039536
0.966666638851166
0.0526315793395042
-0.256249994039536
0.658333361148834
0.0526315793395042
-0.6875
0.824999988079071
0.0526315793395042
~
-0.625
0.991666674613953
0.0526315793395042
-0.53125
0.983333349227905
0.0526315793395042
-0.412499994039536
0.966666638851166
0.0526315793395042
-0.256249994039536
0.658333361148834
0.0526315793395042
-0.6875
0.824999988079071
0.0526315793395042
~
-0.625
0.991666674613953
0.0526315793395042
-0.53125
0.983333349227905
0.0526315793395042
-0.412499994039536
0.966666638851166
0.0526315793395042
-0.256249994039536
0.658333361148834
0.0526315793395042
-0.6875
0.824999988079071
0.0526315793395042
~
-0.625
0.991666674613953
0.0526315793395042
-0.53125
0.983333349227905
0.0526315793395042
-0.412499994039536
0.966666638851166
0.0526315793395042
-0.256249994039536
0.658333361148834
0.0526315793395042
-0.6875
0.824999988079071
0.0526315793395042
~
-0.625
0.991666674613953
0.0526315793395042
-0.543749988079071
0.983333349227905
0.0526315793395042
-0.418749988079071
0.975000023841858
0.0526315793395042
-0.256249994039536
0.658333361148834
0.0526315793395042
-0.6875
0.816666662693024
0.0526315793395042
~
-0.625
0.991666674613953
0.0526315793395042
-0.543749988079071
0.983333349227905
0.0526315793395042
-0.418749988079071
0.975000023841858
0.0526315793395042
-0.256249994039536
0.658333361148834
0.0526315793395042
-0.6875
0.816666662693024
0.0526315793395042
~
-0.625
0.991666674613953
0.0526315793395042
-0.543749988079071
0.983333349227905
0.0526315793395042
-0.418749988079071
0.975000023841858
0.0526315793395042
-0.256249994039536
0.658333361148834
0.0526315793395042
-0.6875
0.816666662693024
0.0526315793395042
~
-0.625
0.991666674613953
0.0526315793395042
-0.543749988079071
0.983333349227905
0.0526315793395042
-0.418749988079071
0.975000023841858
0.0526315793395042
-0.256249994039536
0.658333361148834
0.0526315793395042
-0.6875
0.816666662693024
0.0526315793395042
~
-0.625
0.991666674613953
0.0526315793395042
-0.543749988079071
0.983333349227905
0.0526315793395042
-0.418749988079071
0.975000023841858
0.0526315793395042
-0.256249994039536
0.658333361148834
0.0526315793395042
-0.6875
0.816666662693024
0.0526315793395042
~
-0.625
0.991666674613953
0.0526315793395042
-0.543749988079071
0.983333349227905
0.0526315793395042
-0.418749988079071
0.975000023841858
0.0526315793395042
-0.256249994039536
0.658333361148834
0.0526315793395042
-0.681249976158142
0.824999988079071
0.0526315793395042
~
-0.625
0.991666674613953
0.0526315793395042
-0.543749988079071
0.983333349227905
0.0526315793395042
-0.418749988079071
0.975000023841858
0.0526315793395042
-0.256249994039536
0.658333361148834
0.0526315793395042
-0.681249976158142
0.824999988079071
0.0526315793395042
~
-0.625
0.991666674613953
0.0526315793395042
-0.543749988079071
0.983333349227905
0.0526315793395042
-0.418749988079071
0.975000023841858
0.0526315793395042
-0.256249994039536
0.658333361148834
0.0526315793395042
-0.681249976158142
0.824999988079071
0.0526315793395042
~
-0.625
0.991666674613953
0.0526315793395042
-0.53125
0.975000023841858
0.0526315793395042
-0.412499994039536
0.983333349227905
0.0526315793395042
-0.25
0.666666686534882
0.0526315793395042
-0.681249976158142
0.816666662693024
0.0526315793395042
~
-0.625
0.991666674613953
0.0526315793395042
-0.53125
0.975000023841858
0.0526315793395042
-0.412499994039536
0.983333349227905
0.0526315793395042
-0.25
0.666666686534882
0.0526315793395042
-0.681249976158142
0.816666662693024
0.0526315793395042
~
-0.625
0.991666674613953
0.0526315793395042
-0.53125
0.975000023841858
0.0526315793395042
-0.412499994039536
0.983333349227905
0.0526315793395042
-0.25
0.666666686534882
0.0526315793395042
-0.681249976158142
0.816666662693024
0.0526315793395042
~
-0.625
0.991666674613953
0.0526315793395042
-0.53125
0.975000023841858
0.0526315793395042
-0.412499994039536
0.983333349227905
0.0526315793395042
-0.25
0.666666686534882
0.0526315793395042
-0.681249976158142
0.816666662693024
0.0526315793395042
~
-0.625
0.991666674613953
0.0526315793395042
-0.53125
0.975000023841858
0.0526315793395042
-0.412499994039536
0.983333349227905
0.0526315793395042
-0.25
0.666666686534882
0.0526315793395042
-0.681249976158142
0.816666662693024
0.0526315793395042
~
-0.625
0.991666674613953
0.0526315793395042
-0.53125
0.975000023841858
0.0526315793395042
-0.412499994039536
0.983333349227905
0.0526315793395042
-0.25
0.666666686534882
0.0526315793395042
-0.681249976158142
0.816666662693024
0.0526315793395042
~
-0.625
0.991666674613953
0.0526315793395042
-0.53125
0.975000023841858
0.0526315793395042
-0.412499994039536
0.983333349227905
0.0526315793395042
-0.25
0.666666686534882
0.0526315793395042
-0.681249976158142
0.816666662693024
0.0526315793395042
~
-0.625
0.991666674613953
0.0526315793395042
-0.53125
0.975000023841858
0.0526315793395042
-0.412499994039536
0.983333349227905
0.0526315793395042
-0.25
0.666666686534882
0.0526315793395042
-0.681249976158142
0.816666662693024
0.0526315793395042
~
-0.625
0.991666674613953
0.0526315793395042
-0.53125
0.975000023841858
0.0526315793395042
-0.412499994039536
0.983333349227905
0.0526315793395042
-0.256249994039536
0.675000011920929
0.0526315793395042
-0.6875
0.833333313465118
0.0526315793395042
~
-0.625
0.991666674613953
0.0526315793395042
-0.53125
0.975000023841858
0.0526315793395042
-0.412499994039536
0.983333349227905
0.0526315793395042
-0.256249994039536
0.675000011920929
0.0526315793395042
-0.6875
0.833333313465118
0.0526315793395042
~
-0.625
0.991666674613953
0.0526315793395042
-0.53125
0.975000023841858
0.0526315793395042
-0.412499994039536
0.983333349227905
0.0526315793395042
-0.256249994039536
0.675000011920929
0.0526315793395042
-0.6875
0.833333313465118
0.0526315793395042
~
-0.625
0.991666674613953
0.0526315793395042
-0.53125
0.975000023841858
0.0526315793395042
-0.412499994039536
0.983333349227905
0.0526315793395042
-0.256249994039536
0.675000011920929
0.0526315793395042
-0.6875
0.833333313465118
0.0526315793395042
~
-0.625
0.991666674613953
0.0526315793395042
-0.53125
0.983333349227905
0.0526315793395042
-0.412499994039536
0.983333349227905
0.0526315793395042
-0.25
0.666666686534882
0.0526315793395042
-0.681249976158142
0.833333313465118
0.0526315793395042
~
-0.625
0.991666674613953
0.0526315793395042
-0.53125
0.983333349227905
0.0526315793395042
-0.412499994039536
0.983333349227905
0.0526315793395042
-0.25
0.666666686534882
0.0526315793395042
-0.681249976158142
0.833333313465118
0.0526315793395042
~
-0.625
0.991666674613953
0.0526315793395042
-0.53125
0.983333349227905
0.0526315793395042
-0.412499994039536
0.983333349227905
0.0526315793395042
-0.25
0.666666686534882
0.0526315793395042
-0.681249976158142
0.833333313465118
0.0526315793395042
~
-0.625
0.991666674613953
0.0526315793395042
-0.53125
0.983333349227905
0.0526315793395042
-0.412499994039536
0.983333349227905
0.0526315793395042
-0.25
0.666666686534882
0.0526315793395042
-0.681249976158142
0.833333313465118
0.0526315793395042
~
-0.625
0.991666674613953
0.0526315793395042
-0.53125
0.983333349227905
0.0526315793395042
-0.412499994039536
0.983333349227905
0.0526315793395042
-0.25
0.666666686534882
0.0526315793395042
-0.681249976158142
0.833333313465118
0.0526315793395042
~
-0.625
0.991666674613953
0.0526315793395042
-0.53125
0.983333349227905
0.0526315793395042
-0.412499994039536
0.991666674613953
0.0526315793395042
-0.243750005960464
0.675000011920929
0.0526315793395042
-0.681249976158142
0.824999988079071
0.0526315793395042
~
-0.625
0.991666674613953
0.0526315793395042
-0.53125
0.983333349227905
0.0526315793395042
-0.412499994039536
0.991666674613953
0.0526315793395042
-0.243750005960464
0.675000011920929
0.0526315793395042
-0.681249976158142
0.824999988079071
0.0526315793395042
~
-0.625
0.991666674613953
0.0526315793395042
-0.53125
0.983333349227905
0.0526315793395042
-0.412499994039536
0.991666674613953
0.0526315793395042
-0.243750005960464
0.675000011920929
0.0526315793395042
-0.681249976158142
0.824999988079071
0.0526315793395042
~
-0.625
0.991666674613953
0.0526315793395042
-0.53125
0.983333349227905
0.0526315793395042
-0.412499994039536
0.991666674613953
0.0526315793395042
-0.243750005960464
0.675000011920929
0.0526315793395042
-0.681249976158142
0.824999988079071
0.0526315793395042
~
-0.625
0.991666674613953
0.0526315793395042
-0.53125
0.983333349227905
0.0526315793395042
-0.412499994039536
0.991666674613953
0.0526315793395042
-0.243750005960464
0.675000011920929
0.0526315793395042
-0.681249976158142
0.824999988079071
0.0526315793395042
~
-0.625
0.991666674613953
0.0526315793395042
-0.53125
0.983333349227905
0.0526315793395042
-0.412499994039536
0.991666674613953
0.0526315793395042
-0.243750005960464
0.675000011920929
0.0526315793395042
-0.681249976158142
0.824999988079071
0.0526315793395042
~
-0.625
0.991666674613953
0.0526315793395042
-0.53125
0.983333349227905
0.0526315793395042
-0.412499994039536
0.991666674613953
0.0526315793395042
-0.243750005960464
0.675000011920929
0.0526315793395042
-0.681249976158142
0.824999988079071
0.0526315793395042
~
-0.631250023841858
0.991666674613953
0.0526315793395042
-0.537500023841858
0.975000023841858
0.0526315793395042
-0.418749988079071
0.991666674613953
0.0526315793395042
-0.256249994039536
0.675000011920929
0.0526315793395042
-0.6875
0.816666662693024
0.0526315793395042
~
-0.631250023841858
0.991666674613953
0.0526315793395042
-0.537500023841858
0.975000023841858
0.0526315793395042
-0.418749988079071
0.991666674613953
0.0526315793395042
-0.256249994039536
0.675000011920929
0.0526315793395042
-0.6875
0.816666662693024
0.0526315793395042
~
-0.631250023841858
0.991666674613953
0.0526315793395042
-0.537500023841858
0.975000023841858
0.0526315793395042
-0.418749988079071
0.991666674613953
0.0526315793395042
-0.256249994039536
0.675000011920929
0.0526315793395042
-0.6875
0.816666662693024
0.0526315793395042
~
-0.631250023841858
0.991666674613953
0.0526315793395042
-0.537500023841858
0.975000023841858
0.0526315793395042
-0.418749988079071
0.991666674613953
0.0526315793395042
-0.256249994039536
0.675000011920929
0.0526315793395042
-0.6875
0.816666662693024
0.0526315793395042
~
-0.631250023841858
0.991666674613953
0.0526315793395042
-0.537500023841858
0.975000023841858
0.0526315793395042
-0.418749988079071
0.991666674613953
0.0526315793395042
-0.256249994039536
0.675000011920929
0.0526315793395042
-0.6875
0.816666662693024
0.0526315793395042
~
-0.631250023841858
0.991666674613953
0.0526315793395042
-0.537500023841858
0.975000023841858
0.0526315793395042
-0.418749988079071
0.991666674613953
0.0526315793395042
-0.256249994039536
0.675000011920929
0.0526315793395042
-0.6875
0.816666662693024
0.0526315793395042
~
-0.631250023841858
0.991666674613953
0.0526315793395042
-0.537500023841858
0.983333349227905
0.0526315793395042
-0.418749988079071
0.966666638851166
0.0526315793395042
-0.25
0.675000011920929
0.0526315793395042
-0.693750023841858
0.833333313465118
0.0526315793395042
~
-0.631250023841858
0.991666674613953
0.0526315793395042
-0.537500023841858
0.983333349227905
0.0526315793395042
-0.418749988079071
0.966666638851166
0.0526315793395042
-0.25
0.675000011920929
0.0526315793395042
-0.693750023841858
0.833333313465118
0.0526315793395042
~
-0.631250023841858
0.991666674613953
0.0526315793395042
-0.537500023841858
0.983333349227905
0.0526315793395042
-0.418749988079071
0.966666638851166
0.0526315793395042
-0.25
0.675000011920929
0.0526315793395042
-0.693750023841858
0.833333313465118
0.0526315793395042
~
-0.625
0.991666674613953
0.0526315793395042
-0.53125
0.983333349227905
0.0526315793395042
-0.412499994039536
0.975000023841858
0.0526315793395042
-0.243750005960464
0.675000011920929
0.0526315793395042
-0.681249976158142
0.824999988079071
0.0526315793395042
~
-0.625
0.991666674613953
0.0526315793395042
-0.53125
0.983333349227905
0.0526315793395042
-0.412499994039536
0.975000023841858
0.0526315793395042
-0.243750005960464
0.675000011920929
0.0526315793395042
-0.681249976158142
0.824999988079071
0.0526315793395042
~
-0.625
0.991666674613953
0.0526315793395042
-0.53125
0.983333349227905
0.0526315793395042
-0.412499994039536
0.975000023841858
0.0526315793395042
-0.243750005960464
0.675000011920929
0.0526315793395042
-0.681249976158142
0.824999988079071
0.0526315793395042
~
-0.625
0.991666674613953
0.0526315793395042
-0.53125
0.983333349227905
0.0526315793395042
-0.412499994039536
0.975000023841858
0.0526315793395042
-0.243750005960464
0.675000011920929
0.0526315793395042
-0.681249976158142
0.824999988079071
0.0526315793395042
~
-0.625
0.991666674613953
0.0526315793395042
-0.53125
0.983333349227905
0.0526315793395042
-0.412499994039536
0.975000023841858
0.0526315793395042
-0.243750005960464
0.675000011920929
0.0526315793395042
-0.681249976158142
0.824999988079071
0.0526315793395042
~
-0.625
0.991666674613953
0.0526315793395042
-0.53125
0.983333349227905
0.0526315793395042
-0.412499994039536
0.975000023841858
0.0526315793395042
-0.243750005960464
0.675000011920929
0.0526315793395042
-0.681249976158142
0.824999988079071
0.0526315793395042
~
-0.625
0.991666674613953
0.0526315793395042
-0.53125
0.983333349227905
0.0526315793395042
-0.412499994039536
0.975000023841858
0.0526315793395042
-0.243750005960464
0.675000011920929
0.0526315793395042
-0.681249976158142
0.824999988079071
0.0526315793395042
~
-0.625
0.991666674613953
0.0526315793395042
-0.53125
0.983333349227905
0.0526315793395042
-0.412499994039536
0.975000023841858
0.0526315793395042
-0.243750005960464
0.675000011920929
0.0526315793395042
-0.681249976158142
0.824999988079071
0.0526315793395042
~
-0.625
0.991666674613953
0.0526315793395042
-0.53125
0.983333349227905
0.0526315793395042
-0.418749988079071
0.975000023841858
0.0526315793395042
-0.243750005960464
0.675000011920929
0.0526315793395042
-0.681249976158142
0.833333313465118
0.0526315793395042
~
-0.625
0.991666674613953
0.0526315793395042
-0.53125
0.983333349227905
0.0526315793395042
-0.418749988079071
0.975000023841858
0.0526315793395042
-0.243750005960464
0.675000011920929
0.0526315793395042
-0.681249976158142
0.833333313465118
0.0526315793395042
~
-0.625
0.991666674613953
0.0526315793395042
-0.53125
0.983333349227905
0.0526315793395042
-0.418749988079071
0.975000023841858
0.0526315793395042
-0.243750005960464
0.675000011920929
0.0526315793395042
-0.681249976158142
0.833333313465118
0.0526315793395042
~
-0.625
0.991666674613953
0.0526315793395042
-0.53125
0.983333349227905
0.0526315793395042
-0.418749988079071
0.975000023841858
0.0526315793395042
-0.243750005960464
0.675000011920929
0.0526315793395042
-0.681249976158142
0.833333313465118
0.0526315793395042
~
-0.625
0.991666674613953
0.0526315793395042
-0.53125
0.983333349227905
0.0526315793395042
-0.418749988079071
0.975000023841858
0.0526315793395042
-0.243750005960464
0.675000011920929
0.0526315793395042
-0.681249976158142
0.833333313465118
0.0526315793395042
~
-0.612500011920929
0.991666674613953
0.0526315793395042
-0.524999976158142
0.983333349227905
0.0526315793395042
-0.412499994039536
0.983333349227905
0.0526315793395042
-0.256249994039536
0.675000011920929
0.0526315793395042
-0.675000011920929
0.824999988079071
0.0526315793395042
~
-0.612500011920929
0.991666674613953
0.0526315793395042
-0.524999976158142
0.983333349227905
0.0526315793395042
-0.412499994039536
0.983333349227905
0.0526315793395042
-0.256249994039536
0.675000011920929
0.0526315793395042
-0.675000011920929
0.824999988079071
0.0526315793395042
~
-0.612500011920929
0.991666674613953
0.0526315793395042
-0.524999976158142
0.983333349227905
0.0526315793395042
-0.412499994039536
0.983333349227905
0.0526315793395042
-0.256249994039536
0.675000011920929
0.0526315793395042
-0.675000011920929
0.824999988079071
0.0526315793395042
~
-0.612500011920929
0.991666674613953
0.0526315793395042
-0.524999976158142
0.983333349227905
0.0526315793395042
-0.412499994039536
0.983333349227905
0.0526315793395042
-0.256249994039536
0.675000011920929
0.0526315793395042
-0.675000011920929
0.824999988079071
0.0526315793395042
~
-0.612500011920929
0.991666674613953
0.0526315793395042
-0.524999976158142
0.983333349227905
0.0526315793395042
-0.412499994039536
0.983333349227905
0.0526315793395042
-0.256249994039536
0.675000011920929
0.0526315793395042
-0.675000011920929
0.824999988079071
0.0526315793395042
~
-0.618749976158142
0.991666674613953
0.0526315793395042
-0.524999976158142
0.983333349227905
0.0526315793395042
-0.412499994039536
0.983333349227905
0.0526315793395042
-0.256249994039536
0.675000011920929
0.0526315793395042
-0.675000011920929
0.824999988079071
0.0526315793395042
~
-0.618749976158142
0.991666674613953
0.0526315793395042
-0.524999976158142
0.983333349227905
0.0526315793395042
-0.412499994039536
0.983333349227905
0.0526315793395042
-0.256249994039536
0.675000011920929
0.0526315793395042
-0.675000011920929
0.824999988079071
0.0526315793395042
~
-0.618749976158142
0.991666674613953
0.0526315793395042
-0.524999976158142
0.983333349227905
0.0526315793395042
-0.412499994039536
0.983333349227905
0.0526315793395042
-0.256249994039536
0.675000011920929
0.0526315793395042
-0.675000011920929
0.824999988079071
0.0526315793395042
~
-0.618749976158142
0.991666674613953
0.0526315793395042
-0.524999976158142
0.983333349227905
0.0526315793395042
-0.412499994039536
0.983333349227905
0.0526315793395042
-0.256249994039536
0.675000011920929
0.0526315793395042
-0.675000011920929
0.824999988079071
0.0526315793395042
~
-0.618749976158142
0.991666674613953
0.0526315793395042
-0.524999976158142
0.983333349227905
0.0526315793395042
-0.412499994039536
0.983333349227905
0.0526315793395042
-0.256249994039536
0.675000011920929
0.0526315793395042
-0.675000011920929
0.824999988079071
0.0526315793395042
~
-0.618749976158142
0.991666674613953
0.0526315793395042
-0.524999976158142
0.983333349227905
0.0526315793395042
-0.412499994039536
0.983333349227905
0.0526315793395042
-0.256249994039536
0.675000011920929
0.0526315793395042
-0.675000011920929
0.824999988079071
0.0526315793395042
~
-0.618749976158142
0.991666674613953
0.0526315793395042
-0.524999976158142
0.983333349227905
0.0526315793395042
-0.412499994039536
0.983333349227905
0.0526315793395042
-0.256249994039536
0.675000011920929
0.0526315793395042
-0.675000011920929
0.824999988079071
0.0526315793395042
~
-0.618749976158142
0.991666674613953
0.0526315793395042
-0.524999976158142
0.983333349227905
0.0526315793395042
-0.412499994039536
0.983333349227905
0.0526315793395042
-0.256249994039536
0.675000011920929
0.0526315793395042
-0.675000011920929
0.824999988079071
0.0526315793395042
~
-0.618749976158142
0.991666674613953
0.0526315793395042
-0.518750011920929
0.983333349227905
0.0526315793395042
-0.412499994039536
0.983333349227905
0.0526315793395042
-0.243750005960464
0.683333337306976
0.0526315793395042
-0.681249976158142
0.841666638851166
0.0526315793395042
~
-0.618749976158142
0.991666674613953
0.0526315793395042
-0.518750011920929
0.983333349227905
0.0526315793395042
-0.412499994039536
0.983333349227905
0.0526315793395042
-0.243750005960464
0.683333337306976
0.0526315793395042
-0.681249976158142
0.841666638851166
0.0526315793395042
~
-0.618749976158142
0.991666674613953
0.0526315793395042
-0.518750011920929
0.983333349227905
0.0526315793395042
-0.412499994039536
0.983333349227905
0.0526315793395042
-0.243750005960464
0.683333337306976
0.0526315793395042
-0.681249976158142
0.841666638851166
0.0526315793395042
~
-0.618749976158142
0.991666674613953
0.0526315793395042
-0.518750011920929
0.983333349227905
0.0526315793395042
-0.412499994039536
0.983333349227905
0.0526315793395042
-0.243750005960464
0.683333337306976
0.0526315793395042
-0.681249976158142
0.841666638851166
0.0526315793395042
~
-0.618749976158142
0.991666674613953
0.0526315793395042
-0.518750011920929
0.983333349227905
0.0526315793395042
-0.412499994039536
0.983333349227905
0.0526315793395042
-0.243750005960464
0.683333337306976
0.0526315793395042
-0.681249976158142
0.841666638851166
0.0526315793395042
~
-0.618749976158142
0.991666674613953
0.0526315793395042
-0.518750011920929
0.983333349227905
0.0526315793395042
-0.412499994039536
0.983333349227905
0.0526315793395042
-0.243750005960464
0.683333337306976
0.0526315793395042
-0.681249976158142
0.841666638851166
0.0526315793395042
~
-0.618749976158142
0.991666674613953
0.0526315793395042
-0.518750011920929
0.991666674613953
0.0526315793395042
-0.40625
0.975000023841858
0.0526315793395042
-0.243750005960464
0.683333337306976
0.0526315793395042
-0.681249976158142
0.833333313465118
0.0526315793395042
~
-0.618749976158142
0.991666674613953
0.0526315793395042
-0.518750011920929
0.991666674613953
0.0526315793395042
-0.40625
0.975000023841858
0.0526315793395042
-0.243750005960464
0.683333337306976
0.0526315793395042
-0.681249976158142
0.833333313465118
0.0526315793395042
~
-0.618749976158142
0.991666674613953
0.0526315793395042
-0.518750011920929
0.991666674613953
0.0526315793395042
-0.40625
0.975000023841858
0.0526315793395042
-0.243750005960464
0.683333337306976
0.0526315793395042
-0.681249976158142
0.833333313465118
0.0526315793395042
~
-0.618749976158142
0.991666674613953
0.0526315793395042
-0.518750011920929
0.991666674613953
0.0526315793395042
-0.40625
0.975000023841858
0.0526315793395042
-0.243750005960464
0.683333337306976
0.0526315793395042
-0.681249976158142
0.833333313465118
0.0526315793395042
~
-0.618749976158142
0.991666674613953
0.0526315793395042
-0.524999976158142
0.991666674613953
0.0526315793395042
-0.40625
0.966666638851166
0.0526315793395042
-0.243750005960464
0.675000011920929
0.0526315793395042
-0.681249976158142
0.833333313465118
0.0526315793395042
~
----