@one
-0.237499997019768
0.933333337306976
-0.0732894763350487
~
-0.237499997019768
0.933333337306976
-0.0732894763350487
~
-0.237499997019768
0.933333337306976
-0.0732894763350487
~
-0.237499997019768
0.933333337306976
-0.0732894763350487
~
-0.237499997019768
0.933333337306976
-0.0732894763350487
~
-0.231250002980232
0.933333337306976
-0.0726315826177597
~
-0.231250002980232
0.933333337306976
-0.0726315826177597
~
-0.231250002980232
0.933333337306976
-0.0726315826177597
~
-0.231250002980232
0.933333337306976
-0.0726315826177597
~
-0.231250002980232
0.933333337306976
-0.0726315826177597
~
-0.231250002980232
0.933333337306976
-0.0722368434071541
~
-0.231250002980232
0.933333337306976
-0.0722368434071541
~
-0.231250002980232
0.933333337306976
-0.0722368434071541
~
-0.231250002980232
0.933333337306976
-0.0722368434071541
~
-0.231250002980232
0.933333337306976
-0.0722368434071541
~
-0.231250002980232
0.933333337306976
-0.0726315826177597
~
-0.231250002980232
0.933333337306976
-0.0726315826177597
~
-0.231250002980232
0.933333337306976
-0.0726315826177597
~
-0.231250002980232
0.933333337306976
-0.0726315826177597
~
-0.231250002980232
0.933333337306976
-0.0726315826177597
~
-0.237499997019768
0.925000011920929
-0.0732894763350487
~
-0.237499997019768
0.925000011920929
-0.0732894763350487
~
-0.237499997019768
0.925000011920929
-0.0732894763350487
~
-0.237499997019768
0.925000011920929
-0.0732894763350487
~
-0.237499997019768
0.925000011920929
-0.0732894763350487
~
-0.237499997019768
0.925000011920929
-0.0732894763350487
~
-0.237499997019768
0.925000011920929
-0.0732894763350487
~
-0.237499997019768
0.925000011920929
-0.0732894763350487
~
-0.237499997019768
0.925000011920929
-0.0732894763350487
~
-0.237499997019768
0.925000011920929
-0.0732894763350487
~
-0.237499997019768
0.933333337306976
-0.0728947371244431
~
-0.237499997019768
0.933333337306976
-0.0728947371244431
~
-0.237499997019768
0.933333337306976
-0.0728947371244431
~
-0.237499997019768
0.933333337306976
-0.0728947371244431
~
----
@two
-0.293749988079071
0.883333325386047
-0.0768421068787575
-0.393750011920929
0.833333313465118
-0.0760526284575462
~
-0.293749988079071
0.883333325386047
-0.0768421068787575
-0.393750011920929
0.833333313465118
-0.0760526284575462
~
-0.293749988079071
0.883333325386047
-0.0768421068787575
-0.393750011920929
0.833333313465118
-0.0760526284575462
~
-0.387499988079071
0.866666674613953
-0.0768421068787575
-0.28125
0.850000023841858
-0.0768421068787575
~
-0.387499988079071
0.866666674613953
-0.0768421068787575
-0.28125
0.850000023841858
-0.0768421068787575
~
-0.375
0.875
-0.0776315778493881
-0.275000005960464
0.858333349227905
-0.0780263170599937
~
-0.375
0.875
-0.0776315778493881
-0.275000005960464
0.858333349227905
-0.0780263170599937
~
-0.375
0.875
-0.0776315778493881
-0.275000005960464
0.858333349227905
-0.0780263170599937
~
-0.375
0.875
-0.0776315778493881
-0.275000005960464
0.858333349227905
-0.0780263170599937
~
-0.375
0.875
-0.0776315778493881
-0.275000005960464
0.858333349227905
-0.0780263170599937
~
-0.25
0.891666650772095
-0.0782894715666771
-0.362500011920929
0.841666638851166
-0.0782894715666771
~
-0.25
0.891666650772095
-0.0782894715666771
-0.362500011920929
0.841666638851166
-0.0782894715666771
~
-0.25
0.891666650772095
-0.0780263170599937
-0.356249988079071
0.850000023841858
-0.0780263170599937
~
-0.25
0.891666650772095
-0.0780263170599937
-0.356249988079071
0.850000023841858
-0.0780263170599937
~
-0.25
0.891666650772095
-0.0780263170599937
-0.356249988079071
0.850000023841858
-0.0780263170599937
~
-0.25
0.891666650772095
-0.0780263170599937
-0.356249988079071
0.850000023841858
-0.0780263170599937
~
-0.25
0.891666650772095
-0.0780263170599937
-0.356249988079071
0.850000023841858
-0.0780263170599937
~
-0.25
0.891666650772095
-0.0780263170599937
-0.356249988079071
0.850000023841858
-0.0780263170599937
~
-0.25
0.891666650772095
-0.0780263170599937
-0.356249988079071
0.850000023841858
-0.0780263170599937
~
-0.25
0.891666650772095
-0.0780263170599937
-0.356249988079071
0.850000023841858
-0.0780263170599937
~
-0.25
0.891666650772095
-0.0776315778493881
-0.356249988079071
0.841666638851166
-0.0780263170599937
~
-0.25
0.891666650772095
-0.0776315778493881
-0.356249988079071
0.841666638851166
-0.0780263170599937
~
-0.25
0.891666650772095
-0.0776315778493881
-0.356249988079071
0.841666638851166
-0.0780263170599937
~
-0.25
0.891666650772095
-0.0776315778493881
-0.356249988079071
0.841666638851166
-0.0780263170599937
~
-0.25
0.891666650772095
-0.0776315778493881
-0.356249988079071
0.841666638851166
-0.0780263170599937
~
-0.243750005960464
0.899999976158142
-0.0780263170599937
-0.356249988079071
0.850000023841858
-0.0772368386387825
~
-0.243750005960464
0.899999976158142
-0.0780263170599937
-0.356249988079071
0.850000023841858
-0.0772368386387825
~
-0.243750005960464
0.899999976158142
-0.0780263170599937
-0.356249988079071
0.850000023841858
-0.0772368386387825
~
-0.243750005960464
0.899999976158142
-0.0780263170599937
-0.356249988079071
0.850000023841858
-0.0772368386387825
~
-0.243750005960464
0.899999976158142
-0.0780263170599937
-0.356249988079071
0.850000023841858
-0.0772368386387825
~
-0.243750005960464
0.899999976158142
-0.0776315778493881
-0.356249988079071
0.850000023841858
-0.0772368386387825
~
-0.243750005960464
0.899999976158142
-0.0776315778493881
-0.356249988079071
0.850000023841858
-0.0772368386387825
~
-0.243750005960464
0.899999976158142
-0.0776315778493881
-0.356249988079071
0.850000023841858
-0.0772368386387825
~
-0.243750005960464
0.899999976158142
-0.0776315778493881
-0.356249988079071
0.850000023841858
-0.0772368386387825
~
----
@four
-0.200000002980232
0.991666674613953
-0.0660526305437088
-0.106250002980232
0.949999988079071
-0.0647368431091309
-0.300000011920929
0.800000011920929
-0.068552628159523
~
-0.200000002980232
0.991666674613953
-0.0660526305437088
-0.106250002980232
0.949999988079071
-0.0647368431091309
-0.300000011920929
0.800000011920929
-0.068552628159523
~
-0.200000002980232
0.991666674613953
-0.0660526305437088
-0.106250002980232
0.949999988079071
-0.0647368431091309
-0.300000011920929
0.800000011920929
-0.068552628159523
~
-0.21875
0.991666674613953
-0.0642105266451836
-0.112499997019768
0.949999988079071
-0.0627631545066834
-0.324999988079071
0.808333337306976
-0.0672368407249451
-0.256249994039536
0.933333337306976
-0.0663157925009727
~
-0.21875
0.991666674613953
-0.0642105266451836
-0.112499997019768
0.949999988079071
-0.0627631545066834
-0.324999988079071
0.808333337306976
-0.0672368407249451
-0.256249994039536
0.933333337306976
-0.0663157925009727
~
-0.21875
0.991666674613953
-0.0642105266451836
-0.112499997019768
0.949999988079071
-0.0627631545066834
-0.324999988079071
0.808333337306976
-0.0672368407249451
-0.256249994039536
0.933333337306976
-0.0663157925009727
~
-0.21875
0.991666674613953
-0.0642105266451836
-0.112499997019768
0.949999988079071
-0.0627631545066834
-0.324999988079071
0.808333337306976
-0.0672368407249451
-0.256249994039536
0.933333337306976
-0.0663157925009727
~
-0.21875
0.991666674613953
-0.0642105266451836
-0.112499997019768
0.949999988079071
-0.0627631545066834
-0.324999988079071
0.808333337306976
-0.0672368407249451
-0.256249994039536
0.933333337306976
-0.0663157925009727
~
-0.206249997019768
0.991666674613953
-0.0644736811518669
-0.118749998509884
0.925000011920929
-0.0627631545066834
-0.331250011920929
0.800000011920929
-0.0672368407249451
-0.256249994039536
0.916666686534882
-0.0663157925009727
~
-0.206249997019768
0.991666674613953
-0.0644736811518669
-0.118749998509884
0.925000011920929
-0.0627631545066834
-0.331250011920929
0.800000011920929
-0.0672368407249451
-0.256249994039536
0.916666686534882
-0.0663157925009727
~
-0.206249997019768
0.991666674613953
-0.0644736811518669
-0.118749998509884
0.925000011920929
-0.0627631545066834
-0.331250011920929
0.800000011920929
-0.0672368407249451
-0.256249994039536
0.916666686534882
-0.0663157925009727
~
-0.206249997019768
0.991666674613953
-0.0644736811518669
-0.118749998509884
0.925000011920929
-0.0627631545066834
-0.331250011920929
0.800000011920929
-0.0672368407249451
-0.256249994039536
0.916666686534882
-0.0663157925009727
~
-0.231250002980232
0.991666674613953
-0.0639473721385002
-0.131249994039536
0.925000011920929
-0.0632894709706306
-0.34375
0.808333337306976
-0.0669736862182617
~
-0.231250002980232
0.991666674613953
-0.0639473721385002
-0.131249994039536
0.925000011920929
-0.0632894709706306
-0.34375
0.808333337306976
-0.0669736862182617
~
-0.231250002980232
0.991666674613953
-0.0639473721385002
-0.131249994039536
0.925000011920929
-0.0632894709706306
-0.34375
0.808333337306976
-0.0669736862182617
~
-0.237499997019768
0.991666674613953
-0.0642105266451836
-0.137500002980232
0.916666686534882
-0.0632894709706306
-0.34375
0.800000011920929
-0.0672368407249451
-0.275000005960464
0.916666686534882
-0.0663157925009727
~
-0.237499997019768
0.991666674613953
-0.0642105266451836
-0.137500002980232
0.916666686534882
-0.0632894709706306
-0.34375
0.800000011920929
-0.0672368407249451
-0.275000005960464
0.916666686534882
-0.0663157925009727
~
-0.237499997019768
0.991666674613953
-0.0642105266451836
-0.137500002980232
0.916666686534882
-0.0632894709706306
-0.34375
0.800000011920929
-0.0672368407249451
-0.275000005960464
0.916666686534882
-0.0663157925009727
~
-0.237499997019768
0.991666674613953
-0.0642105266451836
-0.137500002980232
0.916666686534882
-0.0632894709706306
-0.34375
0.800000011920929
-0.0672368407249451
-0.275000005960464
0.916666686534882
-0.0663157925009727
~
-0.237499997019768
0.991666674613953
-0.0642105266451836
-0.137500002980232
0.916666686534882
-0.0632894709706306
-0.34375
0.800000011920929
-0.0672368407249451
-0.275000005960464
0.916666686534882
-0.0663157925009727
~
-0.237499997019768
0.991666674613953
-0.0644736811518669
-0.137500002980232
0.933333337306976
-0.0632894709706306
-0.356249988079071
0.800000011920929
-0.0672368407249451
-0.28125
0.925000011920929
-0.0656578913331032
~
-0.237499997019768
0.991666674613953
-0.0644736811518669
-0.137500002980232
0.933333337306976
-0.0632894709706306
-0.356249988079071
0.800000011920929
-0.0672368407249451
-0.28125
0.925000011920929
-0.0656578913331032
~
-0.237499997019768
0.991666674613953
-0.0644736811518669
-0.137500002980232
0.933333337306976
-0.0632894709706306
-0.356249988079071
0.800000011920929
-0.0672368407249451
-0.28125
0.925000011920929
-0.0656578913331032
~
-0.237499997019768
0.991666674613953
-0.0644736811518669
-0.137500002980232
0.933333337306976
-0.0632894709706306
-0.356249988079071
0.800000011920929
-0.0672368407249451
-0.28125
0.925000011920929
-0.0656578913331032
~
-0.237499997019768
0.991666674613953
-0.0644736811518669
-0.137500002980232
0.933333337306976
-0.0632894709706306
-0.356249988079071
0.800000011920929
-0.0672368407249451
-0.28125
0.925000011920929
-0.0656578913331032
~
-0.243750005960464
0.991666674613953
-0.0642105266451836
-0.143749997019768
0.933333337306976
-0.0630263164639473
-0.362500011920929
0.800000011920929
-0.0672368407249451
-0.287499994039536
0.925000011920929
-0.0663157925009727
~
-0.243750005960464
0.991666674613953
-0.0642105266451836
-0.143749997019768
0.933333337306976
-0.0630263164639473
-0.362500011920929
0.800000011920929
-0.0672368407249451
-0.287499994039536
0.925000011920929
-0.0663157925009727
~
-0.243750005960464
0.991666674613953
-0.0642105266451836
-0.143749997019768
0.933333337306976
-0.0630263164639473
-0.362500011920929
0.800000011920929
-0.0672368407249451
-0.287499994039536
0.925000011920929
-0.0663157925009727
~
-0.243750005960464
0.991666674613953
-0.0642105266451836
-0.143749997019768
0.933333337306976
-0.0630263164639473
-0.362500011920929
0.800000011920929
-0.0672368407249451
-0.287499994039536
0.925000011920929
-0.0663157925009727
~
-0.243750005960464
0.991666674613953
-0.0642105266451836
-0.143749997019768
0.933333337306976
-0.0630263164639473
-0.362500011920929
0.800000011920929
-0.0672368407249451
-0.287499994039536
0.925000011920929
-0.0663157925009727
~
-0.243750005960464
0.991666674613953
-0.0642105266451836
-0.150000005960464
0.933333337306976
-0.0632894709706306
-0.356249988079071
0.783333361148834
-0.067894734442234
-0.293749988079071
0.916666686534882
-0.0667105242609978
~
-0.243750005960464
0.991666674613953
-0.0642105266451836
-0.150000005960464
0.933333337306976
-0.0632894709706306
-0.356249988079071
0.783333361148834
-0.067894734442234
-0.293749988079071
0.916666686534882
-0.0667105242609978
~
-0.243750005960464
0.991666674613953
-0.0642105266451836
-0.150000005960464
0.933333337306976
-0.0632894709706306
-0.356249988079071
0.783333361148834
-0.067894734442234
-0.293749988079071
0.916666686534882
-0.0667105242609978
~
-0.243750005960464
0.991666674613953
-0.0642105266451836
-0.150000005960464
0.933333337306976
-0.0632894709706306
-0.356249988079071
0.783333361148834
-0.067894734442234
-0.293749988079071
0.916666686534882
-0.0667105242609978
~
----
@three
-0.362500011920929
0.958333313465118
-0.0692105293273926
-0.243750005960464
0.925000011920929
-0.0663157925009727
-0.418749988079071
0.816666662693024
-0.067894734442234
~
-0.362500011920929
0.958333313465118
-0.0692105293273926
-0.243750005960464
0.925000011920929
-0.0663157925009727
-0.418749988079071
0.816666662693024
-0.067894734442234
~
-0.362500011920929
0.958333313465118
-0.0692105293273926
-0.243750005960464
0.925000011920929
-0.0663157925009727
-0.418749988079071
0.816666662693024
-0.067894734442234
~
-0.362500011920929
0.958333313465118
-0.0692105293273926
-0.243750005960464
0.925000011920929
-0.0663157925009727
-0.418749988079071
0.816666662693024
-0.067894734442234
~
-0.356249988079071
0.958333313465118
-0.068552628159523
-0.237499997019768
0.925000011920929
-0.0660526305437088
-0.418749988079071
0.816666662693024
-0.0676315799355507
~
-0.356249988079071
0.958333313465118
-0.068552628159523
-0.237499997019768
0.925000011920929
-0.0660526305437088
-0.418749988079071
0.816666662693024
-0.0676315799355507
~
-0.356249988079071
0.958333313465118
-0.068552628159523
-0.237499997019768
0.925000011920929
-0.0660526305437088
-0.418749988079071
0.816666662693024
-0.0676315799355507
~
-0.368750005960464
0.966666638851166
-0.068815790116787
-0.243750005960464
0.941666662693024
-0.0656578913331032
-0.418749988079071
0.816666662693024
-0.0676315799355507
~
-0.368750005960464
0.966666638851166
-0.068815790116787
-0.243750005960464
0.941666662693024
-0.0656578913331032
-0.418749988079071
0.816666662693024
-0.0676315799355507
~
-0.368750005960464
0.966666638851166
-0.068815790116787
-0.25
0.941666662693024
-0.0656578913331032
-0.425000011920929
0.841666638851166
-0.0669736862182617
~
-0.368750005960464
0.966666638851166
-0.068815790116787
-0.25
0.941666662693024
-0.0656578913331032
-0.425000011920929
0.841666638851166
-0.0669736862182617
~
-0.368750005960464
0.966666638851166
-0.068815790116787
-0.25
0.941666662693024
-0.0656578913331032
-0.425000011920929
0.841666638851166
-0.0669736862182617
~
-0.368750005960464
0.966666638851166
-0.068815790116787
-0.25
0.925000011920929
-0.0660526305437088
-0.418749988079071
0.833333313465118
-0.0672368407249451
~
-0.368750005960464
0.966666638851166
-0.068815790116787
-0.25
0.925000011920929
-0.0660526305437088
-0.418749988079071
0.833333313465118
-0.0672368407249451
~
-0.368750005960464
0.966666638851166
-0.068815790116787
-0.25
0.925000011920929
-0.0660526305437088
-0.418749988079071
0.833333313465118
-0.0672368407249451
~
-0.368750005960464
0.966666638851166
-0.068815790116787
-0.25
0.925000011920929
-0.0660526305437088
-0.418749988079071
0.833333313465118
-0.0672368407249451
~
-0.368750005960464
0.966666638851166
-0.068815790116787
-0.25
0.925000011920929
-0.0660526305437088
-0.418749988079071
0.833333313465118
-0.0672368407249451
~
-0.368750005960464
0.966666638851166
-0.068815790116787
-0.243750005960464
0.933333337306976
-0.0656578913331032
-0.418749988079071
0.824999988079071
-0.0676315799355507
~
-0.368750005960464
0.966666638851166
-0.068815790116787
-0.243750005960464
0.933333337306976
-0.0656578913331032
-0.418749988079071
0.824999988079071
-0.0676315799355507
~
-0.368750005960464
0.966666638851166
-0.068815790116787
-0.243750005960464
0.933333337306976
-0.0656578913331032
-0.418749988079071
0.824999988079071
-0.0676315799355507
~
-0.368750005960464
0.966666638851166
-0.068815790116787
-0.243750005960464
0.933333337306976
-0.0656578913331032
-0.418749988079071
0.824999988079071
-0.0676315799355507
~
-0.368750005960464
0.966666638851166
-0.068815790116787
-0.243750005960464
0.933333337306976
-0.0656578913331032
-0.418749988079071
0.824999988079071
-0.0676315799355507
~
-0.375
0.966666638851166
-0.0692105293273926
-0.243750005960464
0.941666662693024
-0.0653947368264198
-0.412499994039536
0.824999988079071
-0.0672368407249451
~
-0.375
0.966666638851166
-0.0692105293273926
-0.243750005960464
0.941666662693024
-0.0653947368264198
-0.412499994039536
0.824999988079071
-0.0672368407249451
~
-0.375
0.966666638851166
-0.0692105293273926
-0.243750005960464
0.941666662693024
-0.0653947368264198
-0.412499994039536
0.824999988079071
-0.0672368407249451
~
-0.375
0.966666638851166
-0.0692105293273926
-0.243750005960464
0.941666662693024
-0.0653947368264198
-0.412499994039536
0.824999988079071
-0.0672368407249451
~
-0.375
0.966666638851166
-0.0692105293273926
-0.243750005960464
0.941666662693024
-0.0653947368264198
-0.412499994039536
0.824999988079071
-0.0672368407249451
~
-0.368750005960464
0.975000023841858
-0.0692105293273926
-0.25
0.941666662693024
-0.0653947368264198
-0.412499994039536
0.833333313465118
-0.0669736862182617
~
-0.368750005960464
0.975000023841858
-0.0692105293273926
-0.25
0.941666662693024
-0.0653947368264198
-0.412499994039536
0.833333313465118
-0.0669736862182617
~
-0.368750005960464
0.975000023841858
-0.0692105293273926
-0.25
0.941666662693024
-0.0653947368264198
-0.412499994039536
0.833333313465118
-0.0669736862182617
~
-0.368750005960464
0.975000023841858
-0.0692105293273926
-0.25
0.941666662693024
-0.0653947368264198
-0.412499994039536
0.833333313465118
-0.0669736862182617
~
-0.368750005960464
0.975000023841858
-0.0692105293273926
-0.25
0.941666662693024
-0.0653947368264198
-0.412499994039536
0.833333313465118
-0.0669736862182617
~
-0.362500011920929
0.983333349227905
-0.0682894736528397
-0.243750005960464
0.958333313465118
-0.0651315823197365
-0.412499994039536
0.833333313465118
-0.0669736862182617
~
-0.362500011920929
0.983333349227905
-0.0682894736528397
-0.243750005960464
0.958333313465118
-0.0651315823197365
-0.412499994039536
0.833333313465118
-0.0669736862182617
~
----
@five
-0.331250011920929
0.991666674613953
-0.0613157898187637
-0.224999994039536
0.966666638851166
-0.0606578961014748
-0.0812499970197678
0.75
-0.0630263164639473
-0.400000005960464
0.808333337306976
-0.0653947368264198
-0.356249988079071
0.941666662693024
-0.0627631545066834
~
-0.237499997019768
0.975000023841858
-0.0603947378695011
-0.0874999985098839
0.75
-0.0632894709706306
-0.418749988079071
0.800000011920929
-0.0656578913331032
~
-0.237499997019768
0.975000023841858
-0.0603947378695011
-0.0874999985098839
0.75
-0.0632894709706306
-0.418749988079071
0.800000011920929
-0.0656578913331032
~
-0.237499997019768
0.975000023841858
-0.0603947378695011
-0.0874999985098839
0.75
-0.0632894709706306
-0.418749988079071
0.800000011920929
-0.0656578913331032
~
-0.237499997019768
0.975000023841858
-0.0603947378695011
-0.0874999985098839
0.75
-0.0632894709706306
-0.418749988079071
0.800000011920929
-0.0656578913331032
~
-0.237499997019768
0.975000023841858
-0.0603947378695011
-0.0874999985098839
0.75
-0.0632894709706306
-0.418749988079071
0.800000011920929
-0.0656578913331032
~
-0.337500005960464
0.991666674613953
-0.0613157898187637
-0.224999994039536
0.975000023841858
-0.0601315796375275
-0.0750000029802322
0.725000023841858
-0.0635526329278946
-0.412499994039536
0.783333361148834
-0.0656578913331032
-0.362500011920929
0.916666686534882
-0.0632894709706306
~
-0.337500005960464
0.991666674613953
-0.0613157898187637
-0.224999994039536
0.975000023841858
-0.0601315796375275
-0.0750000029802322
0.725000023841858
-0.0635526329278946
-0.412499994039536
0.783333361148834
-0.0656578913331032
-0.362500011920929
0.916666686534882
-0.0632894709706306
~
-0.337500005960464
0.991666674613953
-0.0613157898187637
-0.224999994039536
0.975000023841858
-0.0601315796375275
-0.0750000029802322
0.725000023841858
-0.0635526329278946
-0.412499994039536
0.783333361148834
-0.0656578913331032
-0.362500011920929
0.916666686534882
-0.0632894709706306
~
-0.337500005960464
0.991666674613953
-0.0613157898187637
-0.224999994039536
0.975000023841858
-0.0601315796375275
-0.0750000029802322
0.725000023841858
-0.0635526329278946
-0.412499994039536
0.783333361148834
-0.0656578913331032
-0.362500011920929
0.916666686534882
-0.0632894709706306
~
-0.337500005960464
0.991666674613953
-0.0613157898187637
-0.224999994039536
0.975000023841858
-0.0601315796375275
-0.0750000029802322
0.725000023841858
-0.0635526329278946
-0.412499994039536
0.783333361148834
-0.0656578913331032
-0.362500011920929
0.916666686534882
-0.0632894709706306
~
-0.318749994039536
0.991666674613953
-0.0609210543334484
-0.224999994039536
0.941666662693024
-0.0603947378695011
-0.0750000029802322
0.733333349227905
-0.0639473721385002
-0.393750011920929
0.766666650772095
-0.0656578913331032
-0.362500011920929
0.908333361148834
-0.0635526329278946
~
-0.318749994039536
0.991666674613953
-0.0609210543334484
-0.224999994039536
0.941666662693024
-0.0603947378695011
-0.0750000029802322
0.733333349227905
-0.0639473721385002
-0.393750011920929
0.766666650772095
-0.0656578913331032
-0.362500011920929
0.908333361148834
-0.0635526329278946
~
-0.318749994039536
0.991666674613953
-0.0609210543334484
-0.224999994039536
0.941666662693024
-0.0603947378695011
-0.0750000029802322
0.733333349227905
-0.0639473721385002
-0.393750011920929
0.766666650772095
-0.0656578913331032
-0.362500011920929
0.908333361148834
-0.0635526329278946
~
-0.318749994039536
0.991666674613953
-0.0609210543334484
-0.224999994039536
0.941666662693024
-0.0603947378695011
-0.0750000029802322
0.733333349227905
-0.0639473721385002
-0.393750011920929
0.766666650772095
-0.0656578913331032
-0.362500011920929
0.908333361148834
-0.0635526329278946
~
-0.318749994039536
0.991666674613953
-0.0609210543334484
-0.224999994039536
0.941666662693024
-0.0603947378695011
-0.0750000029802322
0.733333349227905
-0.0639473721385002
-0.393750011920929
0.766666650772095
-0.0656578913331032
-0.362500011920929
0.908333361148834
-0.0635526329278946
~
-0.318749994039536
0.991666674613953
-0.0606578961014748
-0.212500005960464
0.941666662693024
-0.0603947378695011
-0.0687500014901161
0.733333349227905
-0.0635526329278946
-0.393750011920929
0.774999976158142
-0.0656578913331032
-0.356249988079071
0.916666686534882
-0.0632894709706306
~
-0.318749994039536
0.991666674613953
-0.0606578961014748
-0.212500005960464
0.941666662693024
-0.0603947378695011
-0.0687500014901161
0.733333349227905
-0.0635526329278946
-0.393750011920929
0.774999976158142
-0.0656578913331032
-0.356249988079071
0.916666686534882
-0.0632894709706306
~
-0.318749994039536
0.991666674613953
-0.0606578961014748
-0.212500005960464
0.941666662693024
-0.0603947378695011
-0.0687500014901161
0.733333349227905
-0.0635526329278946
-0.393750011920929
0.774999976158142
-0.0656578913331032
-0.356249988079071
0.916666686534882
-0.0632894709706306
~
-0.318749994039536
0.991666674613953
-0.0606578961014748
-0.212500005960464
0.941666662693024
-0.0603947378695011
-0.0687500014901161
0.733333349227905
-0.0635526329278946
-0.393750011920929
0.774999976158142
-0.0656578913331032
-0.356249988079071
0.916666686534882
-0.0632894709706306
~
-0.318749994039536
0.991666674613953
-0.0606578961014748
-0.212500005960464
0.941666662693024
-0.0603947378695011
-0.0687500014901161
0.733333349227905
-0.0635526329278946
-0.393750011920929
0.774999976158142
-0.0656578913331032
-0.356249988079071
0.916666686534882
-0.0632894709706306
~
-0.331250011920929
0.991666674613953
-0.0613157898187637
-0.224999994039536
0.949999988079071
-0.0603947378695011
-0.0687500014901161
0.708333313465118
-0.0632894709706306
-0.400000005960464
0.774999976158142
-0.0653947368264198
-0.362500011920929
0.908333361148834
-0.0632894709706306
~
-0.331250011920929
0.991666674613953
-0.0613157898187637
-0.224999994039536
0.949999988079071
-0.0603947378695011
-0.0687500014901161
0.708333313465118
-0.0632894709706306
-0.400000005960464
0.774999976158142
-0.0653947368264198
-0.362500011920929
0.908333361148834
-0.0632894709706306
~
-0.331250011920929
0.991666674613953
-0.0613157898187637
-0.224999994039536
0.949999988079071
-0.0603947378695011
-0.0687500014901161
0.708333313465118
-0.0632894709706306
-0.400000005960464
0.774999976158142
-0.0653947368264198
-0.362500011920929
0.908333361148834
-0.0632894709706306
~
-0.331250011920929
0.991666674613953
-0.0613157898187637
-0.224999994039536
0.949999988079071
-0.0603947378695011
-0.0687500014901161
0.708333313465118
-0.0632894709706306
-0.400000005960464
0.774999976158142
-0.0653947368264198
-0.362500011920929
0.908333361148834
-0.0632894709706306
~
-0.331250011920929
0.991666674613953
-0.0613157898187637
-0.224999994039536
0.949999988079071
-0.0603947378695011
-0.0687500014901161
0.708333313465118
-0.0632894709706306
-0.400000005960464
0.774999976158142
-0.0653947368264198
-0.362500011920929
0.908333361148834
-0.0632894709706306
~
-0.324999988079071
0.991666674613953
-0.0613157898187637
-0.21875
0.958333313465118
-0.0601315796375275
-0.0750000029802322
0.725000023841858
-0.0635526329278946
-0.400000005960464
0.774999976158142
-0.0651315823197365
-0.362500011920929
0.908333361148834
-0.0635526329278946
~
-0.324999988079071
0.991666674613953
-0.0613157898187637
-0.21875
0.958333313465118
-0.0601315796375275
-0.0750000029802322
0.725000023841858
-0.0635526329278946
-0.400000005960464
0.774999976158142
-0.0651315823197365
-0.362500011920929
0.908333361148834
-0.0635526329278946
~
-0.324999988079071
0.991666674613953
-0.0613157898187637
-0.21875
0.958333313465118
-0.0601315796375275
-0.0750000029802322
0.725000023841858
-0.0635526329278946
-0.400000005960464
0.774999976158142
-0.0651315823197365
-0.362500011920929
0.908333361148834
-0.0635526329278946
~
-0.318749994039536
0.991666674613953
-0.0606578961014748
-0.212500005960464
0.958333313465118
-0.0601315796375275
-0.0625
0.716666638851166
-0.0627631545066834
-0.393750011920929
0.766666650772095
-0.0656578913331032
-0.349999994039536
0.899999976158142
-0.0632894709706306
~
-0.318749994039536
0.991666674613953
-0.0606578961014748
-0.212500005960464
0.958333313465118
-0.0601315796375275
-0.0625
0.716666638851166
-0.0627631545066834
-0.393750011920929
0.766666650772095
-0.0656578913331032
-0.349999994039536
0.899999976158142
-0.0632894709706306
~
-0.318749994039536
0.991666674613953
-0.0606578961014748
-0.212500005960464
0.958333313465118
-0.0601315796375275
-0.0625
0.716666638851166
-0.0627631545066834
-0.393750011920929
0.766666650772095
-0.0656578913331032
-0.349999994039536
0.899999976158142
-0.0632894709706306
~
-0.318749994039536
0.991666674613953
-0.0606578961014748
-0.212500005960464
0.958333313465118
-0.0601315796375275
-0.0625
0.716666638851166
-0.0627631545066834
-0.393750011920929
0.766666650772095
-0.0656578913331032
-0.349999994039536
0.899999976158142
-0.0632894709706306
~
-0.318749994039536
0.991666674613953
-0.0606578961014748
-0.212500005960464
0.958333313465118
-0.0601315796375275
-0.0625
0.716666638851166
-0.0627631545066834
-0.393750011920929
0.766666650772095
-0.0656578913331032
-0.349999994039536
0.899999976158142
-0.0632894709706306
~
----
@RockOn
-0.268750011920929
0.899999976158142
-0.0701315775513649
-0.456250011920929
0.725000023841858
-0.0743421018123627
~
-0.268750011920929
0.899999976158142
-0.0701315775513649
-0.456250011920929
0.725000023841858
-0.0743421018123627
~
-0.275000005960464
0.891666650772095
-0.0709210559725761
-0.449999988079071
0.708333313465118
-0.0753947347402573
~
-0.275000005960464
0.891666650772095
-0.0709210559725761
-0.449999988079071
0.708333313465118
-0.0753947347402573
~
-0.275000005960464
0.891666650772095
-0.0709210559725761
-0.449999988079071
0.708333313465118
-0.0753947347402573
~
-0.275000005960464
0.891666650772095
-0.0709210559725761
-0.449999988079071
0.708333313465118
-0.0753947347402573
~
-0.275000005960464
0.891666650772095
-0.0709210559725761
-0.449999988079071
0.708333313465118
-0.0753947347402573
~
-0.275000005960464
0.891666650772095
-0.0709210559725761
-0.456250011920929
0.716666638851166
-0.0750000029802322
~
-0.275000005960464
0.891666650772095
-0.0709210559725761
-0.456250011920929
0.716666638851166
-0.0750000029802322
~
-0.275000005960464
0.891666650772095
-0.0709210559725761
-0.456250011920929
0.716666638851166
-0.0750000029802322
~
-0.275000005960464
0.891666650772095
-0.0709210559725761
-0.456250011920929
0.716666638851166
-0.0750000029802322
~
-0.275000005960464
0.891666650772095
-0.0709210559725761
-0.456250011920929
0.716666638851166
-0.0750000029802322
~
-0.28125
0.891666650772095
-0.0705263167619705
-0.449999988079071
0.716666638851166
-0.0753947347402573
~
-0.28125
0.891666650772095
-0.0705263167619705
-0.449999988079071
0.716666638851166
-0.0753947347402573
~
-0.28125
0.891666650772095
-0.0705263167619705
-0.449999988079071
0.716666638851166
-0.0753947347402573
~
-0.28125
0.891666650772095
-0.0705263167619705
-0.449999988079071
0.716666638851166
-0.0753947347402573
~
-0.28125
0.891666650772095
-0.0705263167619705
-0.449999988079071
0.716666638851166
-0.0753947347402573
~
-0.287499994039536
0.891666650772095
-0.0709210559725761
-0.456250011920929
0.725000023841858
-0.0757894739508629
~
-0.287499994039536
0.891666650772095
-0.0709210559725761
-0.456250011920929
0.725000023841858
-0.0757894739508629
~
-0.287499994039536
0.891666650772095
-0.0709210559725761
-0.456250011920929
0.725000023841858
-0.0757894739508629
~
-0.287499994039536
0.891666650772095
-0.0709210559725761
-0.456250011920929
0.725000023841858
-0.0757894739508629
~
-0.287499994039536
0.891666650772095
-0.0709210559725761
-0.456250011920929
0.725000023841858
-0.0757894739508629
~
-0.275000005960464
0.908333361148834
-0.0709210559725761
-0.449999988079071
0.725000023841858
-0.0757894739508629
~
-0.275000005960464
0.908333361148834
-0.0709210559725761
-0.449999988079071
0.725000023841858
-0.0757894739508629
~
-0.275000005960464
0.908333361148834
-0.0709210559725761
-0.449999988079071
0.725000023841858
-0.0757894739508629
~
-0.275000005960464
0.908333361148834
-0.0709210559725761
-0.449999988079071
0.725000023841858
-0.0757894739508629
~
-0.275000005960464
0.908333361148834
-0.0709210559725761
-0.449999988079071
0.725000023841858
-0.0757894739508629
~
-0.28125
0.908333361148834
-0.0711842104792595
-0.456250011920929
0.733333349227905
-0.0753947347402573
~
-0.28125
0.908333361148834
-0.0711842104792595
-0.456250011920929
0.733333349227905
-0.0753947347402573
~
-0.28125
0.908333361148834
-0.0711842104792595
-0.449999988079071
0.716666638851166
-0.0757894739508629
~
-0.287499994039536
0.899999976158142
-0.0711842104792595
-0.449999988079071
0.716666638851166
-0.0760526284575462
~
-0.287499994039536
0.899999976158142
-0.0711842104792595
-0.449999988079071
0.716666638851166
-0.0760526284575462
~
-0.287499994039536
0.899999976158142
-0.0711842104792595
-0.449999988079071
0.716666638851166
-0.0760526284575462
~
-0.287499994039536
0.899999976158142
-0.0711842104792595
-0.449999988079071
0.716666638851166
-0.0760526284575462
~
----
@A
~
~
~
~
~
-0.331250011920929
0.816666662693024
-0.0728947371244431
~
-0.331250011920929
0.816666662693024
-0.0728947371244431
~
-0.331250011920929
0.816666662693024
-0.0728947371244431
~
-0.331250011920929
0.816666662693024
-0.0728947371244431
~
-0.331250011920929
0.816666662693024
-0.0728947371244431
~
-0.337500005960464
0.833333313465118
-0.0728947371244431
~
-0.337500005960464
0.833333313465118
-0.0728947371244431
~
-0.337500005960464
0.833333313465118
-0.0728947371244431
~
-0.337500005960464
0.833333313465118
-0.0728947371244431
~
-0.337500005960464
0.833333313465118
-0.0728947371244431
~
-0.331250011920929
0.791666686534882
-0.0743421018123627
~
-0.331250011920929
0.791666686534882
-0.0743421018123627
~
-0.331250011920929
0.791666686534882
-0.0743421018123627
~
-0.331250011920929
0.791666686534882
-0.0743421018123627
~
-0.331250011920929
0.791666686534882
-0.0743421018123627
~
-0.331250011920929
0.791666686534882
-0.0743421018123627
~
-0.331250011920929
0.791666686534882
-0.0743421018123627
~
-0.331250011920929
0.791666686534882
-0.0743421018123627
~
-0.331250011920929
0.791666686534882
-0.0743421018123627
~
-0.331250011920929
0.791666686534882
-0.0743421018123627
~
-0.331250011920929
0.833333313465118
-0.0732894763350487
~
-0.331250011920929
0.833333313465118
-0.0732894763350487
~
-0.331250011920929
0.833333313465118
-0.0732894763350487
~
-0.331250011920929
0.833333313465118
-0.0732894763350487
~
-0.331250011920929
0.833333313465118
-0.0732894763350487
~
-0.324999988079071
0.824999988079071
-0.073552630841732
~
-0.324999988079071
0.824999988079071
-0.073552630841732
~
-0.324999988079071
0.824999988079071
-0.073552630841732
~
-0.324999988079071
0.824999988079071
-0.073552630841732
~
----
@B
-0.212500005960464
0.991666674613953
-0.0632894709706306
~
-0.212500005960464
0.991666674613953
-0.0632894709706306
~
-0.212500005960464
0.991666674613953
-0.0632894709706306
~
-0.212500005960464
0.991666674613953
-0.0632894709706306
~
-0.212500005960464
0.991666674613953
-0.0632894709706306
~
-0.212500005960464
0.991666674613953
-0.0632894709706306
~
-0.212500005960464
0.991666674613953
-0.0632894709706306
~
-0.212500005960464
0.991666674613953
-0.0632894709706306
~
-0.21875
0.991666674613953
-0.0639473721385002
~
-0.21875
0.991666674613953
-0.0639473721385002
~
-0.21875
0.991666674613953
-0.0639473721385002
~
-0.21875
0.991666674613953
-0.0639473721385002
~
-0.21875
0.991666674613953
-0.0639473721385002
~
-0.21875
0.991666674613953
-0.0639473721385002
~
-0.21875
0.991666674613953
-0.0639473721385002
~
-0.21875
0.991666674613953
-0.0639473721385002
~
-0.21875
0.991666674613953
-0.0639473721385002
~
-0.21875
0.991666674613953
-0.0639473721385002
~
-0.212500005960464
0.991666674613953
-0.0632894709706306
~
-0.212500005960464
0.991666674613953
-0.0632894709706306
~
-0.212500005960464
0.991666674613953
-0.0632894709706306
~
-0.212500005960464
0.991666674613953
-0.0632894709706306
~
-0.212500005960464
0.991666674613953
-0.0632894709706306
~
-0.212500005960464
0.991666674613953
-0.0632894709706306
~
-0.212500005960464
0.991666674613953
-0.0632894709706306
~
-0.212500005960464
0.991666674613953
-0.0632894709706306
~
-0.212500005960464
0.991666674613953
-0.0632894709706306
~
-0.212500005960464
0.991666674613953
-0.0632894709706306
~
-0.212500005960464
0.991666674613953
-0.0632894709706306
~
-0.212500005960464
0.991666674613953
-0.0632894709706306
~
-0.212500005960464
0.991666674613953
-0.0632894709706306
~
-0.212500005960464
0.991666674613953
-0.0632894709706306
~
-0.212500005960464
0.991666674613953
-0.0632894709706306
~
-0.212500005960464
0.991666674613953
-0.0632894709706306
~
----
@C
-0.400000005960464
0.716666638851166
0.0526315793395042
-0.375
0.699999988079071
0.0526315793395042
-0.381249994039536
0.658333361148834
0.0526315793395042
~
-0.400000005960464
0.716666638851166
0.0526315793395042
-0.375
0.699999988079071
0.0526315793395042
-0.381249994039536
0.658333361148834
0.0526315793395042
~
-0.381249994039536
0.716666638851166
0.0526315793395042
-0.431250005960464
0.616666674613953
0.0526315793395042
-0.462500005960464
0.600000023841858
0.0526315793395042
-0.449999988079071
0.633333325386047
0.0526315793395042
~
-0.381249994039536
0.716666638851166
0.0526315793395042
-0.431250005960464
0.616666674613953
0.0526315793395042
-0.462500005960464
0.600000023841858
0.0526315793395042
-0.449999988079071
0.633333325386047
0.0526315793395042
~
-0.381249994039536
0.716666638851166
0.0526315793395042
-0.431250005960464
0.616666674613953
0.0526315793395042
-0.462500005960464
0.600000023841858
0.0526315793395042
-0.449999988079071
0.633333325386047
0.0526315793395042
~
-0.381249994039536
0.716666638851166
0.0526315793395042
-0.431250005960464
0.616666674613953
0.0526315793395042
-0.462500005960464
0.600000023841858
0.0526315793395042
-0.449999988079071
0.633333325386047
0.0526315793395042
~
-0.381249994039536
0.716666638851166
0.0526315793395042
-0.431250005960464
0.616666674613953
0.0526315793395042
-0.462500005960464
0.600000023841858
0.0526315793395042
-0.449999988079071
0.633333325386047
0.0526315793395042
~
~
~
~
~
~
-0.275000005960464
0.850000023841858
0.0526315793395042
-0.268750011920929
0.833333313465118
0.0526315793395042
~
-0.275000005960464
0.850000023841858
0.0526315793395042
-0.268750011920929
0.833333313465118
0.0526315793395042
~
-0.275000005960464
0.850000023841858
0.0526315793395042
-0.268750011920929
0.833333313465118
0.0526315793395042
~
-0.275000005960464
0.850000023841858
0.0526315793395042
-0.268750011920929
0.833333313465118
0.0526315793395042
~
-0.275000005960464
0.850000023841858
0.0526315793395042
-0.268750011920929
0.833333313465118
0.0526315793395042
~
-0.268750011920929
0.858333349227905
0.0526315793395042
-0.268750011920929
0.833333313465118
0.0526315793395042
-0.331250011920929
0.75
0.0526315793395042
-0.349999994039536
0.758333325386047
0.0526315793395042
-0.306250005960464
0.833333313465118
0.0526315793395042
~
-0.268750011920929
0.858333349227905
0.0526315793395042
-0.268750011920929
0.833333313465118
0.0526315793395042
-0.331250011920929
0.75
0.0526315793395042
-0.349999994039536
0.758333325386047
0.0526315793395042
-0.306250005960464
0.833333313465118
0.0526315793395042
~
-0.268750011920929
0.858333349227905
0.0526315793395042
-0.268750011920929
0.833333313465118
0.0526315793395042
-0.331250011920929
0.75
0.0526315793395042
-0.349999994039536
0.758333325386047
0.0526315793395042
-0.306250005960464
0.833333313465118
0.0526315793395042
~
-0.268750011920929
0.858333349227905
0.0526315793395042
-0.268750011920929
0.833333313465118
0.0526315793395042
-0.331250011920929
0.75
0.0526315793395042
-0.349999994039536
0.758333325386047
0.0526315793395042
-0.306250005960464
0.833333313465118
0.0526315793395042
~
-0.268750011920929
0.858333349227905
0.0526315793395042
-0.268750011920929
0.833333313465118
0.0526315793395042
-0.331250011920929
0.75
0.0526315793395042
-0.349999994039536
0.758333325386047
0.0526315793395042
-0.306250005960464
0.833333313465118
0.0526315793395042
~
-0.306250005960464
0.833333313465118
0.0526315793395042
-0.287499994039536
0.808333337306976
0.0526315793395042
~
-0.306250005960464
0.833333313465118
0.0526315793395042
-0.287499994039536
0.808333337306976
0.0526315793395042
~
-0.306250005960464
0.833333313465118
0.0526315793395042
-0.287499994039536
0.808333337306976
0.0526315793395042
~
-0.306250005960464
0.833333313465118
0.0526315793395042
-0.287499994039536
0.808333337306976
0.0526315793395042
~
-0.306250005960464
0.833333313465118
0.0526315793395042
-0.287499994039536
0.808333337306976
0.0526315793395042
~
-0.275000005960464
0.841666638851166
0.0526315793395042
~
-0.275000005960464
0.841666638851166
0.0526315793395042
~
-0.275000005960464
0.841666638851166
0.0526315793395042
~
-0.275000005960464
0.841666638851166
0.0526315793395042
~
-0.275000005960464
0.841666638851166
0.0526315793395042
~
-0.275000005960464
0.850000023841858
0.0526315793395042
~
-0.275000005960464
0.850000023841858
0.0526315793395042
~
----
@E
0.59375
0.991666674613953
0.0526315793395042
0.78125
0.991666674613953
0.0526315793395042
0.868749976158142
0.958333313465118
0.0526315793395042
~
0.59375
0.991666674613953
0.0526315793395042
0.78125
0.991666674613953
0.0526315793395042
0.868749976158142
0.958333313465118
0.0526315793395042
~
0.59375
0.991666674613953
0.0526315793395042
0.78125
0.991666674613953
0.0526315793395042
0.868749976158142
0.958333313465118
0.0526315793395042
~
0.59375
0.991666674613953
0.0526315793395042
0.78125
0.991666674613953
0.0526315793395042
0.868749976158142
0.958333313465118
0.0526315793395042
~
0.59375
0.991666674613953
0.0526315793395042
0.78125
0.991666674613953
0.0526315793395042
0.868749976158142
0.958333313465118
0.0526315793395042
~
0.59375
0.991666674613953
0.0526315793395042
0.681249976158142
0.966666638851166
0.0526315793395042
0.793749988079071
0.966666638851166
0.0526315793395042
0.850000023841858
0.850000023841858
0.0526315793395042
~
0.59375
0.991666674613953
0.0526315793395042
0.681249976158142
0.966666638851166
0.0526315793395042
0.793749988079071
0.966666638851166
0.0526315793395042
0.850000023841858
0.850000023841858
0.0526315793395042
~
0.59375
0.991666674613953
0.0526315793395042
0.681249976158142
0.966666638851166
0.0526315793395042
0.793749988079071
0.966666638851166
0.0526315793395042
0.850000023841858
0.850000023841858
0.0526315793395042
~
0.59375
0.991666674613953
0.0526315793395042
0.681249976158142
0.966666638851166
0.0526315793395042
0.793749988079071
0.966666638851166
0.0526315793395042
0.850000023841858
0.850000023841858
0.0526315793395042
~
0.59375
0.991666674613953
0.0526315793395042
0.681249976158142
0.966666638851166
0.0526315793395042
0.793749988079071
0.966666638851166
0.0526315793395042
0.850000023841858
0.850000023841858
0.0526315793395042
~
0.712499976158142
0.983333349227905
0.0526315793395042
0.806249976158142
0.899999976158142
0.0526315793395042
0.850000023841858
0.791666686534882
0.0526315793395042
0.59375
0.875
0.0526315793395042
~
0.712499976158142
0.983333349227905
0.0526315793395042
0.806249976158142
0.899999976158142
0.0526315793395042
0.850000023841858
0.791666686534882
0.0526315793395042
0.59375
0.875
0.0526315793395042
~
0.712499976158142
0.983333349227905
0.0526315793395042
0.806249976158142
0.899999976158142
0.0526315793395042
0.850000023841858
0.791666686534882
0.0526315793395042
0.59375
0.875
0.0526315793395042
~
0.712499976158142
0.983333349227905
0.0526315793395042
0.806249976158142
0.899999976158142
0.0526315793395042
0.850000023841858
0.791666686534882
0.0526315793395042
0.59375
0.875
0.0526315793395042
~
0.712499976158142
0.983333349227905
0.0526315793395042
0.806249976158142
0.899999976158142
0.0526315793395042
0.850000023841858
0.791666686534882
0.0526315793395042
0.59375
0.875
0.0526315793395042
~
0.712499976158142
0.941666662693024
0.0526315793395042
0.800000011920929
0.858333349227905
0.0526315793395042
0.856249988079071
0.758333325386047
0.0526315793395042
0.587499976158142
0.841666638851166
0.0526315793395042
~
0.712499976158142
0.941666662693024
0.0526315793395042
0.800000011920929
0.858333349227905
0.0526315793395042
0.856249988079071
0.758333325386047
0.0526315793395042
0.587499976158142
0.841666638851166
0.0526315793395042
~
0.712499976158142
0.941666662693024
0.0526315793395042
0.800000011920929
0.858333349227905
0.0526315793395042
0.856249988079071
0.758333325386047
0.0526315793395042
0.587499976158142
0.841666638851166
0.0526315793395042
~
0.712499976158142
0.941666662693024
0.0526315793395042
0.800000011920929
0.858333349227905
0.0526315793395042
0.856249988079071
0.758333325386047
0.0526315793395042
0.587499976158142
0.841666638851166
0.0526315793395042
~
0.712499976158142
0.941666662693024
0.0526315793395042
0.800000011920929
0.858333349227905
0.0526315793395042
0.856249988079071
0.758333325386047
0.0526315793395042
0.587499976158142
0.841666638851166
0.0526315793395042
~
0.706250011920929
0.941666662693024
0.0526315793395042
0.800000011920929
0.858333349227905
0.0526315793395042
0.84375
0.733333349227905
0.0526315793395042
0.587499976158142
0.850000023841858
0.0526315793395042
~
0.706250011920929
0.941666662693024
0.0526315793395042
0.800000011920929
0.858333349227905
0.0526315793395042
0.84375
0.733333349227905
0.0526315793395042
0.587499976158142
0.850000023841858
0.0526315793395042
~
0.706250011920929
0.941666662693024
0.0526315793395042
0.800000011920929
0.858333349227905
0.0526315793395042
0.84375
0.733333349227905
0.0526315793395042
0.587499976158142
0.850000023841858
0.0526315793395042
~
0.706250011920929
0.941666662693024
0.0526315793395042
0.800000011920929
0.858333349227905
0.0526315793395042
0.84375
0.733333349227905
0.0526315793395042
0.587499976158142
0.850000023841858
0.0526315793395042
~
0.706250011920929
0.941666662693024
0.0526315793395042
0.800000011920929
0.858333349227905
0.0526315793395042
0.84375
0.733333349227905
0.0526315793395042
0.587499976158142
0.850000023841858
0.0526315793395042
~
0.706250011920929
0.949999988079071
0.0526315793395042
0.806249976158142
0.875
0.0526315793395042
0.850000023841858
0.758333325386047
0.0526315793395042
0.59375
0.841666638851166
0.0526315793395042
~
0.706250011920929
0.949999988079071
0.0526315793395042
0.806249976158142
0.875
0.0526315793395042
0.850000023841858
0.758333325386047
0.0526315793395042
0.59375
0.841666638851166
0.0526315793395042
~
0.706250011920929
0.949999988079071
0.0526315793395042
0.806249976158142
0.875
0.0526315793395042
0.850000023841858
0.758333325386047
0.0526315793395042
0.59375
0.841666638851166
0.0526315793395042
~
0.706250011920929
0.949999988079071
0.0526315793395042
0.806249976158142
0.875
0.0526315793395042
0.850000023841858
0.758333325386047
0.0526315793395042
0.59375
0.841666638851166
0.0526315793395042
~
0.706250011920929
0.958333313465118
0.0526315793395042
0.793749988079071
0.875
0.0526315793395042
0.84375
0.766666650772095
0.0526315793395042
0.587499976158142
0.858333349227905
0.0526315793395042
~
0.706250011920929
0.958333313465118
0.0526315793395042
0.793749988079071
0.875
0.0526315793395042
0.84375
0.766666650772095
0.0526315793395042
0.587499976158142
0.858333349227905
0.0526315793395042
~
0.706250011920929
0.958333313465118
0.0526315793395042
0.793749988079071
0.875
0.0526315793395042
0.84375
0.766666650772095
0.0526315793395042
0.587499976158142
0.858333349227905
0.0526315793395042
~
0.706250011920929
0.958333313465118
0.0526315793395042
0.793749988079071
0.875
0.0526315793395042
0.84375
0.766666650772095
0.0526315793395042
0.587499976158142
0.858333349227905
0.0526315793395042
~
0.71875
0.966666638851166
0.0526315793395042
0.806249976158142
0.891666650772095
0.0526315793395042
0.850000023841858
0.783333361148834
0.0526315793395042
0.631250023841858
0.641666650772095
0.0526315793395042
0.59375
0.858333349227905
0.0526315793395042
~
----
@F
-0.643750011920929
0.866666674613953
-0.0651315823197365
-0.731249988079071
0.649999976158142
-0.0698684230446815
-0.6875
0.783333361148834
-0.068552628159523
~
-0.643750011920929
0.866666674613953
-0.0651315823197365
-0.731249988079071
0.649999976158142
-0.0698684230446815
-0.6875
0.783333361148834
-0.068552628159523
~
-0.643750011920929
0.875
-0.0653947368264198
-0.725000023841858
0.649999976158142
-0.0705263167619705
-0.6875
0.783333361148834
-0.0692105293273926
~
-0.643750011920929
0.875
-0.0653947368264198
-0.725000023841858
0.649999976158142
-0.0705263167619705
-0.6875
0.783333361148834
-0.0692105293273926
~
-0.643750011920929
0.875
-0.0653947368264198
-0.725000023841858
0.649999976158142
-0.0705263167619705
-0.6875
0.783333361148834
-0.0692105293273926
~
-0.643750011920929
0.875
-0.0653947368264198
-0.725000023841858
0.649999976158142
-0.0705263167619705
-0.6875
0.783333361148834
-0.0692105293273926
~
-0.643750011920929
0.875
-0.0653947368264198
-0.725000023841858
0.649999976158142
-0.0705263167619705
-0.6875
0.783333361148834
-0.0692105293273926
~
-0.649999976158142
0.875
-0.0660526305437088
-0.737500011920929
0.641666650772095
-0.0705263167619705
-0.699999988079071
0.800000011920929
-0.068815790116787
~
-0.649999976158142
0.875
-0.0660526305437088
-0.737500011920929
0.641666650772095
-0.0705263167619705
-0.699999988079071
0.800000011920929
-0.068815790116787
~
-0.649999976158142
0.875
-0.0660526305437088
-0.737500011920929
0.641666650772095
-0.0705263167619705
-0.699999988079071
0.800000011920929
-0.068815790116787
~
-0.662500023841858
0.875
-0.0656578913331032
-0.756250023841858
0.666666686534882
-0.0694736838340759
-0.699999988079071
0.791666686534882
-0.068815790116787
~
-0.662500023841858
0.875
-0.0656578913331032
-0.756250023841858
0.666666686534882
-0.0694736838340759
-0.699999988079071
0.791666686534882
-0.068815790116787
~
-0.662500023841858
0.875
-0.0656578913331032
-0.756250023841858
0.666666686534882
-0.0694736838340759
-0.699999988079071
0.791666686534882
-0.068815790116787
~
-0.662500023841858
0.875
-0.0656578913331032
-0.756250023841858
0.666666686534882
-0.0694736838340759
-0.699999988079071
0.791666686534882
-0.068815790116787
~
-0.662500023841858
0.875
-0.0656578913331032
-0.756250023841858
0.666666686534882
-0.0694736838340759
-0.699999988079071
0.791666686534882
-0.068815790116787
~
-0.662500023841858
0.875
-0.0653947368264198
-0.75
0.649999976158142
-0.0701315775513649
-0.699999988079071
0.783333361148834
-0.068815790116787
~
-0.662500023841858
0.875
-0.0653947368264198
-0.75
0.649999976158142
-0.0701315775513649
-0.699999988079071
0.783333361148834
-0.068815790116787
~
-0.662500023841858
0.875
-0.0653947368264198
-0.75
0.649999976158142
-0.0701315775513649
-0.699999988079071
0.783333361148834
-0.068815790116787
~
-0.662500023841858
0.875
-0.0653947368264198
-0.75
0.649999976158142
-0.0701315775513649
-0.699999988079071
0.783333361148834
-0.068815790116787
~
-0.662500023841858
0.875
-0.0653947368264198
-0.75
0.649999976158142
-0.0701315775513649
-0.699999988079071
0.783333361148834
-0.068815790116787
~
-0.668749988079071
0.875
-0.0651315823197365
-0.756250023841858
0.658333361148834
-0.0698684230446815
-0.71875
0.808333337306976
-0.0682894736528397
~
-0.668749988079071
0.875
-0.0651315823197365
-0.756250023841858
0.658333361148834
-0.0698684230446815
-0.71875
0.808333337306976
-0.0682894736528397
~
-0.668749988079071
0.875
-0.0651315823197365
-0.756250023841858
0.658333361148834
-0.0698684230446815
-0.71875
0.808333337306976
-0.0682894736528397
~
-0.668749988079071
0.875
-0.0651315823197365
-0.756250023841858
0.658333361148834
-0.0698684230446815
-0.71875
0.808333337306976
-0.0682894736528397
~
-0.668749988079071
0.875
-0.0651315823197365
-0.756250023841858
0.658333361148834
-0.0698684230446815
-0.71875
0.808333337306976
-0.0682894736528397
~
-0.668749988079071
0.875
-0.0651315823197365
-0.75
0.649999976158142
-0.0705263167619705
-0.712499976158142
0.800000011920929
-0.068815790116787
~
-0.668749988079071
0.875
-0.0651315823197365
-0.75
0.649999976158142
-0.0705263167619705
-0.712499976158142
0.800000011920929
-0.068815790116787
~
-0.668749988079071
0.875
-0.0651315823197365
-0.75
0.649999976158142
-0.0705263167619705
-0.712499976158142
0.800000011920929
-0.068815790116787
~
-0.668749988079071
0.875
-0.0651315823197365
-0.75
0.649999976158142
-0.0705263167619705
-0.712499976158142
0.800000011920929
-0.068815790116787
~
-0.668749988079071
0.875
-0.0651315823197365
-0.75
0.649999976158142
-0.0705263167619705
-0.712499976158142
0.800000011920929
-0.068815790116787
~
-0.668749988079071
0.883333325386047
-0.0651315823197365
-0.75
0.658333361148834
-0.0694736838340759
-0.699999988079071
0.791666686534882
-0.068815790116787
~
-0.668749988079071
0.883333325386047
-0.0651315823197365
-0.75
0.658333361148834
-0.0694736838340759
-0.699999988079071
0.791666686534882
-0.068815790116787
~
-0.668749988079071
0.883333325386047
-0.0651315823197365
-0.75
0.658333361148834
-0.0694736838340759
-0.699999988079071
0.791666686534882
-0.068815790116787
~
-0.668749988079071
0.883333325386047
-0.0651315823197365
-0.75
0.658333361148834
-0.0694736838340759
-0.699999988079071
0.791666686534882
-0.068815790116787
~
----
@Thumbsup
0.625
0.633333325386047
-0.061842106282711
~
0.625
0.633333325386047
-0.061842106282711
~
0.618749976158142
0.633333325386047
-0.061842106282711
~
0.618749976158142
0.633333325386047
-0.061842106282711
~
0.618749976158142
0.633333325386047
-0.061842106282711
~
0.618749976158142
0.633333325386047
-0.061842106282711
~
0.618749976158142
0.633333325386047
-0.061842106282711
~
0.612500011920929
0.633333325386047
-0.061842106282711
~
0.612500011920929
0.633333325386047
-0.061842106282711
~
0.612500011920929
0.633333325386047
-0.061842106282711
~
0.612500011920929
0.633333325386047
-0.061842106282711
~
0.612500011920929
0.633333325386047
-0.061842106282711
~
0.618749976158142
0.641666650772095
-0.0615789480507374
~
0.618749976158142
0.641666650772095
-0.0615789480507374
~
0.618749976158142
0.641666650772095
-0.0615789480507374
~
0.618749976158142
0.641666650772095
-0.0615789480507374
~
0.612500011920929
0.633333325386047
-0.061842106282711
~
0.612500011920929
0.633333325386047
-0.061842106282711
~
0.612500011920929
0.633333325386047
-0.061842106282711
~
0.612500011920929
0.633333325386047
-0.061842106282711
~
0.612500011920929
0.633333325386047
-0.061842106282711
~
0.600000023841858
0.625
-0.061842106282711
~
0.600000023841858
0.625
-0.061842106282711
~
0.600000023841858
0.625
-0.061842106282711
~
0.600000023841858
0.625
-0.061842106282711
~
0.600000023841858
0.625
-0.061842106282711
~
0.600000023841858
0.625
-0.061842106282711
~
0.600000023841858
0.625
-0.061842106282711
~
0.600000023841858
0.625
-0.061842106282711
~
0.600000023841858
0.625
-0.061842106282711
~
0.600000023841858
0.625
-0.061842106282711
~
0.612500011920929
0.633333325386047
-0.0615789480507374
~
0.612500011920929
0.633333325386047
-0.0615789480507374
~
0.612500011920929
0.633333325386047
-0.0615789480507374
~
----
@Thumbsdown
0.618749976158142
0.308333337306976
0.0526315793395042
~
0.612500011920929
0.308333337306976
0.0526315793395042
~
0.612500011920929
0.308333337306976
0.0526315793395042
~
0.612500011920929
0.308333337306976
0.0526315793395042
~
0.612500011920929
0.308333337306976
0.0526315793395042
~
0.612500011920929
0.308333337306976
0.0526315793395042
~
0.612500011920929
0.324999988079071
0.0526315793395042
~
0.612500011920929
0.324999988079071
0.0526315793395042
~
0.612500011920929
0.324999988079071
0.0526315793395042
~
0.612500011920929
0.324999988079071
0.0526315793395042
~
0.612500011920929
0.324999988079071
0.0526315793395042
~
0.618749976158142
0.341666668653488
0.0526315793395042
~
0.618749976158142
0.341666668653488
0.0526315793395042
~
0.618749976158142
0.341666668653488
0.0526315793395042
~
0.618749976158142
0.341666668653488
0.0526315793395042
~
0.618749976158142
0.341666668653488
0.0526315793395042
~
0.606249988079071
0.333333343267441
0.0526315793395042
~
0.606249988079071
0.333333343267441
0.0526315793395042
~
0.606249988079071
0.333333343267441
0.0526315793395042
~
0.606249988079071
0.333333343267441
0.0526315793395042
~
0.606249988079071
0.333333343267441
0.0526315793395042
~
0.606249988079071
0.349999994039536
0.0526315793395042
~
0.606249988079071
0.349999994039536
0.0526315793395042
~
0.606249988079071
0.349999994039536
0.0526315793395042
~
0.606249988079071
0.349999994039536
0.0526315793395042
~
0.606249988079071
0.349999994039536
0.0526315793395042
~
0.612500011920929
0.349999994039536
0.0526315793395042
~
0.612500011920929
0.349999994039536
0.0526315793395042
~
0.612500011920929
0.349999994039536
0.0526315793395042
~
0.612500011920929
0.349999994039536
0.0526315793395042
~
0.612500011920929
0.349999994039536
0.0526315793395042
~
0.612500011920929
0.358333319425583
0.0526315793395042
~
0.612500011920929
0.358333319425583
0.0526315793395042
~
0.612500011920929
0.358333319425583
0.0526315793395042
~
----
@Best
0.150000005960464
0.616666674613953
0.0526315793395042
~
0.150000005960464
0.616666674613953
0.0526315793395042
~
0.137500002980232
0.608333349227905
0.0526315793395042
~
0.137500002980232
0.608333349227905
0.0526315793395042
~
0.137500002980232
0.608333349227905
0.0526315793395042
~
0.137500002980232
0.608333349227905
0.0526315793395042
~
0.137500002980232
0.608333349227905
0.0526315793395042
~
0.137500002980232
0.608333349227905
0.0526315793395042
~
0.137500002980232
0.608333349227905
0.0526315793395042
~
0.137500002980232
0.608333349227905
0.0526315793395042
~
0.137500002980232
0.608333349227905
0.0526315793395042
~
0.137500002980232
0.608333349227905
0.0526315793395042
~
0.137500002980232
0.608333349227905
0.0526315793395042
~
0.137500002980232
0.608333349227905
0.0526315793395042
~
0.137500002980232
0.608333349227905
0.0526315793395042
~
0.137500002980232
0.608333349227905
0.0526315793395042
~
0.137500002980232
0.608333349227905
0.0526315793395042
~
0.137500002980232
0.608333349227905
0.0526315793395042
~
0.137500002980232
0.608333349227905
0.0526315793395042
~
0.137500002980232
0.608333349227905
0.0526315793395042
~
0.137500002980232
0.608333349227905
0.0526315793395042
~
0.137500002980232
0.608333349227905
0.0526315793395042
~
0.137500002980232
0.608333349227905
0.0526315793395042
~
0.137500002980232
0.608333349227905
0.0526315793395042
~
0.137500002980232
0.608333349227905
0.0526315793395042
~
0.137500002980232
0.608333349227905
0.0526315793395042
~
0.137500002980232
0.608333349227905
0.0526315793395042
~
0.137500002980232
0.608333349227905
0.0526315793395042
~
0.137500002980232
0.608333349227905
0.0526315793395042
~
0.137500002980232
0.608333349227905
0.0526315793395042
~
0.137500002980232
0.608333349227905
0.0526315793395042
~
0.137500002980232
0.608333349227905
0.0526315793395042
~
0.137500002980232
0.600000023841858
0.0526315793395042
~
0.137500002980232
0.600000023841858
0.0526315793395042
~
----
@Color
0.118749998509884
0.483333319425583
0.0526315793395042
~
0.118749998509884
0.483333319425583
0.0526315793395042
~
0.118749998509884
0.483333319425583
0.0526315793395042
~
0.118749998509884
0.483333319425583
0.0526315793395042
~
0.131249994039536
0.491666674613953
0.0526315793395042
~
0.131249994039536
0.491666674613953
0.0526315793395042
~
0.131249994039536
0.491666674613953
0.0526315793395042
~
0.131249994039536
0.491666674613953
0.0526315793395042
~
0.131249994039536
0.491666674613953
0.0526315793395042
~
0.131249994039536
0.491666674613953
0.0526315793395042
~
0.131249994039536
0.491666674613953
0.0526315793395042
~
0.131249994039536
0.491666674613953
0.0526315793395042
~
0.131249994039536
0.491666674613953
0.0526315793395042
~
0.131249994039536
0.491666674613953
0.0526315793395042
~
0.137500002980232
0.5
0.0526315793395042
~
0.137500002980232
0.5
0.0526315793395042
~
0.137500002980232
0.5
0.0526315793395042
~
0.137500002980232
0.5
0.0526315793395042
~
0.137500002980232
0.5
0.0526315793395042
~
0.137500002980232
0.5
0.0526315793395042
~
0.137500002980232
0.5
0.0526315793395042
~
0.137500002980232
0.5
0.0526315793395042
~
0.137500002980232
0.5
0.0526315793395042
~
0.137500002980232
0.5
0.0526315793395042
~
0.137500002980232
0.5
0.0526315793395042
~
0.137500002980232
0.5
0.0526315793395042
~
0.137500002980232
0.5
0.0526315793395042
~
0.137500002980232
0.5
0.0526315793395042
~
0.137500002980232
0.5
0.0526315793395042
~
0.131249994039536
0.5
0.0526315793395042
~
0.131249994039536
0.5
0.0526315793395042
~
0.131249994039536
0.5
0.0526315793395042
~
0.131249994039536
0.5
0.0526315793395042
~
0.131249994039536
0.5
0.0526315793395042
~
----
@Yes
0.568750023841858
0.991666674613953
0.0526315793395042
0.793749988079071
0.925000011920929
0.0526315793395042
~
0.568750023841858
0.991666674613953
0.0526315793395042
0.793749988079071
0.925000011920929
0.0526315793395042
~
0.800000011920929
0.916666686534882
0.0526315793395042
0.581250011920929
0.866666674613953
0.0526315793395042
~
0.800000011920929
0.916666686534882
0.0526315793395042
0.581250011920929
0.866666674613953
0.0526315793395042
~
0.800000011920929
0.916666686534882
0.0526315793395042
0.581250011920929
0.866666674613953
0.0526315793395042
~
0.800000011920929
0.916666686534882
0.0526315793395042
0.581250011920929
0.866666674613953
0.0526315793395042
~
0.800000011920929
0.916666686534882
0.0526315793395042
0.581250011920929
0.866666674613953
0.0526315793395042
~
0.806249976158142
0.925000011920929
0.0526315793395042
0.8125
0.908333361148834
0.0526315793395042
0.806249976158142
0.875
0.0526315793395042
0.787500023841858
0.891666650772095
0.0526315793395042
~
0.806249976158142
0.925000011920929
0.0526315793395042
0.8125
0.908333361148834
0.0526315793395042
0.806249976158142
0.875
0.0526315793395042
0.787500023841858
0.891666650772095
0.0526315793395042
~
0.806249976158142
0.925000011920929
0.0526315793395042
0.8125
0.908333361148834
0.0526315793395042
0.806249976158142
0.875
0.0526315793395042
0.787500023841858
0.891666650772095
0.0526315793395042
~
0.806249976158142
0.925000011920929
0.0526315793395042
0.8125
0.908333361148834
0.0526315793395042
0.806249976158142
0.875
0.0526315793395042
0.787500023841858
0.891666650772095
0.0526315793395042
~
0.806249976158142
0.925000011920929
0.0526315793395042
0.8125
0.908333361148834
0.0526315793395042
0.806249976158142
0.875
0.0526315793395042
0.787500023841858
0.891666650772095
0.0526315793395042
~
0.662500023841858
0.600000023841858
0.0526315793395042
0.59375
0.833333313465118
0.0526315793395042
~
0.662500023841858
0.600000023841858
0.0526315793395042
0.59375
0.833333313465118
0.0526315793395042
~
0.662500023841858
0.600000023841858
0.0526315793395042
0.59375
0.833333313465118
0.0526315793395042
~
0.662500023841858
0.600000023841858
0.0526315793395042
0.59375
0.833333313465118
0.0526315793395042
~
0.662500023841858
0.600000023841858
0.0526315793395042
0.59375
0.833333313465118
0.0526315793395042
~
0.831250011920929
0.949999988079071
0.0526315793395042
0.65625
0.600000023841858
0.0526315793395042
0.587499976158142
0.866666674613953
0.0526315793395042
~
0.831250011920929
0.949999988079071
0.0526315793395042
0.65625
0.600000023841858
0.0526315793395042
0.587499976158142
0.866666674613953
0.0526315793395042
~
0.831250011920929
0.949999988079071
0.0526315793395042
0.65625
0.600000023841858
0.0526315793395042
0.587499976158142
0.866666674613953
0.0526315793395042
~
0.831250011920929
0.949999988079071
0.0526315793395042
0.65625
0.600000023841858
0.0526315793395042
0.587499976158142
0.866666674613953
0.0526315793395042
~
0.831250011920929
0.949999988079071
0.0526315793395042
0.65625
0.600000023841858
0.0526315793395042
0.587499976158142
0.866666674613953
0.0526315793395042
~
0.59375
0.949999988079071
0.0526315793395042
0.818750023841858
0.925000011920929
0.0526315793395042
0.65625
0.600000023841858
0.0526315793395042
~
0.59375
0.949999988079071
0.0526315793395042
0.818750023841858
0.925000011920929
0.0526315793395042
0.65625
0.600000023841858
0.0526315793395042
~
0.59375
0.949999988079071
0.0526315793395042
0.818750023841858
0.925000011920929
0.0526315793395042
0.65625
0.600000023841858
0.0526315793395042
~
0.59375
0.949999988079071
0.0526315793395042
0.818750023841858
0.925000011920929
0.0526315793395042
0.65625
0.600000023841858
0.0526315793395042
~
0.59375
0.949999988079071
0.0526315793395042
0.818750023841858
0.925000011920929
0.0526315793395042
0.65625
0.600000023841858
0.0526315793395042
~
0.662500023841858
0.600000023841858
0.0526315793395042
~
0.662500023841858
0.600000023841858
0.0526315793395042
~
0.662500023841858
0.600000023841858
0.0526315793395042
~
0.662500023841858
0.600000023841858
0.0526315793395042
~
0.662500023841858
0.600000023841858
0.0526315793395042
~
0.662500023841858
0.600000023841858
0.0526315793395042
0.587499976158142
0.824999988079071
0.0526315793395042
~
0.662500023841858
0.600000023841858
0.0526315793395042
0.587499976158142
0.824999988079071
0.0526315793395042
~
----
@Alone
0.200000002980232
0.258333325386047
-0.0739473700523376
~
0.200000002980232
0.258333325386047
-0.0739473700523376
~
0.200000002980232
0.258333325386047
-0.0743421018123627
~
0.200000002980232
0.258333325386047
-0.0743421018123627
~
0.200000002980232
0.258333325386047
-0.0743421018123627
~
0.200000002980232
0.258333325386047
-0.0743421018123627
~
0.200000002980232
0.258333325386047
-0.0743421018123627
~
0.200000002980232
0.275000005960464
-0.0743421018123627
~
0.200000002980232
0.275000005960464
-0.0743421018123627
~
0.200000002980232
0.275000005960464
-0.0743421018123627
~
0.200000002980232
0.275000005960464
-0.0743421018123627
~
0.200000002980232
0.275000005960464
-0.0743421018123627
~
0.200000002980232
0.266666680574417
-0.0747368410229683
~
0.200000002980232
0.266666680574417
-0.0747368410229683
~
0.200000002980232
0.266666680574417
-0.0747368410229683
~
0.200000002980232
0.266666680574417
-0.0747368410229683
~
0.200000002980232
0.266666680574417
-0.0747368410229683
~
0.206249997019768
0.275000005960464
-0.073552630841732
~
0.206249997019768
0.275000005960464
-0.073552630841732
~
0.206249997019768
0.275000005960464
-0.073552630841732
~
0.206249997019768
0.275000005960464
-0.073552630841732
~
0.206249997019768
0.275000005960464
-0.073552630841732
~
0.206249997019768
0.266666680574417
-0.0739473700523376
~
0.206249997019768
0.266666680574417
-0.0739473700523376
~
0.206249997019768
0.266666680574417
-0.0739473700523376
~
0.206249997019768
0.275000005960464
-0.073552630841732
~
0.206249997019768
0.275000005960464
-0.073552630841732
~
0.206249997019768
0.275000005960464
-0.073552630841732
~
0.206249997019768
0.275000005960464
-0.073552630841732
~
0.206249997019768
0.275000005960464
-0.073552630841732
~
0.206249997019768
0.275000005960464
-0.073552630841732
~
0.206249997019768
0.275000005960464
-0.073552630841732
~
0.206249997019768
0.275000005960464
-0.073552630841732
~
0.206249997019768
0.275000005960464
-0.073552630841732
~
----