@RockOn
-0.381249994039536
0.774999976158142
-0.0543421059846878
-0.568750023841858
0.641666650772095
-0.0565789490938187
~
-0.381249994039536
0.774999976158142
-0.0543421059846878
-0.568750023841858
0.641666650772095
-0.0565789490938187
~
-0.381249994039536
0.774999976158142
-0.0543421059846878
-0.568750023841858
0.641666650772095
-0.0565789490938187
~
-0.375
0.783333361148834
-0.0546052642166615
-0.568750023841858
0.633333325386047
-0.056842103600502
~
-0.375
0.783333361148834
-0.0546052642166615
-0.568750023841858
0.633333325386047
-0.056842103600502
~
-0.375
0.783333361148834
-0.0546052642166615
-0.568750023841858
0.633333325386047
-0.056842103600502
~
-0.375
0.783333361148834
-0.0546052642166615
-0.568750023841858
0.633333325386047
-0.056842103600502
~
-0.375
0.783333361148834
-0.0546052642166615
-0.568750023841858
0.633333325386047
-0.056842103600502
~
-0.375
0.791666686534882
-0.0547368414700031
-0.568750023841858
0.633333325386047
-0.056842103600502
~
-0.375
0.791666686534882
-0.0547368414700031
-0.568750023841858
0.633333325386047
-0.056842103600502
~
-0.375
0.791666686534882
-0.0547368414700031
-0.568750023841858
0.633333325386047
-0.056842103600502
~
-0.375
0.791666686534882
-0.0547368414700031
-0.568750023841858
0.633333325386047
-0.056842103600502
~
-0.375
0.791666686534882
-0.0547368414700031
-0.568750023841858
0.633333325386047
-0.056842103600502
~
-0.375
0.791666686534882
-0.0547368414700031
-0.568750023841858
0.633333325386047
-0.056842103600502
~
-0.375
0.791666686534882
-0.0547368414700031
-0.568750023841858
0.633333325386047
-0.056842103600502
~
-0.375
0.791666686534882
-0.0547368414700031
-0.568750023841858
0.633333325386047
-0.056842103600502
~
-0.375
0.791666686534882
-0.0547368414700031
-0.568750023841858
0.633333325386047
-0.056842103600502
~
-0.375
0.791666686534882
-0.0547368414700031
-0.568750023841858
0.633333325386047
-0.056842103600502
~
-0.375
0.791666686534882
-0.0547368414700031
-0.568750023841858
0.633333325386047
-0.056842103600502
~
-0.375
0.791666686534882
-0.0547368414700031
-0.568750023841858
0.633333325386047
-0.056842103600502
~
-0.375
0.791666686534882
-0.0547368414700031
-0.568750023841858
0.633333325386047
-0.056842103600502
~
-0.375
0.791666686534882
-0.0549999997019768
-0.568750023841858
0.641666650772095
-0.0573684200644493
~
-0.375
0.791666686534882
-0.0549999997019768
-0.568750023841858
0.641666650772095
-0.0573684200644493
~
-0.375
0.791666686534882
-0.0549999997019768
-0.568750023841858
0.641666650772095
-0.0573684200644493
~
-0.375
0.791666686534882
-0.0549999997019768
-0.568750023841858
0.641666650772095
-0.0573684200644493
~
-0.375
0.791666686534882
-0.0549999997019768
-0.568750023841858
0.641666650772095
-0.0573684200644493
~
-0.375
0.791666686534882
-0.0549999997019768
-0.493750005960464
0.0750000029802322
-0.0750000029802322
-0.5625
0.641666650772095
-0.0573684200644493
~
-0.375
0.791666686534882
-0.0549999997019768
-0.493750005960464
0.0750000029802322
-0.0750000029802322
-0.5625
0.641666650772095
-0.0573684200644493
~
-0.375
0.791666686534882
-0.0549999997019768
-0.493750005960464
0.0750000029802322
-0.0750000029802322
-0.5625
0.641666650772095
-0.0573684200644493
~
-0.375
0.791666686534882
-0.0549999997019768
-0.493750005960464
0.0750000029802322
-0.0750000029802322
-0.5625
0.641666650772095
-0.0573684200644493
~
-0.375
0.791666686534882
-0.0549999997019768
-0.493750005960464
0.0750000029802322
-0.0750000029802322
-0.5625
0.641666650772095
-0.0573684200644493
~
-0.375
0.791666686534882
-0.0549999997019768
-0.568750023841858
0.649999976158142
-0.0571052618324757
~
-0.375
0.791666686534882
-0.0549999997019768
-0.568750023841858
0.649999976158142
-0.0571052618324757
~
-0.375
0.791666686534882
-0.0549999997019768
-0.568750023841858
0.649999976158142
-0.0571052618324757
~
-0.375
0.791666686534882
-0.0549999997019768
-0.568750023841858
0.649999976158142
-0.0571052618324757
~
-0.375
0.791666686534882
-0.0549999997019768
-0.568750023841858
0.649999976158142
-0.0571052618324757
~
----