Head - Rotate to Left
0,184857928234598
-0,380494490913723
-0,00628591296465501
~
0,182225911513619
-0,369017725405486
-0,033631778281668
~
0,177890238554581
-0,330923412157142
-0,0798667565636013
~
0,178922819054645
-0,315224813378375
-0,0778052858684374
~
0,16935424182726
-0,282845994700556
-0,0898475335991901
~
0,156431001165639
-0,256660026052724
-0,101333825484566
~
0,142264708228733
-0,223094048707382
-0,128945993340534
~
0,133907162624857
-0,214935779571533
-0,162846057311348
~
0,16168561189071
-0,135138065918632
-0,192377484363058
~
0,146143757778665
0,0132758798806564
-0,241091044052787
~
0,122453109077785
0,0506796577702398
-0,254849827807883
~
0,128610341445259
0,148530680200328
-0,263776551122251
~
0,114364706951639
0,260767045228378
-0,287593053734821
~
0,110390310702117
0,294722080230713
-0,29490269785342
~
0,100847918054332
0,361246482185695
-0,322398040605628
~
0,102996473727019
0,425625262053117
-0,325749024100926
~
0,108352951381517
0,517874883568805
-0,312599866286568
~
0,117552259693975
0,573328474293584
-0,314298609028692
~
0,110748736754708
0,640298014101775
-0,310283142587413
~
0,0673511961232061
0,65208853846011
-0,283617994059687
~
0,0950297480044158
0,691718433214271
-0,305174889771835
~
0,092473434365314
0,759091004081394
-0,313987441684889
~
0,101417925046838
0,834052459053371
-0,327476729517398
~
0,115362011868021
0,849202031674592
-0,333620859229046
~
0,0956440697545591
0,939699836399244
-0,297959763070811
~
0,111638286839361
0,975403661313264
-0,332149795863939
~
0,130900237871253
1,03281568444293
-0,361935200898544
~
0,154380031253981
1,26245025966478
-0,424634187117867
~
0,151562421218209
1,35554919035538
-0,424533014712126
~
0,184315308280613
1,44936685976775
-0,438546512437903
~
0,189693077750828
1,50245019663935
-0,458370913629946
~
0,189886258996051
1,5365396582562
-0,446732396664827
~
0,179832520692245
1,58664852639903
-0,444033125172491
~
----