@RockOn
-1.29265872540037
-1.19938083427252
0.851626382000275
-1.26410565114324
-0.961834811076273
0.794874413544721
-1.02812316917325
-0.298281864265669
0.604019189144075
0.776200066630594
-0.766903015133304
-0.532807022671861
0.890390388983911
-1.23724384591182
-1.13650822533989
0.957418211058351
-1.37045346506649
-1.33202466613339
~
-1.29056613869318
-1.19590334563088
0.849740173754818
-1.26206896466042
-0.958821870907615
0.793099432407619
-1.02674804917748
-0.296343609518934
0.602911929907131
0.775099238620243
-0.767508053577158
-0.531030394857666
0.887456160196219
-1.23567915438895
-1.13498507742319
0.953985414480107
-1.36893006028612
-1.33003875899619
~
-1.28982674230084
-1.19279706720025
0.848085370844895
-1.26137640534936
-0.956106206744488
0.791537839762003
-1.02546384460336
-0.295116933051613
0.60139019339949
0.773546801308715
-0.768370843757578
-0.529941066383171
0.884268352774702
-1.23451904405185
-1.13429194560331
0.949941102920731
-1.36845339912955
-1.32865840278478
~
-1.29285705222843
-1.18909277637635
0.848592465366474
-1.26437919411195
-0.952172982182787
0.791990353704044
-1.02656291339163
-0.291413990288844
0.60075394707396
0.772211814630854
-0.772493573108506
-0.528385029183703
0.880906289153754
-1.23690349119341
-1.13560839126531
0.945729384449231
-1.37183933945053
-1.32986613816444
~
-1.26813876525983
-1.20048876759973
0.832444469005666
-1.2396886906562
-0.963800431658282
0.775897915778346
-1.02612934720019
-0.290338196508788
0.600167377258946
0.773439409413184
-0.771701677285095
-0.527546716201883
0.876745538018186
-1.23754121978221
-1.13368825338209
0.940768335487634
-1.37304296095465
-1.32751473789982
~
-1.27670078035232
-1.19668643287877
0.835594394588389
-1.24823376880305
-0.959856611688568
0.779013870671508
-1.0261799659782
-0.289738938483445
0.599846801568442
0.772675547509836
-0.774416061673295
-0.526133508427368
0.876413895002351
-1.23889236332268
-1.1339918106216
0.93970993517454
-1.37505613864208
-1.32777821167551
~
-1.26390378978014
-1.201324899106
0.827692150598859
-1.23545830058472
-0.964673875098411
0.771154526978954
-1.02521135159977
-0.28885486319648
0.599617668425414
0.772388244300259
-0.775082802937272
-0.525167560226552
0.875501059173957
-1.2379762624863
-1.13374727774535
0.938361969646088
-1.37429754369173
-1.32733042005771
~
-1.27080348620494
-1.19703518924664
0.829723659153207
-1.24237776825247
-0.960550251598375
0.773225449925086
-1.024667430446
-0.288393343247791
0.599237985300856
0.771820497805169
-0.77596598666952
-0.523755830840457
0.873679633993593
-1.23724197357146
-1.13323803473566
0.93605316594691
-1.37392145599924
-1.32650849407936
~
-1.27528262283773
-1.19534544707229
0.831214405112165
-1.24684833728209
-0.958788579675815
0.774699073646225
-1.02501007527809
-0.288187019072595
0.599175971875716
0.771324957381105
-0.777169727618852
-0.523271613153596
0.872556835314107
-1.23820436605004
-1.13343221933528
0.934205005585067
-1.37531093536908
-1.32672723361533
~
-1.27956302470577
-1.19171937030746
0.833530090272212
-1.25112454096281
-0.955127104298253
0.777006537583339
-1.02474686657289
-0.286789294301949
0.598680576767143
0.770843517303792
-0.778683852120049
-0.522617189159696
0.869799552863433
-1.24011104653158
-1.13307840265174
0.930719805166766
-1.37765956898492
-1.32633646149524
~
-1.28215184887895
-1.18891861766493
0.834699482932174
-1.25371659981748
-0.952354507784085
0.778183124309662
-1.02472978355178
-0.285484478959796
0.598342689974682
0.771602897541053
-0.77836835460726
-0.522781591676326
0.852243152820465
-1.33253682429385
-1.04666801248107
0.92246384898045
-1.3517304317293
-1.28047543160015
~
-1.26734486680079
-1.19469832695574
0.82781828180727
-1.23888284237034
-0.957910381848948
0.771248400969143
-1.02396035365323
-0.283196694445009
0.598792070112581
0.774616365338499
-0.778612981990065
-0.523749837148012
0.852935568651356
-1.33839224802596
-1.04268035933242
0.921135978147336
-1.34789324174954
-1.27791906184659
~
-1.27299830865955
-1.19077536643549
0.830452128651703
-1.24455125427733
-0.954111814093407
0.773911262901972
-1.02378870239921
-0.282617479513708
0.598527722527047
0.773983968407305
-0.779070848319992
-0.523164758570945
0.85190498077191
-1.34139514902448
-1.03858166287975
0.918138046029148
-1.34460537154067
-1.27441760498604
~
-1.27752987042396
-1.18847847943322
0.83319348036931
-1.24907514442718
-0.951750884951616
0.776637492516914
-1.02393983669335
-0.282346600635601
0.598534265739954
0.773508133919882
-0.780006993497676
-0.522847219948561
0.851642579226783
-1.34391924173583
-1.03672067761666
0.915918167850855
-1.34270778059309
-1.27318495317432
~
-1.28023036707965
-1.18664687547693
0.834032419069072
-1.25178509941468
-0.949997858232221
0.777495356300584
-1.02374305277615
-0.282137953008392
0.598404029583433
0.772925897182703
-0.780184862758123
-0.522801877505378
0.849830764945633
-1.34351267136411
-1.03723471521814
0.914584501207366
-1.33959827006648
-1.27345488549002
~
-1.28079632120134
-1.18558421514489
0.834797912941225
-1.2523475948828
-0.948906237918155
0.77825368372251
-1.02311875862526
-0.281373854715395
0.598912422769971
0.775691674378427
-0.778380781848138
-0.524485637643535
0.842485316538098
-1.2894480832593
-1.09657271612802
0.916089244299868
-1.38045403635291
-1.31180143323212
~
-1.28091375314662
-1.18458441739402
0.833921956550987
-1.25250081788763
-0.948204826524276
0.777449205108826
-1.02237906617096
-0.281691007973357
0.598934793099241
0.773854674424878
-0.778162146432778
-0.524425374625878
0.846544063717799
-1.32338263444797
-1.05911362270916
0.915567632910175
-1.35783006858987
-1.29132239870725
~
-1.28188763558056
-1.18336647813108
0.834489972452443
-1.25347970853026
-0.947029373358944
0.778026867218314
-1.02237524292594
-0.281260924840522
0.598637681755024
0.773659787468226
-0.777538771727449
-0.525441860730537
0.845878002526609
-1.33217927972866
-1.04941903744525
0.913280419337767
-1.350686628493
-1.28386442939348
~
-1.27956283511412
-1.18220736092017
0.833070514380204
-1.25122504686106
-0.946453766734027
0.776746941378756
-1.02046985940896
-0.282280171112384
0.598078913110791
0.77126175962707
-0.776889418347427
-0.52450071354873
0.846307680403726
-1.33322321167323
-1.04323511051736
0.912117597243169
-1.34323282722476
-1.27802015716301
~
-0.101634201111352
-1.75197660479645
-1.47655195768607
-0.373991446918974
-1.85188940718059
-1.24408113788813
-0.507899401655523
-0.957713639784339
-0.648660728911705
1.12524719967017
-0.66883641103483
-0.536772682944809
1.52732774339616
-1.44875860498608
-1.17412516109621
1.79057764460635
-1.60461372884136
-3.21200943029679
~
-0.129118432032306
-1.66823215516106
-1.4000187927669
-0.388496741538272
-1.7645507044559
-1.17522997647259
-0.510034163830506
-0.895634301739971
-0.621380238110061
1.04952322482228
-0.694918694354351
-0.535973923305607
1.40077262487156
-1.45138644917142
-1.15847591983603
1.54651122170891
-2.01317849428674
-1.59261892797022
~
-0.160466410082165
-1.61972975667418
-1.36469701465102
-0.41939804261706
-1.71765524164873
-1.15199679735046
-0.592769585633656
-0.86500451809508
-0.629062162868258
1.02450962525164
-0.68383794681446
-0.52682310383316
1.36599022171621
-1.42321379869184
-1.13976510735328
1.50442334852268
-1.96565055413406
-1.55947912743024
~
-0.154099318024545
-1.70139215721721
-1.412675970971
-0.41985933586631
-1.80022179354131
-1.1846744607532
-0.616616074458639
-0.932261797795951
-0.610109734596281
1.06359457612845
-0.697550348524037
-0.540822731347036
1.43794548639777
-1.46203963252483
-1.17607193264317
1.59993812525694
-2.04485187225763
-1.62650484078131
~
-0.16056541348412
-1.72521409190224
-1.49011550224613
-0.37965836436919
-1.8360670181734
-1.2148453742617
-0.512792689616906
-0.942334120094156
-0.634611878645595
1.07755105099638
-0.705440907001311
-0.546227821310272
1.41878599791457
-1.49912115036826
-1.18885065207599
1.59264509597558
-2.16018401846422
-1.68778182541507
~
-0.1073429973925
-1.75887374069428
-1.46833003821364
-0.378152808441578
-1.85813053494701
-1.23074699780461
-0.510740718266896
-0.952456734522344
-0.642893469509428
1.04784514676263
-0.730834870691664
-0.575189905568871
1.39748321546328
-1.53940650447681
-1.21771933190593
1.55906970380397
-1.82425843428804
-1.39767687796486
~
-0.0984926714374456
-1.78817980992873
-1.49068744617465
-0.372905337576596
-1.88851166998689
-1.24839053808813
-0.509147317796782
-0.967290989254616
-0.653799169278786
1.10896639789098
-0.718541535247796
-0.558299940324406
1.45917270061971
-1.53553679339667
-1.21967965678121
1.61475768600147
-1.75590416921023
-1.2967676328529
~
-0.232477349269814
-1.24112405737689
-1.05736138228158
-0.427393855923278
-1.3135091012549
-0.885999928885093
-0.553799192641207
-0.66171990990952
-0.467999659656607
0.769786745254156
-0.588335254518719
-0.466808865614049
0.928693718961393
-1.18090762978647
-0.961614743658861
0.992514999363109
-1.38959337535176
-1.11964561583683
~
-0.150821036349526
-1.59020537551449
-1.34931001723558
-0.400854273607975
-1.68483678872937
-1.13162781613483
-0.566740398794201
-0.854183272732029
-0.592599007481541
0.966796763826569
-0.70644005023086
-0.56140676454733
1.2429795705918
-1.45673399486297
-1.1744693688866
1.34668088128636
-1.7215619488215
-1.36932687852275
~
-0.21105220632022
-1.48449769934211
-1.31242878277046
-0.389731141930547
-1.5913615834224
-1.0655543471202
-0.529204089530841
-0.813880395651229
-0.554623973037385
0.911511804522024
-0.663450584465734
-0.529440246078419
1.1527915942604
-1.37148010486995
-1.10491365047071
1.24482008219203
-1.61927588751293
-1.29044158063262
~
-0.209258636789032
-1.44275230355559
-1.27514039069345
-0.383660075601428
-1.54323185472857
-1.03628370004476
-0.504291770956494
-0.786856332572382
-0.545486224364654
0.88580470814558
-0.643236453487588
-0.513697463130832
1.11475237045565
-1.33049960749098
-1.06894313494491
1.20255106063349
-1.56960748114226
-1.24972998435716
~
-0.227595203091551
-1.41752165935904
-1.24868861521754
-0.400173675900449
-1.51902910964392
-1.01501518176308
-0.551380855213742
-0.779197814481577
-0.532517011668926
0.915861121079927
-0.62503627062619
-0.480878355506732
1.1950900078309
-1.30270500007398
-0.999376747779913
1.35043099444921
-1.74409435566687
-1.36937282777435
~
-0.11534377119604
-0.345644619783681
-0.841536874314805
-0.228321185721002
-0.386139786265863
-0.697757814930514
-0.498355105010585
-0.288222591557577
-0.232035992037721
0.527790335951438
-0.467046559698288
-0.367090368696507
0.592899635809957
-0.774566167831409
-0.625573876469817
0.612874675368863
-0.868171731752837
-0.728653079314572
~
-0.114714659240192
-0.567335848660238
-0.638251928729618
-0.185872870730731
-0.645958814505083
-0.481733305006883
-0.468037092945754
-0.265961721519024
-0.218187110910773
0.527864163061677
-0.498229612131744
-0.379553642232338
0.5086664408485
-0.879218987092819
-0.683188271773359
0.527513097881648
-0.971316236576715
-0.790114319538281
~
----