@City
-0.518750011920929
0.991666674613953
0.0526315793395042
-0.456250011920929
0.991666674613953
0.0526315793395042
-0.362500011920929
0.975000023841858
0.0526315793395042
-0.243750005960464
0.691666662693024
0.0526315793395042
-0.600000023841858
0.866666674613953
0.0526315793395042
~
-0.518750011920929
0.991666674613953
0.0526315793395042
-0.456250011920929
0.991666674613953
0.0526315793395042
-0.362500011920929
0.975000023841858
0.0526315793395042
-0.243750005960464
0.691666662693024
0.0526315793395042
-0.600000023841858
0.866666674613953
0.0526315793395042
~
-0.518750011920929
0.991666674613953
0.0526315793395042
-0.456250011920929
0.991666674613953
0.0526315793395042
-0.362500011920929
0.975000023841858
0.0526315793395042
-0.243750005960464
0.691666662693024
0.0526315793395042
-0.600000023841858
0.866666674613953
0.0526315793395042
~
-0.512499988079071
0.991666674613953
0.0526315793395042
-0.443749994039536
0.991666674613953
0.0526315793395042
-0.349999994039536
0.966666638851166
0.0526315793395042
-0.243750005960464
0.691666662693024
0.0526315793395042
-0.59375
0.858333349227905
0.0526315793395042
~
-0.512499988079071
0.991666674613953
0.0526315793395042
-0.443749994039536
0.991666674613953
0.0526315793395042
-0.349999994039536
0.966666638851166
0.0526315793395042
-0.243750005960464
0.691666662693024
0.0526315793395042
-0.59375
0.858333349227905
0.0526315793395042
~
-0.512499988079071
0.991666674613953
0.0526315793395042
-0.443749994039536
0.991666674613953
0.0526315793395042
-0.349999994039536
0.966666638851166
0.0526315793395042
-0.243750005960464
0.691666662693024
0.0526315793395042
-0.59375
0.858333349227905
0.0526315793395042
~
-0.512499988079071
0.991666674613953
0.0526315793395042
-0.443749994039536
0.991666674613953
0.0526315793395042
-0.349999994039536
0.966666638851166
0.0526315793395042
-0.243750005960464
0.691666662693024
0.0526315793395042
-0.59375
0.858333349227905
0.0526315793395042
~
-0.512499988079071
0.991666674613953
0.0526315793395042
-0.443749994039536
0.991666674613953
0.0526315793395042
-0.349999994039536
0.966666638851166
0.0526315793395042
-0.243750005960464
0.691666662693024
0.0526315793395042
-0.59375
0.858333349227905
0.0526315793395042
~
-0.512499988079071
0.991666674613953
0.0526315793395042
-0.443749994039536
0.991666674613953
0.0526315793395042
-0.349999994039536
0.966666638851166
0.0526315793395042
-0.243750005960464
0.691666662693024
0.0526315793395042
-0.59375
0.858333349227905
0.0526315793395042
~
-0.512499988079071
0.991666674613953
0.0526315793395042
-0.443749994039536
0.991666674613953
0.0526315793395042
-0.349999994039536
0.966666638851166
0.0526315793395042
-0.243750005960464
0.691666662693024
0.0526315793395042
-0.59375
0.858333349227905
0.0526315793395042
~
-0.356249988079071
0.975000023841858
0.0526315793395042
-0.237499997019768
0.699999988079071
0.0526315793395042
-0.587499976158142
0.875
0.0526315793395042
~
-0.356249988079071
0.975000023841858
0.0526315793395042
-0.237499997019768
0.699999988079071
0.0526315793395042
-0.587499976158142
0.875
0.0526315793395042
~
-0.356249988079071
0.975000023841858
0.0526315793395042
-0.237499997019768
0.699999988079071
0.0526315793395042
-0.587499976158142
0.875
0.0526315793395042
~
-0.356249988079071
0.975000023841858
0.0526315793395042
-0.237499997019768
0.699999988079071
0.0526315793395042
-0.587499976158142
0.875
0.0526315793395042
~
-0.506250023841858
0.991666674613953
0.0526315793395042
-0.418749988079071
0.991666674613953
0.0526315793395042
-0.349999994039536
0.966666638851166
0.0526315793395042
-0.237499997019768
0.699999988079071
0.0526315793395042
-0.587499976158142
0.883333325386047
0.0526315793395042
~
-0.506250023841858
0.991666674613953
0.0526315793395042
-0.418749988079071
0.991666674613953
0.0526315793395042
-0.349999994039536
0.966666638851166
0.0526315793395042
-0.237499997019768
0.699999988079071
0.0526315793395042
-0.587499976158142
0.883333325386047
0.0526315793395042
~
-0.506250023841858
0.991666674613953
0.0526315793395042
-0.418749988079071
0.991666674613953
0.0526315793395042
-0.349999994039536
0.966666638851166
0.0526315793395042
-0.237499997019768
0.699999988079071
0.0526315793395042
-0.587499976158142
0.883333325386047
0.0526315793395042
~
-0.506250023841858
0.991666674613953
0.0526315793395042
-0.418749988079071
0.991666674613953
0.0526315793395042
-0.349999994039536
0.966666638851166
0.0526315793395042
-0.237499997019768
0.699999988079071
0.0526315793395042
-0.587499976158142
0.883333325386047
0.0526315793395042
~
-0.506250023841858
0.991666674613953
0.0526315793395042
-0.418749988079071
0.991666674613953
0.0526315793395042
-0.349999994039536
0.966666638851166
0.0526315793395042
-0.237499997019768
0.699999988079071
0.0526315793395042
-0.587499976158142
0.883333325386047
0.0526315793395042
~
-0.506250023841858
0.991666674613953
0.0526315793395042
-0.418749988079071
0.991666674613953
0.0526315793395042
-0.349999994039536
0.966666638851166
0.0526315793395042
-0.237499997019768
0.699999988079071
0.0526315793395042
-0.587499976158142
0.883333325386047
0.0526315793395042
~
-0.506250023841858
0.991666674613953
0.0526315793395042
-0.418749988079071
0.991666674613953
0.0526315793395042
-0.349999994039536
0.966666638851166
0.0526315793395042
-0.237499997019768
0.699999988079071
0.0526315793395042
-0.587499976158142
0.883333325386047
0.0526315793395042
~
-0.506250023841858
0.991666674613953
0.0526315793395042
-0.418749988079071
0.991666674613953
0.0526315793395042
-0.349999994039536
0.966666638851166
0.0526315793395042
-0.237499997019768
0.699999988079071
0.0526315793395042
-0.587499976158142
0.883333325386047
0.0526315793395042
~
-0.506250023841858
0.991666674613953
0.0526315793395042
-0.418749988079071
0.991666674613953
0.0526315793395042
-0.349999994039536
0.966666638851166
0.0526315793395042
-0.237499997019768
0.699999988079071
0.0526315793395042
-0.587499976158142
0.883333325386047
0.0526315793395042
~
-0.506250023841858
0.991666674613953
0.0526315793395042
-0.418749988079071
0.991666674613953
0.0526315793395042
-0.349999994039536
0.966666638851166
0.0526315793395042
-0.237499997019768
0.699999988079071
0.0526315793395042
-0.587499976158142
0.883333325386047
0.0526315793395042
~
-0.506250023841858
0.991666674613953
0.0526315793395042
-0.418749988079071
0.991666674613953
0.0526315793395042
-0.349999994039536
0.966666638851166
0.0526315793395042
-0.237499997019768
0.699999988079071
0.0526315793395042
-0.587499976158142
0.883333325386047
0.0526315793395042
~
-0.506250023841858
0.991666674613953
0.0526315793395042
-0.418749988079071
0.991666674613953
0.0526315793395042
-0.349999994039536
0.966666638851166
0.0526315793395042
-0.237499997019768
0.699999988079071
0.0526315793395042
-0.587499976158142
0.883333325386047
0.0526315793395042
~
-0.506250023841858
0.991666674613953
0.0526315793395042
-0.418749988079071
0.991666674613953
0.0526315793395042
-0.349999994039536
0.966666638851166
0.0526315793395042
-0.237499997019768
0.699999988079071
0.0526315793395042
-0.587499976158142
0.883333325386047
0.0526315793395042
~
-0.318749994039536
0.983333349227905
0.0526315793395042
-0.5625
0.891666650772095
0.0526315793395042
~
-0.318749994039536
0.983333349227905
0.0526315793395042
-0.5625
0.891666650772095
0.0526315793395042
~
-0.318749994039536
0.983333349227905
0.0526315793395042
-0.5625
0.891666650772095
0.0526315793395042
~
-0.318749994039536
0.983333349227905
0.0526315793395042
-0.5625
0.891666650772095
0.0526315793395042
~
-0.318749994039536
0.975000023841858
0.0526315793395042
-0.550000011920929
0.891666650772095
0.0526315793395042
~
-0.318749994039536
0.975000023841858
0.0526315793395042
-0.550000011920929
0.891666650772095
0.0526315793395042
~
-0.318749994039536
0.975000023841858
0.0526315793395042
-0.550000011920929
0.891666650772095
0.0526315793395042
~
----