@uno
-0.524999976158142
0.550000011920929
0.0526315793395042
~
-0.524999976158142
0.550000011920929
0.0526315793395042
~
-0.524999976158142
0.550000011920929
0.0526315793395042
~
-0.518750011920929
0.558333337306976
0.0526315793395042
~
-0.518750011920929
0.558333337306976
0.0526315793395042
~
-0.518750011920929
0.558333337306976
0.0526315793395042
~
-0.518750011920929
0.558333337306976
0.0526315793395042
~
-0.518750011920929
0.558333337306976
0.0526315793395042
~
-0.518750011920929
0.558333337306976
0.0526315793395042
~
-0.518750011920929
0.558333337306976
0.0526315793395042
~
-0.518750011920929
0.558333337306976
0.0526315793395042
~
-0.518750011920929
0.558333337306976
0.0526315793395042
~
-0.518750011920929
0.558333337306976
0.0526315793395042
~
-0.518750011920929
0.558333337306976
0.0526315793395042
~
-0.518750011920929
0.558333337306976
0.0526315793395042
~
-0.518750011920929
0.558333337306976
0.0526315793395042
~
-0.518750011920929
0.558333337306976
0.0526315793395042
~
-0.518750011920929
0.558333337306976
0.0526315793395042
~
-0.53125
0.558333337306976
0.0526315793395042
~
-0.53125
0.558333337306976
0.0526315793395042
~
-0.53125
0.558333337306976
0.0526315793395042
~
-0.53125
0.558333337306976
0.0526315793395042
~
-0.53125
0.558333337306976
0.0526315793395042
~
-0.53125
0.558333337306976
0.0526315793395042
~
-0.53125
0.558333337306976
0.0526315793395042
~
-0.53125
0.558333337306976
0.0526315793395042
~
-0.53125
0.558333337306976
0.0526315793395042
~
-0.53125
0.558333337306976
0.0526315793395042
~
-0.524999976158142
0.566666662693024
0.0526315793395042
~
-0.524999976158142
0.566666662693024
0.0526315793395042
~
-0.524999976158142
0.566666662693024
0.0526315793395042
~
-0.524999976158142
0.566666662693024
0.0526315793395042
~
-0.524999976158142
0.566666662693024
0.0526315793395042
~
-0.524999976158142
0.566666662693024
0.0526315793395042
~
----
@dres
-0.506250023841858
0.541666686534882
0.0526315793395042
-0.693750023841858
0.483333319425583
0.0526315793395042
~
-0.506250023841858
0.541666686534882
0.0526315793395042
-0.693750023841858
0.491666674613953
0.0526315793395042
~
-0.506250023841858
0.541666686534882
0.0526315793395042
-0.693750023841858
0.491666674613953
0.0526315793395042
~
-0.506250023841858
0.541666686534882
0.0526315793395042
-0.693750023841858
0.491666674613953
0.0526315793395042
~
-0.506250023841858
0.541666686534882
0.0526315793395042
-0.693750023841858
0.491666674613953
0.0526315793395042
~
-0.506250023841858
0.541666686534882
0.0526315793395042
-0.693750023841858
0.491666674613953
0.0526315793395042
~
-0.506250023841858
0.541666686534882
0.0526315793395042
-0.6875
0.483333319425583
0.0526315793395042
~
-0.506250023841858
0.541666686534882
0.0526315793395042
-0.6875
0.483333319425583
0.0526315793395042
~
-0.506250023841858
0.541666686534882
0.0526315793395042
-0.6875
0.483333319425583
0.0526315793395042
~
-0.506250023841858
0.541666686534882
0.0526315793395042
-0.6875
0.483333319425583
0.0526315793395042
~
-0.506250023841858
0.541666686534882
0.0526315793395042
-0.6875
0.483333319425583
0.0526315793395042
~
-0.506250023841858
0.541666686534882
0.0526315793395042
-0.6875
0.483333319425583
0.0526315793395042
~
-0.506250023841858
0.541666686534882
0.0526315793395042
-0.6875
0.483333319425583
0.0526315793395042
~
-0.506250023841858
0.541666686534882
0.0526315793395042
-0.6875
0.483333319425583
0.0526315793395042
~
-0.506250023841858
0.541666686534882
0.0526315793395042
-0.6875
0.483333319425583
0.0526315793395042
~
-0.506250023841858
0.541666686534882
0.0526315793395042
-0.6875
0.483333319425583
0.0526315793395042
~
-0.506250023841858
0.541666686534882
0.0526315793395042
-0.693750023841858
0.491666674613953
0.0526315793395042
~
-0.506250023841858
0.541666686534882
0.0526315793395042
-0.693750023841858
0.491666674613953
0.0526315793395042
~
-0.506250023841858
0.541666686534882
0.0526315793395042
-0.693750023841858
0.491666674613953
0.0526315793395042
~
-0.506250023841858
0.541666686534882
0.0526315793395042
-0.693750023841858
0.491666674613953
0.0526315793395042
~
-0.506250023841858
0.541666686534882
0.0526315793395042
-0.693750023841858
0.491666674613953
0.0526315793395042
~
-0.512499988079071
0.533333361148834
0.0526315793395042
-0.693750023841858
0.483333319425583
0.0526315793395042
~
-0.512499988079071
0.533333361148834
0.0526315793395042
-0.693750023841858
0.483333319425583
0.0526315793395042
~
-0.512499988079071
0.533333361148834
0.0526315793395042
-0.693750023841858
0.483333319425583
0.0526315793395042
~
-0.512499988079071
0.533333361148834
0.0526315793395042
-0.693750023841858
0.483333319425583
0.0526315793395042
~
-0.512499988079071
0.533333361148834
0.0526315793395042
-0.693750023841858
0.483333319425583
0.0526315793395042
~
-0.512499988079071
0.533333361148834
0.0526315793395042
-0.681249976158142
0.474999994039536
0.0526315793395042
~
-0.512499988079071
0.533333361148834
0.0526315793395042
-0.681249976158142
0.474999994039536
0.0526315793395042
~
-0.512499988079071
0.533333361148834
0.0526315793395042
-0.681249976158142
0.474999994039536
0.0526315793395042
~
-0.512499988079071
0.533333361148834
0.0526315793395042
-0.681249976158142
0.474999994039536
0.0526315793395042
~
-0.512499988079071
0.533333361148834
0.0526315793395042
-0.681249976158142
0.474999994039536
0.0526315793395042
~
-0.512499988079071
0.533333361148834
0.0526315793395042
-0.6875
0.466666668653488
0.0526315793395042
~
-0.512499988079071
0.533333361148834
0.0526315793395042
-0.6875
0.466666668653488
0.0526315793395042
~
-0.512499988079071
0.533333361148834
0.0526315793395042
-0.6875
0.466666668653488
0.0526315793395042
~
----
@tros
0.381249994039536
0.474999994039536
0.0526315793395042
0.493750005960464
0.341666668653488
0.0526315793395042
0.262499988079071
0.341666668653488
0.0526315793395042
~
0.381249994039536
0.474999994039536
0.0526315793395042
0.493750005960464
0.341666668653488
0.0526315793395042
0.262499988079071
0.341666668653488
0.0526315793395042
~
0.381249994039536
0.474999994039536
0.0526315793395042
0.487500011920929
0.341666668653488
0.0526315793395042
0.268750011920929
0.349999994039536
0.0526315793395042
~
0.381249994039536
0.474999994039536
0.0526315793395042
0.487500011920929
0.341666668653488
0.0526315793395042
0.268750011920929
0.349999994039536
0.0526315793395042
~
0.381249994039536
0.474999994039536
0.0526315793395042
0.487500011920929
0.341666668653488
0.0526315793395042
0.268750011920929
0.349999994039536
0.0526315793395042
~
0.381249994039536
0.474999994039536
0.0526315793395042
0.487500011920929
0.341666668653488
0.0526315793395042
0.268750011920929
0.349999994039536
0.0526315793395042
~
0.381249994039536
0.474999994039536
0.0526315793395042
0.487500011920929
0.341666668653488
0.0526315793395042
0.268750011920929
0.349999994039536
0.0526315793395042
~
0.387499988079071
0.483333319425583
0.0526315793395042
0.493750005960464
0.358333319425583
0.0526315793395042
0.262499988079071
0.349999994039536
0.0526315793395042
~
0.387499988079071
0.483333319425583
0.0526315793395042
0.493750005960464
0.358333319425583
0.0526315793395042
0.262499988079071
0.349999994039536
0.0526315793395042
~
0.387499988079071
0.483333319425583
0.0526315793395042
0.493750005960464
0.358333319425583
0.0526315793395042
0.262499988079071
0.349999994039536
0.0526315793395042
~
0.387499988079071
0.483333319425583
0.0526315793395042
0.493750005960464
0.358333319425583
0.0526315793395042
0.262499988079071
0.349999994039536
0.0526315793395042
~
0.387499988079071
0.483333319425583
0.0526315793395042
0.493750005960464
0.358333319425583
0.0526315793395042
0.262499988079071
0.349999994039536
0.0526315793395042
~
0.387499988079071
0.483333319425583
0.0526315793395042
0.493750005960464
0.349999994039536
0.0526315793395042
0.262499988079071
0.358333319425583
0.0526315793395042
~
0.387499988079071
0.483333319425583
0.0526315793395042
0.493750005960464
0.349999994039536
0.0526315793395042
0.262499988079071
0.358333319425583
0.0526315793395042
~
0.387499988079071
0.483333319425583
0.0526315793395042
0.493750005960464
0.349999994039536
0.0526315793395042
0.262499988079071
0.358333319425583
0.0526315793395042
~
0.387499988079071
0.483333319425583
0.0526315793395042
0.493750005960464
0.349999994039536
0.0526315793395042
0.262499988079071
0.358333319425583
0.0526315793395042
~
0.387499988079071
0.483333319425583
0.0526315793395042
0.493750005960464
0.349999994039536
0.0526315793395042
0.262499988079071
0.358333319425583
0.0526315793395042
~
0.387499988079071
0.483333319425583
0.0526315793395042
0.487500011920929
0.341666668653488
0.0526315793395042
0.262499988079071
0.358333319425583
0.0526315793395042
~
0.387499988079071
0.483333319425583
0.0526315793395042
0.487500011920929
0.341666668653488
0.0526315793395042
0.262499988079071
0.358333319425583
0.0526315793395042
~
0.387499988079071
0.483333319425583
0.0526315793395042
0.487500011920929
0.341666668653488
0.0526315793395042
0.262499988079071
0.358333319425583
0.0526315793395042
~
0.387499988079071
0.483333319425583
0.0526315793395042
0.487500011920929
0.341666668653488
0.0526315793395042
0.262499988079071
0.358333319425583
0.0526315793395042
~
0.387499988079071
0.483333319425583
0.0526315793395042
0.487500011920929
0.341666668653488
0.0526315793395042
0.262499988079071
0.358333319425583
0.0526315793395042
~
0.381249994039536
0.483333319425583
0.0526315793395042
0.487500011920929
0.333333343267441
0.0526315793395042
0.256249994039536
0.358333319425583
0.0526315793395042
~
0.381249994039536
0.483333319425583
0.0526315793395042
0.487500011920929
0.333333343267441
0.0526315793395042
0.256249994039536
0.358333319425583
0.0526315793395042
~
0.381249994039536
0.483333319425583
0.0526315793395042
0.487500011920929
0.333333343267441
0.0526315793395042
0.256249994039536
0.358333319425583
0.0526315793395042
~
0.381249994039536
0.483333319425583
0.0526315793395042
0.487500011920929
0.333333343267441
0.0526315793395042
0.256249994039536
0.358333319425583
0.0526315793395042
~
0.381249994039536
0.483333319425583
0.0526315793395042
0.487500011920929
0.333333343267441
0.0526315793395042
0.256249994039536
0.358333319425583
0.0526315793395042
~
0.375
0.474999994039536
0.0526315793395042
0.487500011920929
0.333333343267441
0.0526315793395042
0.256249994039536
0.349999994039536
0.0526315793395042
~
0.375
0.474999994039536
0.0526315793395042
0.487500011920929
0.333333343267441
0.0526315793395042
0.256249994039536
0.349999994039536
0.0526315793395042
~
0.375
0.474999994039536
0.0526315793395042
0.487500011920929
0.333333343267441
0.0526315793395042
0.256249994039536
0.349999994039536
0.0526315793395042
~
0.375
0.474999994039536
0.0526315793395042
0.487500011920929
0.333333343267441
0.0526315793395042
0.256249994039536
0.349999994039536
0.0526315793395042
~
0.375
0.474999994039536
0.0526315793395042
0.487500011920929
0.333333343267441
0.0526315793395042
0.256249994039536
0.349999994039536
0.0526315793395042
~
0.375
0.474999994039536
0.0526315793395042
0.487500011920929
0.358333319425583
0.0526315793395042
0.256249994039536
0.358333319425583
0.0526315793395042
~
0.375
0.474999994039536
0.0526315793395042
0.487500011920929
0.358333319425583
0.0526315793395042
0.256249994039536
0.358333319425583
0.0526315793395042
~
----