@Neutral
-0.399271825508041
0.465822371570569
-1.6877741894363
-0.46055609395237
0.335829938196585
-1.61132560021849
-0.74492018620221
-0.172243921172532
-1.06776695759235
0.667820202005787
-0.794390815116796
-0.106731961064396
0.839933596613923
-1.36556129995246
-0.56276081490295
0.920023541635356
-1.53612415587943
-0.80852549134475
~
-0.399970175175686
0.468715970560193
-1.69198792406289
-0.460856930568476
0.34001179528098
-1.61589288149169
-0.746756740478366
-0.171370760230071
-1.06811752358248
0.671762719964422
-0.795578113290586
-0.105312645190748
0.844529564930477
-1.36902993434308
-0.563090135427135
0.924862323941768
-1.54037103143602
-0.809901070411253
~
-0.400894293981529
0.468837697567898
-1.69420581318644
-0.462040622887053
0.338973425930506
-1.61761414831649
-0.748578748965945
-0.173090237123082
-1.06610521520306
0.673876102175188
-0.796718089588201
-0.104947660227361
0.84392342560083
-1.37149720463292
-0.565003673751968
0.925886189592127
-1.54206673442651
-0.812819345840954
~
-0.400906211225574
0.466273988015826
-1.69155873814189
-0.461045056092839
0.338813694167031
-1.61599450312105
-0.742249011981875
-0.171417992369667
-1.07636110302072
0.671158514159875
-0.795639345461896
-0.106626488953582
0.830960313453284
-1.32896302516858
-0.618476508904092
0.909486547409112
-1.4440445353193
-0.80090968408599
~
-0.395624341312063
0.473586537616682
-1.69512620052534
-0.459918854324212
0.337503048802494
-1.61416433513529
-0.736819007374591
-0.16567149999198
-1.08283119916438
0.669428246882667
-0.794580754775695
-0.107892954668142
0.829230512093453
-1.32685838744513
-0.618653272752769
0.907396656950381
-1.44156666128009
-0.800522630267241
~
-0.395045321321593
0.476458575813578
-1.69758819783459
-0.460369347264497
0.338265575896306
-1.61499962712892
-0.731790158185581
-0.164151978224326
-1.09079568691739
0.668856712074373
-0.794838183746037
-0.10815820756106
0.837677969531212
-1.36915404434711
-0.563659131195955
0.918999766594079
-1.53891882129569
-0.809612958141659
~
-0.394447920359616
0.481590070939752
-1.70009849231117
-0.4604414861929
0.340186379363059
-1.61585808512418
-0.731243071793542
-0.162539133377701
-1.09110344892078
0.668133267999561
-0.795104271975163
-0.107869671420836
0.837054325960946
-1.36908052888661
-0.564064929516519
0.918215418248244
-1.53903005457335
-0.810187876854394
~
-0.396209674763961
0.475356590937877
-1.69427570415753
-0.460090852139926
0.339092375940261
-1.61389406851836
-0.735996241640801
-0.171019521705889
-1.07477389222837
0.666076611930021
-0.79642381155244
-0.109742028099746
0.83543188726588
-1.36866886818425
-0.565544118006361
0.916445275428184
-1.5383533163154
-0.811283813181981
~
-0.39310161508845
0.481179671512699
-1.69661262488752
-0.459629859093671
0.337898141555203
-1.61303541538984
-0.731173257004232
-0.163217870605383
-1.08756627105182
0.665543760155444
-0.79714336289515
-0.110279858646573
0.834536342528898
-1.36871769868633
-0.56600485152208
0.915517669553658
-1.53838109901506
-0.811588396895777
~
-0.39446126021265
0.483478012363731
-1.69817205983219
-0.459634283921779
0.342112873069843
-1.6173224580352
-0.72896440897617
-0.159836238776909
-1.09355823862851
0.669580560061373
-0.798668533993946
-0.108469462980338
0.839741112344286
-1.37248777953475
-0.565984568231201
0.920968501552609
-1.54303119178087
-0.812738670695803
~
-0.392078045055787
0.487977098684747
-1.70062980891233
-0.45823685940038
0.343720560967301
-1.61819626441518
-0.722395989418319
-0.150362151975052
-1.11185739604179
0.668501601258709
-0.798361076172978
-0.108694370713419
0.838568126942886
-1.37168079515012
-0.56587561513333
0.919743047630488
-1.54214593766588
-0.812553303299593
~
-0.393491813535516
0.490985040123158
-1.70520555101852
-0.459997419655952
0.345370968768696
-1.62135776542115
-0.727140277771415
-0.154341499902899
-1.10879520701669
0.672557002597005
-0.800496611991824
-0.10690138069982
0.843270039679971
-1.37617675917585
-0.566387693118466
0.924614919441495
-1.54766285469245
-0.81419696147879
~
-0.396412052491932
0.481220341415309
-1.69859475759598
-0.459580702578004
0.344208069677822
-1.61967681023788
-0.733048592083707
-0.165704174284101
-1.08701022424786
0.67061180347552
-0.800360288679734
-0.107863953760117
0.840962542382561
-1.37470481617654
-0.566843651434102
0.92230471467627
-1.54588841732111
-0.814273343565898
~
-0.396768143790101
0.489868521725284
-1.7069940029294
-0.460805127031259
0.350236831257315
-1.6260268770068
-0.729649886585899
-0.151335476761736
-1.11675155281492
0.677203294455984
-0.802215187792582
-0.103780394852796
0.8489103237165
-1.38037203710476
-0.566004028241083
0.930660628204161
-1.55283344088907
-0.815251373984522
~
-0.400168726122309
0.482760589277168
-1.7013146191863
-0.461214726173667
0.34986730896067
-1.62408557086326
-0.738423902932137
-0.163470659248658
-1.08812852327088
0.675528935636225
-0.80106892597974
-0.103839338772109
0.846584603226789
-1.37812137339359
-0.565958020506503
0.928301666383189
-1.55037255216756
-0.814940430746132
~
-0.399789639005212
0.480262417741097
-1.69626944298312
-0.461215913739123
0.343581157104393
-1.61833951884199
-0.729645556754447
-0.155398493014125
-1.10700407622513
0.669844218383039
-0.801843501273207
-0.108502151634567
0.838867502769474
-1.37719519270076
-0.565857288451262
0.91959210497916
-1.5476283955161
-0.813039953140118
~
-0.398664006241522
0.484779374617429
-1.69724380511869
-0.463497532279506
0.341549038027834
-1.61448017960831
-0.736481528920538
-0.163046240084048
-1.08731317279993
0.671271787374084
-0.799715837786945
-0.107095116616176
0.841960221782126
-1.37233179475765
-0.569071723938275
0.921679697136026
-1.54474033502102
-0.814526221579652
~
-0.401021851523419
0.476920593817004
-1.69188095780511
-0.463782858063598
0.339044895683255
-1.61187168737842
-0.739283599627374
-0.16692169886292
-1.08250360947661
0.670100243644856
-0.799397907697013
-0.10813028201733
0.829771818421067
-1.32970822434302
-0.623837601155942
0.906180643294761
-1.44675452691885
-0.804919600653244
~
-0.398705868773859
0.485012797298412
-1.69685344500237
-0.463778332350821
0.339346540113375
-1.61180046894097
-0.74022551861465
-0.161142800436643
-1.08766886634954
0.669707299838116
-0.798767312870433
-0.108496053945672
0.828666868877006
-1.32909642065588
-0.62374988146258
0.90510509146031
-1.44585423321493
-0.804483252198754
~
-0.400213846164092
0.478449542358919
-1.69347402773029
-0.464273733963435
0.336572949029312
-1.61013993141709
-0.738999484625536
-0.161806031548244
-1.09215291074123
0.669615519184933
-0.798920420750767
-0.109111054890861
0.837867092041107
-1.37115325028203
-0.569210598829037
0.917576867393718
-1.54156724387192
-0.813941485614525
~
-0.403606518761327
0.470349111826039
-1.68944755012416
-0.465166392667588
0.334021847495125
-1.60929318089369
-0.744663173182522
-0.172617242474944
-1.07762376833471
0.670224838562627
-0.799332671774904
-0.109206051008466
0.837871494399628
-1.37176927165672
-0.569601102280803
0.918449342350585
-1.54185911560432
-0.814526385604879
~
-0.404755487281773
0.467478439280215
-1.68821799919522
-0.465114987881318
0.334907176945254
-1.60990626877905
-0.747110078066437
-0.176086546469328
-1.06831234579946
0.670215443413363
-0.799894747560739
-0.10966533588098
0.827380390568736
-1.33105482632175
-0.624323283664596
0.906074469452227
-1.44588475371677
-0.804910135654123
~
-0.405301373065127
0.465677831272741
-1.68746753044668
-0.465171314599035
0.334531059060527
-1.60994318499652
-0.747634972192811
-0.177492485600639
-1.06592866315988
0.670052377695719
-0.800067372665913
-0.109827582368774
0.83327228408079
-1.37250005725187
-0.571795895359053
0.91604753719951
-1.54095184160801
-0.816723013896819
~
-0.401151303549335
0.475993074297888
-1.69534356296572
-0.464862107375849
0.335102245723633
-1.61048957566533
-0.735178899395411
-0.164842576795042
-1.09387057853845
0.669797116046075
-0.800011250145873
-0.110139781867473
0.833757599220402
-1.37240646778016
-0.571827555886715
0.916362229423496
-1.5410520097059
-0.816811643405454
~
-0.402025640989006
0.472354792419114
-1.69291262860918
-0.46425573715053
0.336110416724536
-1.61119754864001
-0.736440373930763
-0.167449305105732
-1.09082508260724
0.669844245432952
-0.800882820111824
-0.110708851335426
0.834786334989061
-1.37288054507902
-0.572512348739313
0.917037610249649
-1.54186218834115
-0.817509139481811
~
-0.400505449418316
0.46718477459419
-1.68794543415766
-0.462437961462414
0.333567137038056
-1.60749944454084
-0.738167374070905
-0.172610195662759
-1.07957704734099
0.668932329221901
-0.799100770176114
-0.11149143954202
0.834276246431521
-1.36977296194109
-0.571993907153831
0.915959306525127
-1.53865282907381
-0.816579648827365
~
-0.394562943310726
0.479341115379867
-1.69425872904595
-0.460859272836784
0.334569992808901
-1.60870322827613
-0.728561280063249
-0.163031802264651
-1.09790727500753
0.669487522188127
-0.800565297029383
-0.112546559679741
0.832814795294325
-1.3707023363329
-0.574539188476713
0.91571396370712
-1.53841839911383
-0.819724273641574
~
-0.390987292169992
0.489654758511251
-1.69845351817885
-0.455365134047784
0.345393100441912
-1.61726961133241
-0.720496581539083
-0.151802807552588
-1.11737995003165
0.668487283729204
-0.800562432132457
-0.113500930469133
0.832139419320033
-1.37013943956733
-0.57543478912243
0.915096543761216
-1.53791089474747
-0.820587048127383
~
-0.392397916629435
0.482271334956794
-1.68999856626925
-0.457561369328257
0.336819027185391
-1.60658935501934
-0.719658776237068
-0.157521211892143
-1.10425934064895
0.668258765384327
-0.79928196092307
-0.11368739878816
0.825398909720225
-1.32972928118124
-0.623477428880196
0.903151062031369
-1.44146306655888
-0.805684364426499
~
-0.393129377494218
0.485522033148101
-1.69455348708968
-0.457942525687505
0.340056398256038
-1.61108376239629
-0.725789582124339
-0.162254185319049
-1.09419704225787
0.674304954013316
-0.801073357482014
-0.111322586580178
0.840282131648253
-1.37566713180348
-0.569753634969201
0.921998682037478
-1.54510623400618
-0.815176904723428
~
-0.393918598796929
0.479091957588595
-1.68880351973427
-0.455143690734507
0.342758803824314
-1.61102682263793
-0.726822130687614
-0.167966024432814
-1.08062746383214
0.677661516600271
-0.799795860124816
-0.109865731093566
0.836201021037402
-1.37366159859373
-0.573239280827327
0.921802158085526
-1.54107920498895
-0.818900641918269
~
-0.394357371121135
0.471525398935777
-1.68234012491776
-0.453797096542532
0.34077759666992
-1.60745697590035
-0.72526552511435
-0.16898812237139
-1.07855538930258
0.674856674661004
-0.797804865291027
-0.111459148355857
0.834298390196029
-1.32413419275455
-0.62788925650872
0.911381354304712
-1.44045402885098
-0.807652565788574
~
-0.394298824588233
0.464905878243286
-1.6782485133744
-0.452126746169598
0.337418097096539
-1.6055428398523
-0.724579627914673
-0.173575806917858
-1.07361912665408
0.673189225218226
-0.797854876258402
-0.113462028795193
0.830978048576839
-1.32379634471748
-0.627716720071394
0.908922094618252
-1.43745202376222
-0.807902280164242
~
----
@Yawn
-0.411265101059646
0.56848234438914
-1.62032986930545
-0.495750574186554
0.388700580488502
-1.54360642104493
-0.767646200687803
-0.100805711256096
-0.961632298468371
0.664971868794228
-0.746479859685737
-0.153973248595427
0.82497410328044
-1.16605293307828
-0.563800315800877
0.909785614411932
-1.3077176719666
-0.786180932975302
~
-0.410268666223705
0.567600072259747
-1.61824249803997
-0.495156398372216
0.387909609630126
-1.54160889205985
-0.76691602908432
-0.100507511105496
-0.96096332078967
0.662649970604174
-0.745267385347038
-0.155037005769551
0.822951686554827
-1.16418089030235
-0.564049515522458
0.908139867846263
-1.30535565503146
-0.786079918292532
~
-0.409283754681579
0.566699349716628
-1.61583864490733
-0.494451071933143
0.38695081490025
-1.53908025010062
-0.766114747642326
-0.0999660985093134
-0.960286112840787
0.661185708584643
-0.744288136336353
-0.155382932503618
0.826094756712649
-1.16748180905572
-0.556074124522136
0.911300318311896
-1.30741342084001
-0.800733614878986
~
-0.408491254866633
0.566013690152788
-1.61405891844216
-0.493882533707777
0.386468495282897
-1.53721630632123
-0.765642667600616
-0.0994703220015681
-0.959794874304016
0.66024851101607
-0.742575184331436
-0.155274360161695
0.8209872723435
-1.16121148203084
-0.561420511898326
0.903362886848713
-1.30461355951245
-0.782120432151146
~
-0.407833893334347
0.56702384810953
-1.61333307865938
-0.493419622988577
0.387685069649832
-1.53627268212177
-0.765985077308014
-0.0986465906673506
-0.960019872613811
0.658947597110161
-0.741746102282303
-0.156637337929499
0.819244382220277
-1.1602146031939
-0.562846572753927
0.902580118663645
-1.30244378762115
-0.783881019762166
~
-0.406004398242019
0.566200886936927
-1.60957669633585
-0.491676766921367
0.387457798480949
-1.53238084099422
-0.764865905799304
-0.0978860364593241
-0.958614376850498
0.658359349305379
-0.739466360658455
-0.155462158167401
0.820303080014121
-1.15927594583747
-0.556897598446077
0.906029251604267
-1.30116183617985
-0.800925960437361
~
-0.405354323405361
0.567357933013052
-1.61037686342318
-0.49170554244856
0.388192424987814
-1.53263210748815
-0.765345203181303
-0.096625687010538
-0.959308979672995
0.659496564302695
-0.740620674129054
-0.155618065322375
0.820767095843088
-1.15832714048168
-0.560769612452901
0.907409515530204
-1.30202783950689
-0.80237990979877
~
-0.404766383264715
0.567248041989945
-1.6091665950896
-0.491538423595247
0.388146330599423
-1.53105677987067
-0.766347026817684
-0.0961077220088628
-0.959109658601066
0.658636057391694
-0.740258655126532
-0.155971351057531
0.818920548804119
-1.15607411581136
-0.563465344569619
0.900801119636014
-1.29882954944224
-0.784239617762721
~
-0.404715990892386
0.56694325593337
-1.60731919608574
-0.491441450889335
0.388177710620543
-1.52905121067206
-0.766699545112134
-0.0955973998124412
-0.958788874735041
0.657695920698766
-0.739450880899429
-0.155916821292651
0.816645366529475
-1.15412608166482
-0.564536703588149
0.898962737983825
-1.29537552263361
-0.785779604069886
~
-0.404204790526492
0.567080192511487
-1.60677831151463
-0.49117155855468
0.388320219694818
-1.52845224638373
-0.766877795709935
-0.0954472597468865
-0.958927908334182
0.65823118999053
-0.739491597362524
-0.155413443833562
0.814997628228062
-1.15403922205099
-0.565180434957609
0.898303190798925
-1.29445371934652
-0.786536279863024
~
-0.403363757032326
0.566006849460799
-1.60585697819173
-0.490812460022753
0.387357789768738
-1.52712413692853
-0.767120555489724
-0.0954477692034579
-0.958134041145824
0.657661405027728
-0.739091369592499
-0.156163244617216
0.815234383296415
-1.15570442394802
-0.562740911958513
0.902694327982775
-1.29757152890335
-0.801965800219305
~
-0.403133195566877
0.566138701581125
-1.60396269256756
-0.491026519195793
0.387650479337825
-1.52483847619397
-0.769225420634049
-0.0945869228550181
-0.956333374604433
0.657228818820817
-0.739405949637193
-0.156212138954294
0.815848969069649
-1.15868701153705
-0.558728334530584
0.902269130820419
-1.29611087451749
-0.801387676953542
~
-0.403423620809617
0.566101338977483
-1.60362862205643
-0.491313171316875
0.387657748601542
-1.52437153572344
-0.770770823514446
-0.0940920494183799
-0.956012251607065
0.656960655270948
-0.739088895418338
-0.15750092669754
0.814628309165838
-1.15537170397732
-0.563923012441815
0.896984628898507
-1.29695600055419
-0.7853598995612
~
-0.40343822198662
0.565513744490558
-1.60251922623431
-0.491520557723799
0.387329363382449
-1.52311657168854
-0.771335178585955
-0.0937651270402024
-0.955109467409525
0.656335491072462
-0.738759887636428
-0.158035990952718
0.817799628726369
-1.15834747769784
-0.558457897967556
0.90112093516185
-1.29490324387604
-0.801423896674039
~
-0.40353762011405
0.564680057791499
-1.60227983581132
-0.491619750939195
0.387024888090244
-1.52299749186991
-0.772130903465188
-0.094103973935725
-0.954957081728644
0.656437253625497
-0.738785429185347
-0.158611012008824
0.815828038449272
-1.1557734471014
-0.56309970249562
0.896884751163094
-1.29821644060728
-0.784732291854433
~
-0.403205261193288
0.562278366349548
-1.60124357398944
-0.491444865926943
0.386276088065299
-1.52242961057962
-0.773583620283941
-0.0961044966207793
-0.954054196557658
0.655657644405402
-0.738942207620199
-0.158888897535722
0.81581617097679
-1.15617889325908
-0.562744462157165
0.896391191676456
-1.29940716129354
-0.784147924202765
~
-0.400427345960853
0.563586868095857
-1.60275929376111
-0.491160538574087
0.386241113978401
-1.52291150324852
-0.773001558175278
-0.0946702174635387
-0.955108832937127
0.65690332104886
-0.74012866514933
-0.158573879193734
0.816546724959679
-1.15652496116641
-0.564562420319239
0.897756664029772
-1.29858685002558
-0.786897107820367
~
-0.399326076204215
0.562612952620404
-1.60202024799048
-0.490856005287173
0.38508604723134
-1.5214621004833
-0.772345888606331
-0.0940529108328287
-0.95494794353906
0.655798551046713
-0.739392031526282
-0.158906228079771
0.817031353180096
-1.15955857441735
-0.559172885919084
0.900688105958589
-1.29476372608641
-0.801404286867823
~
-0.399026591552103
0.564285591523263
-1.60354359015547
-0.491779305245451
0.385808984745857
-1.52193109394753
-0.774818336796559
-0.0926333388695992
-0.955907607905202
0.659320745849204
-0.74093089304449
-0.157301682132691
0.817793548230495
-1.1609014688114
-0.560765296192243
0.901825227594691
-1.29587253706473
-0.802396132652894
~
-0.39669292840762
0.567655075738457
-1.60301141689187
-0.490263350991623
0.387914402445187
-1.5201862933005
-0.771709319543382
-0.0899400392864372
-0.959099729516935
0.656898822503233
-0.740143501648126
-0.15703110355128
0.819130367559378
-1.1623591227665
-0.556342587128819
0.90167083456368
-1.29410190873336
-0.802670417072305
~
-0.3941758417082
0.567913519179168
-1.60192411517796
-0.488774865307219
0.388850885352903
-1.51921847450306
-0.772676667268397
-0.0889808037448533
-0.959221739417734
0.655216619365837
-0.740056750869727
-0.155984477235658
0.815253295742519
-1.15803872694596
-0.56076163234696
0.902202247447743
-1.29305828363998
-0.803604420862405
~
-0.388722106720787
0.568834979132976
-1.6000981384032
-0.484751546210322
0.388846332040801
-1.51616541690573
-0.767258429280828
-0.0851086534403848
-0.960798778126023
0.654930283635681
-0.738961904050338
-0.153764460072608
0.816617194163832
-1.15828174084684
-0.554309389278389
0.902559492776498
-1.29022823437533
-0.803564089599675
~
-0.387486157183262
0.568547540076152
-1.59886149438632
-0.482741432699782
0.389487282665469
-1.51508271727311
-0.766184499349547
-0.0844649400860295
-0.961335242665512
0.652950882113031
-0.738313581927993
-0.152676427057835
0.815939911766034
-1.15704176958251
-0.552241745901107
0.90120635820722
-1.28760225825506
-0.803090648387359
~
-0.387247446160141
0.568664675815664
-1.59861769632522
-0.482130420716707
0.389823452321754
-1.51507698359834
-0.765807799435765
-0.0847411915913217
-0.961697212433713
0.651765999294713
-0.737665320929888
-0.152610755013933
0.815286550131961
-1.15621949692292
-0.55180665131837
0.900771199487501
-1.28700978865911
-0.803196621804936
~
-0.387695212145782
0.571859533978938
-1.60082109891455
-0.483232427602222
0.391939054688212
-1.51698910015469
-0.767133591745138
-0.0830436737406403
-0.963379889598994
0.650638245653948
-0.738630537947867
-0.152904200643309
0.816028218622473
-1.15738248285487
-0.552378678761655
0.901167420465794
-1.28752374089012
-0.804538128619183
~
-0.386924104567263
0.572735034110153
-1.60075230972286
-0.482194479336796
0.39234772660022
-1.51713413802348
-0.766009816083244
-0.0826682435089824
-0.96417927677905
0.64960076295908
-0.738432201420578
-0.152524817267083
0.814853452038816
-1.15728721730653
-0.551753358425353
0.901137620227129
-1.28729832183615
-0.805333900261612
~
-0.386849643261771
0.57472707479984
-1.60223220871319
-0.481894610085234
0.394100921911773
-1.51876286781911
-0.766626046413145
-0.0814532747654185
-0.965070449766113
0.649149802752117
-0.739524762631184
-0.152789274205313
0.815338979988464
-1.15825363139165
-0.552628231443531
0.90152708497878
-1.2879021398112
-0.80697042898438
~
-0.387500250521823
0.576517443612938
-1.6044551522529
-0.482795619574165
0.395447652235993
-1.52109882989259
-0.767818508894845
-0.0808445142097675
-0.966500570437499
0.650028012534154
-0.739290594433286
-0.153000161384746
0.8146662893929
-1.15917687038536
-0.553358033828771
0.901718563121266
-1.28916315624306
-0.808489705518472
~
-0.389265199659057
0.576940052053719
-1.60622864487522
-0.484180286977261
0.397128528560818
-1.52400629008253
-0.770981663806251
-0.0819450349966572
-0.967004129455796
0.651807402607472
-0.740219568933513
-0.151566041121123
0.814275290581151
-1.16036195891338
-0.554169041904879
0.902377218260203
-1.29086404284432
-0.81019601725123
~
-0.388038346199848
0.57993034228445
-1.60567960864212
-0.483014751989251
0.399251788173183
-1.5237053225804
-0.769833856622951
-0.0797739273385806
-0.967456521443932
0.654405375311639
-0.741254338228249
-0.151383597811623
0.815413012064361
-1.1614868765397
-0.554894672558076
0.903312612823936
-1.28996213039949
-0.810345937861091
~
-0.388172952906163
0.58035412945703
-1.60524518825962
-0.482089484139014
0.400346860083007
-1.52364817947698
-0.769723534354699
-0.0793567636910849
-0.967559323062198
0.655190857660688
-0.740467176714123
-0.150821688716095
0.814947900108186
-1.16097555373302
-0.554287025929294
0.903032079809585
-1.28941274019819
-0.810471609010778
~
-0.388137292469805
0.580387451870921
-1.60650704770982
-0.481834900156801
0.400299243752897
-1.52479586155564
-0.770666327301339
-0.0794650484958761
-0.968401280518091
0.656919513704954
-0.740598623928891
-0.150903882880272
0.815188011097998
-1.16241272381263
-0.554603101914967
0.903641039081219
-1.29080527038879
-0.811226117457719
~
-0.38831237356195
0.580220009249801
-1.60636951376832
-0.481182849789911
0.400751867320465
-1.525136986075
-0.770664381596863
-0.0795814280999042
-0.968446555022665
0.656848407839279
-0.740150911473964
-0.151407279008826
0.81476988470101
-1.16280010873056
-0.554267028682161
0.903236684740811
-1.29096057952305
-0.811199036791945
~
----
@Happy
-1.15099361645076
0.529876320375664
-2.69270895236122
-1.03865430125394
0.30238505632023
-2.01867785054404
-0.808216780289179
0.0878023647172666
-1.05427752496897
0.53041492673075
-1.253623736471
-0.111151552996577
0.547914114277714
-2.05346160477114
-0.710222407633021
0.553747180119315
-2.32007430736058
-0.896097613243032
~
-1.1529920235438
0.531335286432576
-2.69725490520478
-1.03947756485159
0.302591713356028
-2.01976849842393
-0.808921351190647
0.0862170145952372
-1.05451660740387
0.530695667270455
-1.25466427671615
-0.1128079444609
0.542146013143695
-2.05001883633358
-0.720497138982577
0.545962798431542
-2.31513702287272
-0.909225951856811
~
-1.15237572575886
0.532210668363949
-2.69547042340223
-1.03887748154222
0.303113138727134
-2.01945999677515
-0.808801766682894
0.0860449706777856
-1.05478036074946
0.530819160941259
-1.25359287248094
-0.112550814511548
0.542144081382269
-2.04870000610651
-0.719737263242412
0.545919051534087
-2.31373571731504
-0.908304213424999
~
-1.15175649303991
0.532431318173367
-2.69321667873483
-1.03748198571715
0.3049317452051
-2.01762498803624
-0.80834861742205
0.0855775990996119
-1.05400538345654
0.530101502367784
-1.25304632997759
-0.112291057762973
0.542685532266962
-2.04798490926871
-0.718472711053394
0.546880205573783
-2.31296438247925
-0.906713138678017
~
-1.15198472181925
0.533969319352049
-2.69499507110467
-1.03779013726878
0.305547958235679
-2.01868188578197
-0.808371622483491
0.0858733993655297
-1.05454076921659
0.530370843146203
-1.25372550967211
-0.112678124945344
0.543151053300494
-2.04932856464708
-0.718992928018804
0.547411123351924
-2.31452958297208
-0.907267810422289
~
-1.15195378133761
0.53366395504823
-2.69453547346031
-1.03881858070981
0.304737336177716
-2.01938498768662
-0.808500936938002
0.0850328984215394
-1.05532603603637
0.530205996650889
-1.25310421509083
-0.112911179387014
0.542119518539203
-2.04799325512749
-0.720486824323491
0.546090692501974
-2.31295621521075
-0.909179180413648
~
-1.15146883421755
0.5361243739109
-2.69478583356446
-1.04014461787022
0.304795734672806
-2.01990353102452
-0.808811183467753
0.0853373250353089
-1.05571042071158
0.530798002729952
-1.2532759255025
-0.11321574885267
0.54308127580151
-2.04888791954423
-0.720294427194082
0.547175696828721
-2.31409183763874
-0.908815355386444
~
-1.15174608283106
0.537479358343309
-2.69722733405172
-1.04056481136227
0.305263166896294
-2.021298929026
-0.809291903733647
0.0854881155419518
-1.05627982939167
0.53169862547215
-1.25397570644417
-0.113962890909856
0.686622534374856
-2.01895152769048
-0.555169839290904
0.738263844007988
-2.27394354809267
-0.688387462151825
~
-1.15505682165715
0.539064335161269
-2.7012593089301
-1.04233435031162
0.306611503574787
-2.02348104867215
-0.810018202523278
0.0865231075966146
-1.05703461869095
0.532621699068501
-1.25602505721388
-0.114309317363073
0.540214730422451
-2.05128873045379
-0.726199577361335
0.542745744212079
-2.31637662153376
-0.916287802515066
~
-1.1562871972163
0.540064865924563
-2.70031846268036
-1.04252778902706
0.307423885764685
-2.02239571117254
-0.810462695718704
0.0859718735032723
-1.05610452988704
0.532539857424671
-1.25642702810317
-0.114212297083752
0.688397079240546
-2.06202542505705
-0.599788679924614
0.740349493189918
-2.33055825075133
-0.747770206333382
~
-1.15923732510871
0.541234767983039
-2.70580564891754
-1.04488936747766
0.308731396686517
-2.02671400123493
-0.812612552098343
0.0903291241847438
-1.05771363060068
0.534026346462595
-1.25862964434834
-0.114717576143728
0.551019956986364
-2.0610029548038
-0.719832214015014
0.556684497172705
-2.32846064467358
-0.907631815786872
~
-1.16091111156407
0.541903441993723
-2.70646141859539
-1.04663252976434
0.308631796363697
-2.02637800939569
-0.813409073868694
0.0898145009283725
-1.0572740981354
0.534374207617565
-1.25889601128452
-0.115120456459336
0.572709432462818
-2.0669598697763
-0.711698445071855
0.585487844091079
-2.33631446250149
-0.896646147912072
~
-1.16452043885243
0.541563702521317
-2.70811463512387
-1.04803918515748
0.308896797963752
-2.02653990283489
-0.813182714791089
0.0916439000440384
-1.05721005314793
0.533477281478801
-1.25996504357635
-0.115998423684815
0.562890044477309
-2.06497080920858
-0.717981561132645
0.572694295462737
-2.33330603764007
-0.904725748251741
~
-1.16915424927924
0.542679984197836
-2.71237109532504
-1.05065748477794
0.309938379268124
-2.02869193415527
-0.814215753377879
0.091536187969955
-1.05809089708448
0.534366359744228
-1.26187829909517
-0.11628764247757
0.553242439418199
-2.06387780406251
-0.726150192044016
0.559534469329685
-2.33121102604089
-0.915494678130735
~
-1.17055261906288
0.542573740064786
-2.71136724400072
-1.05209802463467
0.309105730914917
-2.0262006108992
-0.814999921838052
0.0901410321188541
-1.05581562278387
0.535667821747172
-1.26253477730491
-0.115929892831192
0.687521004271732
-2.07072599966574
-0.612551881499918
0.738138731779919
-2.34012307378601
-0.764147309586901
~
-1.17075129256285
0.541049232141701
-2.70901532210255
-1.05085878870659
0.309111955444517
-2.02369967743186
-0.814892052531289
0.0888512165703967
-1.05429137685942
0.535194976861977
-1.26191754937077
-0.11574900610696
0.549717183724207
-2.06147195706325
-0.727770693695403
0.554557919344951
-2.32799001253883
-0.917843700733324
~
-1.17353492828694
0.541560292809157
-2.71562298862909
-1.0511896219198
0.31007291591799
-2.02747790149842
-0.815592657391456
0.0885811385342255
-1.05613992881651
0.535265963241405
-1.26362057807978
-0.117019176355444
0.550496282860784
-2.06488049559448
-0.730039850771468
0.670444192112454
-2.22152090266664
-0.761269461312107
~
-1.16832589630178
0.541147194263619
-2.70901153603226
-1.04733598084063
0.309752514472793
-2.02169142644237
-0.813634923253083
0.0891390108508059
-1.05273970690153
0.537187912379247
-1.26160801022003
-0.118776307045711
0.54926804068391
-2.05907177187933
-0.732259863883655
0.722164915966152
-2.23354040315141
-0.786031873970627
~
-1.1597530490239
0.542215936298244
-2.69978321410243
-1.03895306302724
0.313737579002249
-2.01524120538514
-0.811836761190187
0.0903688514486551
-1.04910395949922
0.540316430450593
-1.2587157317376
-0.120040245714795
0.699677920069359
-2.06861376592849
-0.607362389291439
0.697739233106967
-2.3194475290625
-0.835402342493507
~
-1.15779189580729
0.545223083376651
-2.7029942725034
-1.0375328806955
0.315150588626466
-2.01568334208006
-0.811422717669805
0.091512306261984
-1.04880614187428
0.541359370304871
-1.26003734648779
-0.122425050263603
0.535793883346743
-2.04711568295167
-0.745159355243526
0.731422866007335
-2.20333668203281
-0.758701000660765
~
-1.1575008926616
0.547895267522808
-2.71173729700925
-1.03737226664025
0.316172577651469
-2.01953067964461
-0.812089305364048
0.0918043649196128
-1.05040782477847
0.542279890923384
-1.26256615604317
-0.126406142098164
0.539147124030329
-2.05116674955598
-0.750580323490397
0.729232808852764
-2.21383222657284
-0.773705783267527
~
-1.15487031557517
0.547193799657618
-2.7079893049292
-1.03505509947839
0.316031220890545
-2.0157603436775
-0.81034736012497
0.0924807321263372
-1.04795399659238
0.54353318253367
-1.26189689160484
-0.127736609005369
0.540655206572283
-2.04947836346314
-0.750694224559208
0.731724300993235
-2.21031443153351
-0.774484856559274
~
-1.14943878106388
0.545100522422436
-2.70559028409785
-1.03153408895921
0.314047027764757
-2.01150060237642
-0.80962403772168
0.0917211291403015
-1.04509399120062
0.54652481871933
-1.25959251160057
-0.131215167899603
0.546744020443482
-2.04779847923266
-0.749595509586584
0.738175573675548
-2.20725863514146
-0.773989969954607
~
-1.14876485044541
0.546262839312379
-2.71218550607834
-1.03088661969567
0.31451320100436
-2.01403521724899
-0.810508100617022
0.0916989774310143
-1.04603292872536
0.550752605810901
-1.26013283442893
-0.13412079901231
0.54462603375867
-2.04494961048804
-0.759180251448589
0.751014498671638
-2.18714804588397
-0.755614751034164
~
-1.15077388279433
0.543933866864147
-2.71130097349143
-1.03274031746133
0.311680136807467
-2.01202485632741
-0.811006113076444
0.0902808583964189
-1.04440734587355
0.550618341025934
-1.25982883912409
-0.135275668149879
0.546561366532907
-2.0465082663769
-0.757206982319048
0.75354449254055
-2.18763206947054
-0.762418489715541
~
-1.15193024236487
0.542926824078766
-2.71175431915392
-1.03362951121693
0.30979263883334
-2.01049986722955
-0.812221546883873
0.0882899322806177
-1.04292747743167
0.551689388681432
-1.2593120327622
-0.136376281829286
0.710696332651496
-2.03247410828163
-0.593093499831424
0.714496828535377
-2.28506431079649
-0.819117135395083
~
-1.14770789765811
0.540803824646366
-2.70826165578773
-1.03015779117484
0.30851423408364
-2.00634076097402
-0.811403551684729
0.0873858186277376
-1.0404189752259
0.553748447382172
-1.2569097079559
-0.1379966316328
0.559945813070088
-2.04510944977195
-0.753931188019589
0.769914860630122
-2.18077767480371
-0.751699112751679
~
-1.15277860964942
0.535650364392344
-2.70376065450682
-1.03043701358859
0.306761959688948
-2.00021430355031
-0.810483534045529
0.0860527380125763
-1.03687246829619
0.549448292318267
-1.25592196344334
-0.139782804618894
0.562182092958444
-2.04124818924719
-0.755742133308447
0.751925015845819
-2.20163815781535
-0.778665301783092
~
-1.15448566560829
0.533840134743523
-2.701734056494
-1.03140211296376
0.306148137119359
-1.99933682864982
-0.810407494271444
0.0860265005937219
-1.03631485895464
0.548836397517116
-1.25574581458155
-0.140538095945346
0.70414667852804
-2.02141094076648
-0.612464525514132
0.713504720633977
-2.27659793208441
-0.833137842143822
~
-1.15724600289755
0.536588514551906
-2.70538818582392
-1.03275978353807
0.30746946431178
-2.00047535270638
-0.810942147347404
0.0866471763006245
-1.03654077821277
0.548297643373678
-1.25742000723261
-0.141705730897415
0.545560600434996
-2.03648709751223
-0.767913653643412
0.745583822458401
-2.18605460700872
-0.770187823376796
~
-1.16001318091036
0.540854366279115
-2.7106343892655
-1.03561570823445
0.30826990196001
-2.00267494169581
-0.811985943523304
0.0869871870055585
-1.03764402604518
0.548214991635888
-1.2588408052335
-0.142885244019659
0.715726378746969
-2.03958939992028
-0.616621080066819
0.71532883780527
-2.29122985942965
-0.842937662189763
~
-1.16373144383806
0.542737224429838
-2.71480078714713
-1.0377758495088
0.308747100161441
-2.0059291040712
-0.812524354727029
0.0870977433232089
-1.03985193619901
0.547443804482393
-1.25930162142265
-0.143722855255389
0.562212067909018
-2.04759966993435
-0.762259890277382
0.746662702601514
-2.21405726989833
-0.794317589599526
~
-1.16566344414626
0.541852564828081
-2.71405598557843
-1.03845780520814
0.308296024966534
-2.00458994050027
-0.812318613439246
0.0874298114735499
-1.03951558891547
0.54518754719537
-1.25803004930032
-0.145072642421401
0.55904190235683
-2.04509028529376
-0.763784537155684
0.748440642084566
-2.20689270602887
-0.788276452900049
~
----