@happy
0.21437804602656
0.0697809099546167
-0.479237412690755
0.113155255004065
-0.154967764020159
-0.483648300162953
-0.393736703567433
-0.969185060440593
-0.302685494548985
1.23927301105017
-0.383927912655566
-0.211465628435717
1.59922200188987
-1.25614446812133
-0.325303440231131
1.71920500563027
-1.54688333353093
-0.345330812936851
~
0.202496677214865
0.101691820187116
-0.472075064214741
0.0806043210079024
-0.158382132274066
-0.466695646308802
-0.404125142272399
-0.96264318189868
-0.308257179502531
1.23303307965625
-0.356223628655121
-0.211032418683143
1.57707381542093
-1.2321594867766
-0.349134690046139
1.69175408785119
-1.52413810615042
-0.377256301534902
~
-0.0917482407652741
0.0405617987180458
-0.173062772308247
0.0927201133050386
-0.1307289224599
-0.466175160502692
-0.40589460520977
-0.962775817683836
-0.307388096016607
1.23330763890467
-0.354423351761009
-0.208170190146825
1.5754754993971
-1.23054895901199
-0.348467137023768
1.68953148006995
-1.52259082809566
-0.377326395190544
~
-0.0710361485996385
0.186432856836929
-0.0957018742820098
0.116591473432713
0.0224079414911712
-0.390732161478491
-0.380684801707144
-0.964765598716697
-0.300576019550861
1.27974932070093
-0.222273733783714
-0.117934045472169
1.58753966757408
-1.10505015053298
-0.303657706646527
1.69013644986513
-1.39930895611606
-0.347664198372632
~
0.334027730595634
0.406449149028712
-0.476291140972602
0.145808616113374
0.0635090400034951
-0.445927864854259
-0.418848727333404
-0.965311368598313
-0.301154365985338
1.24728525886436
-0.318764545997091
-0.17756397175824
1.5910698158324
-1.19603687659261
-0.285846688486158
1.70566465456739
-1.48846097320342
-0.304046261855958
~
0.345825205503012
0.406949497698687
-0.472848409639105
0.156241442603076
0.0622090791491465
-0.439629112302774
-0.412509764570581
-0.9720121357364
-0.286304186194023
1.25711220107472
-0.291869100056473
-0.159567872580196
1.57598881536696
-1.1697361624364
-0.34584469025289
1.75000935849857
-1.25757488235817
-0.553956493659421
~
0.338262009560285
0.381290732593959
-0.471366214931182
0.150617039661531
0.0429596092471398
-0.438289102660092
-0.412317870034729
-0.972033720030246
-0.285407042588258
1.25541760988877
-0.297445783720193
-0.166889555615527
1.63193512956329
-1.11940783321308
-0.488616820387387
1.86282580432156
-1.17234381678832
-0.647417026129634
~
0.357398858633014
0.371970288128234
-0.491011476557027
0.165442904138432
0.036161239379482
-0.453207485734661
-0.410424796293062
-0.971265825340649
-0.286159800946623
1.24967936026201
-0.32252933957854
-0.180444220897092
1.62833776644205
-1.12566888948155
-0.550677839485064
1.90401485655605
-1.05868400773088
-0.521289953722337
~
0.391217139206379
0.414370113074322
-0.455350366059349
0.193626159729701
0.0671194884048514
-0.424276516756934
-0.399146778700332
-0.974632467129696
-0.277431316787091
1.26711497585731
-0.312272162670574
-0.171111127865975
1.59587453562077
-1.19289700690202
-0.290001016238875
1.74996492242049
-1.2442357259867
-0.524275169191534
~
-0.209893334952183
0.25247951821812
0.124482871412526
-0.206193843077783
-0.102363777602325
-0.0260528102021028
-0.39226887624691
-0.973675395556591
-0.278186983813146
1.25248992661076
-0.48761166591505
-0.329605828256535
1.67663856956921
-1.31992274126348
-0.262211453165253
1.84219698617004
-1.33499744914558
-0.493596579264947
~
-0.207394440927543
0.262223145903374
0.113588679855272
-0.201432926640582
-0.0210871325131815
-0.00696982904957147
-0.392299867348011
-0.966185826093877
-0.292694665868798
1.11220807371813
-0.506375135710774
-0.183271317340442
1.894077173335
-0.983085248366628
-0.0180257460601746
2.15470020654063
-1.14198861925191
0.0549205441236387
~
-0.188953186469295
0.300133358573457
0.137806517967806
-0.173950344153314
0.0179073322590335
0.0069897225311937
-0.366219645892945
-0.965824697134485
-0.28952595569258
1.30397602448207
-0.213073256672142
-0.139255726091751
1.58415605116887
-1.10404096532905
-0.308817315950947
1.76375945652372
-1.19298807056277
-0.510698138379846
~
-0.194761054009255
0.266946727972845
0.130176508768243
-0.178903815702118
-0.0309175180112995
-0.00460182346718405
-0.368789729921089
-0.967183310808738
-0.28629968409059
1.28846930840317
-0.293196549410602
-0.189277403246376
1.59651919364869
-1.17628065179813
-0.3450121881248
1.78508377324972
-1.21147291047623
-0.554843141920582
~
-0.118796693349586
0.594096258145209
0.266633645493272
-0.18522679080308
0.203842589026121
0.114801342423379
-0.38451708316356
-0.966918418331145
-0.287175294661165
1.24006903825309
-0.399565501866257
-0.288032623417057
1.61348073424789
-1.25161112012334
-0.477381945905111
1.87327189186726
-1.36353353040933
-0.502431011605501
~
0.206571977332322
0.199250770365908
-0.403263154215707
0.0863281519247863
-0.161166667313742
-0.459684108016028
-0.402003983578124
-0.957684749999583
-0.305915445256308
1.09694457934377
-0.526115284951409
-0.212684478317978
1.70156733959275
-1.20471829455586
-0.504691081502706
1.93204819136902
-1.32928667201717
-0.61408019565285
~
-0.0629035914053869
0.0539314389626705
-0.181098844189387
0.0917192402760208
-0.16420121229308
-0.456291213615056
-0.404533790718479
-0.955410254314446
-0.308381649627663
1.26483350193076
-0.520201632122321
-0.346968610654056
1.66103346928209
-1.37071315527366
-0.429673264146056
1.8787872686953
-1.47439659706646
-0.578877462792275
~
-0.000412359082800973
0.0316266698434618
-0.256789322227135
0.135802205325188
-0.206749408934844
-0.524508361353563
-0.406898219130894
-0.954874442979088
-0.308755697584785
1.16859466073477
-0.449124710454798
-0.262406471457065
1.57955671205238
-1.23199478818931
-0.630147290575163
1.82003909950274
-1.38200891098596
-0.629845970059142
~
0.221709562038581
0.10980984049124
-0.458200541479515
0.0998186527096445
-0.150824321804609
-0.480259224001561
-0.406499250854535
-0.955035857896732
-0.307628013064352
1.24512425202856
-0.537360926414473
-0.375957002132354
1.6591062239897
-1.34125834240637
-0.179859641917261
1.79710021124649
-1.60922418850006
-0.0966847482942257
~
0.213063877542839
0.0852298229843879
-0.465394634533164
0.0985863242607577
-0.168033837083532
-0.471681926794297
-0.396498645726813
-0.955882348159152
-0.304125588035109
1.25108578176494
-0.479671646921054
-0.327940664100372
1.58245732880162
-1.32570166160947
-0.612155297592536
1.82600699188435
-1.46955926203753
-0.626552479440915
~
0.215200582033369
0.0738655296521528
-0.47024540891906
0.0981796662391121
-0.164675645191644
-0.466453467526939
-0.392475472636774
-0.955259798548512
-0.303671632590031
1.26792724385452
-0.537835712547083
-0.357306015180512
1.54882425811661
-1.3808659242398
-0.707557414938274
1.64245660299781
-1.66187599480404
-0.806513454110761
~
-0.286391004870847
0.366216413387701
0.172883322384196
-0.15040648819262
0.145487609440099
0.0597387572583424
-0.35543417572441
-0.955938655119243
-0.296235284465889
1.29651038386659
-0.540726222728923
-0.345164329756812
1.57174077813721
-1.36924215329244
-0.736723546734715
1.663484246291
-1.64541414373463
-0.849453306936514
~
-0.198401161827521
0.22324285989411
0.0947975800197687
-0.150056424387005
-0.011840281237002
-0.0545168344956599
-0.370722325534684
-0.955196241475058
-0.29805031976879
1.26612613730509
-0.534086256523603
-0.344670209343248
1.64037446700894
-1.36786501320859
-0.597159174523302
1.91154399846196
-1.44722892649396
-0.589122330800845
~
-0.20038230191474
0.243606541987939
0.104595537226747
-0.146541733433499
0.00809900633448021
-0.0419978429894772
-0.362835769126055
-0.95374915225274
-0.299247247463603
1.27012551175335
-0.481225746235646
-0.2970920235518
1.83058523900428
-1.20707128156121
-0.53353825069113
2.21269968820613
-1.19766484120215
-0.541625313452336
~
0.0695954902757395
0.426326806802415
-0.0846940427464294
0.158508345722309
0.198486381638295
-0.22615650353775
-0.356077395666587
-0.94917554468219
-0.306413732788643
1.24703213480576
-0.336477787132383
-0.228289878561659
1.76386151527084
-1.08293974028768
-0.504451394764312
2.05607221905066
-1.04833072807477
-0.512850539844687
~
0.169419793821466
0.327615397745761
-0.275461590714559
0.258315302803026
0.0998195197102374
-0.41689603611134
-0.355249368599505
-0.947765993582929
-0.308262483146558
1.25930586745816
-0.33955595764661
-0.213399996022375
1.76729262558214
-1.08514728646999
-0.510498129442776
2.08175243891927
-1.05337814783128
-0.517803847978071
~
0.185271895124596
0.317715669136665
-0.298234020535157
0.274178184999806
0.0898921854424471
-0.43968545430352
-0.350613340266914
-0.943371942131962
-0.315257330020279
1.27233262335788
-0.447446905539118
-0.288095430215007
1.79674098632827
-1.18981175601616
-0.557841609862817
2.09318958447672
-1.08896887802755
-0.542623615141681
~
0.191384018513989
0.267850270670545
-0.342090492591537
0.280301226691756
0.0399988393984047
-0.483559526141483
-0.338522705296994
-0.981817235333722
-0.356458331760716
1.2396744456297
-0.464620924454885
-0.31433051898534
1.83109927433439
-1.1608132359994
-0.562898147697754
2.07623856619882
-1.10611018061657
-0.582030373944753
~
0.185923211037528
0.397431897850461
-0.249660645012054
0.274850474353184
0.169554797099454
-0.3911463535247
-0.328906555032891
-0.93998373642537
-0.316041197721877
1.28132710653112
-0.456970347550167
-0.278742003112806
1.71157629857354
-1.28314542514782
-0.397417019327021
1.85499270950871
-1.55853711088652
-0.419221026653183
~
0.192895739775225
0.336152413861432
-0.285715044205531
0.281854536878762
0.10819472688067
-0.427250293837009
-0.328703941095279
-0.937088443009182
-0.320943467789782
1.13274522603393
-0.613064510004061
-0.446143813824427
1.89487425338846
-1.15189494446528
-0.478506756625595
2.17636966761872
-0.89847690879486
-0.531535271602103
~
0.247812553335356
0.321809914779179
-0.271733952500286
0.33675675371347
0.0938891682274381
-0.413246369170215
-0.327844642503895
-0.979722621362614
-0.340288629027433
1.25946113611363
-0.478960267448089
-0.269219360325781
1.84134607280732
-1.17534055192968
-0.54082988225441
2.10965641670379
-1.1289260099967
-0.542632914303798
~
0.0732166780636779
0.0978119759430541
-0.342043285515784
0.16217442503526
-0.130143290130028
-0.483576920069879
-0.33788708242419
-0.96200947897397
-0.338322758166078
1.2836503768507
-0.577466020760652
-0.341019643185104
1.60404003176942
-1.43418943062015
-0.579518523095567
1.71083659699668
-1.71976395492408
-0.641277516135851
~
0.466384681250046
0.446899850225978
-0.458811065104198
0.265923377209439
0.101490434830415
-0.438797047850042
-0.335460453386236
-0.934737648303977
-0.325534400224645
1.28584616949385
-0.554578445834176
-0.332804249941082
1.66716171847282
-1.405916393192
-0.408301376732085
1.79426693543503
-1.68969570897794
-0.415727104444505
~
0.483908750345026
0.570194696638354
-0.395914994784975
0.290865892346559
0.196408174912784
-0.392847981962072
-0.288262518596592
-0.924951390263925
-0.330432885071878
1.3067645156736
-0.410838494638903
-0.257029044843742
1.89729864551182
-1.1138346223121
-0.475473731346919
2.257638166652
-0.989830532756442
-0.508352239250235
~
----
@sad
-0.847850149673639
-1.93660437671639
-0.840077715958265
-0.836340189845881
-1.7239260867262
-0.716674715878884
-0.905777975972151
-0.960139304957311
-0.2300306513241
1.18025277887751
-0.0283941264269858
-0.604052012731904
0.498018627754804
0.760945701855468
-0.461501434675946
0.270607250295206
1.02405905292526
-0.396007516985928
~
-0.804307957503979
-1.69074584161133
-0.760125378773542
-0.795085100852165
-1.505883078516
-0.65151218055334
-0.847283442957566
-0.830314970720596
-0.235124822795808
0.998636045428536
-0.0338215052170412
-0.592787036483039
0.373015214229031
0.661301754604217
-0.414393184206939
0.164474915382565
0.893009562327881
-0.339255965679295
~
-0.797620978268288
-1.64453047247775
-0.745124703152996
-0.787839440308672
-1.46638430397093
-0.639213159973548
-0.838471411341727
-0.811119980514343
-0.235880915018259
0.950105428659858
-0.0490797784339753
-0.589906548553483
0.348571934892067
0.634907801842145
-0.392666460208507
0.148060765039429
0.862903635617317
-0.31176394258947
~
-0.792335784314271
-1.68389778839263
-0.766390194896734
-0.781759896094055
-1.50875344403769
-0.661980934274482
-0.825308058562649
-0.882322486664482
-0.281580274288892
0.920000012740943
-0.0650780286838099
-0.586060867893839
0.340367109862943
0.604021165228298
-0.389614126347564
0.147156131880731
0.827054271290517
-0.30921595094203
~
-0.79413511863082
-1.65091267545801
-0.75129810009975
-0.783103378678479
-1.47624682521052
-0.646913272864037
-0.834141266106029
-0.854196687026201
-0.264651001648954
0.920110299538476
-0.063148658410071
-0.584504931608806
0.345817520809038
0.604785951425169
-0.388260752713342
0.154386584241768
0.827430857504685
-0.307971193076379
~
-0.79969177173854
-1.64003625680377
-0.746837938458338
-0.790430036484362
-1.46503091605576
-0.639866381284974
-0.840416801424868
-0.83756170521762
-0.256824032607946
0.928734676525576
-0.0556190566000321
-0.58655293901005
0.347177844875747
0.616123349608837
-0.389127654909138
0.153325567659138
0.84003751100991
-0.308330751405952
~
-0.799960494050269
-1.68755954385225
-0.771076044757297
-0.791384713049922
-1.51136965145113
-0.662812981310741
-0.83487130110199
-0.875900271657555
-0.283761476106306
0.935616595292744
-0.0576541335525615
-0.587338419815793
0.347511112250947
0.621583784403829
-0.398370474272387
0.151475946002339
0.847996413253274
-0.320285275236424
~
-0.803238735229954
-1.66620837197533
-0.760911852455934
-0.795301363494799
-1.48955934051337
-0.651175256347189
-0.837345178154387
-0.84945319942059
-0.272369969926504
0.940799669205222
-0.0520096188197876
-0.589634411733729
0.345982547249253
0.625647646198127
-0.414957911264492
0.147710162736354
0.85153339594031
-0.341546002713278
~
-0.797563933026275
-1.63897202011466
-0.747087143645555
-0.790183352086588
-1.46239026278228
-0.637346080446266
-0.8355679228524
-0.824430334327031
-0.255144699261642
0.953820125163138
-0.0298011804538554
-0.588149789005457
0.323737270502514
0.642536890026389
-0.426393130788466
0.113709673342001
0.866649538067079
-0.357280263971636
~
-0.807288600715164
-1.72001370502551
-0.785873054631199
-0.801130382794003
-1.54015221463205
-0.673669887931187
-0.822885006065715
-0.882883077566021
-0.294194824173475
0.978332051748168
-0.0121478449321283
-0.587731770369496
0.39861992748457
0.41456598375311
-0.475476468969034
0.205382531222323
0.556803899763547
-0.422560006105399
~
-0.801510744574959
-1.65165647531294
-0.751977294553677
-0.794043947891708
-1.47291028576313
-0.641030737797366
-0.848892715616027
-0.83510051908403
-0.239912177021337
0.978073360275581
-0.0150259643562152
-0.584897918683497
0.408747788612747
0.415859633046939
-0.469828847383021
0.218972592711998
0.559488165514657
-0.416080383512543
~
-0.796660607417057
-1.6687933331891
-0.760239535537486
-0.789328360031651
-1.49104730805797
-0.649292282393824
-0.840756056595304
-0.852299550612164
-0.254166386315189
0.980103823352723
-0.0192624649322553
-0.583003078542258
0.414030819479635
0.412400782682906
-0.468630010861991
0.225339807513892
0.556288579924172
-0.415158917892118
~
-0.788672580824329
-1.66369006443818
-0.760171361213209
-0.78222146301117
-1.48917316179805
-0.65084526656197
-0.818411658220878
-0.855298188382714
-0.269817977284421
0.96462845733493
-0.0421909304093757
-0.5770190056009
0.420052339869731
0.403922990823992
-0.480120680849859
0.238526967381331
0.552627657538209
-0.432714762299494
~
-0.796862674261044
-1.62519601040904
-0.738827519369559
-0.788664231268555
-1.44970463633377
-0.629485607990934
-0.851970268042682
-0.824714060425536
-0.227016195231597
0.974176786612208
-0.0334622587842583
-0.576167174723349
0.423583020368214
0.413402821687975
-0.483426159670537
0.240051759654029
0.562357843212532
-0.43731371759398
~
-0.797475031455993
-1.67307665097873
-0.762666600791041
-0.79112912215632
-1.49709587803835
-0.651969356949991
-0.837785709953454
-0.858180213960337
-0.261840043676392
0.978513061461722
-0.0365523224971514
-0.577428256998624
0.427210716631293
0.419498287222084
-0.493081357890605
0.243443268354484
0.571515162470603
-0.449664650649531
~
-0.787245243302128
-1.65960276662989
-0.75492155967211
-0.792432186626271
-1.48568635472385
-0.643482086164297
-0.842130537103733
-0.852944659394458
-0.252151818217541
0.971539640706584
-0.0331577757079891
-0.576204038614366
0.423883120360826
0.418399034325592
-0.485768540459429
0.241330941595963
0.56891799758484
-0.440414907323214
~
-0.800654403667501
-1.69488796076345
-0.768018818987069
-0.802809993580025
-1.51907344582121
-0.656804261654085
-0.837274110104523
-0.876461757821951
-0.271281440375812
0.968365227698209
-0.0459276018429544
-0.579519486482667
0.388238324706538
0.633013729499331
-0.417181328916624
0.194862701087519
0.859327469123042
-0.347754109580186
~
-0.793287038900753
-1.65093301647756
-0.751922311492479
-0.796959117820939
-1.48001202388349
-0.643368385484471
-0.847616524488413
-0.858824675799624
-0.263004836797684
0.921442197732707
-0.067127496287728
-0.573130684683767
0.362598097399531
0.599487306564335
-0.415222537351812
0.176316714990085
0.82169228774352
-0.347682246383161
~
-0.797936809807181
-1.65749354104404
-0.753527401725434
-0.798254225116932
-1.48821994410781
-0.646992650680463
-0.819784020380029
-0.865762348694312
-0.285718471245942
0.904336434031257
-0.0477008094686238
-0.575015303183366
0.36334055418127
0.597546921227259
-0.393088551729174
0.183008599375435
0.812629436395955
-0.317726428606984
~
-0.820986754849979
-1.62034497577407
-0.723950079012687
-0.802856628307436
-1.45100234805325
-0.624406635554646
-0.858740878320954
-0.852862578144136
-0.242163662166448
0.883278457734493
-0.0562269582303573
-0.573037131555274
0.378336181944271
0.572442714157577
-0.371352325708304
0.210022074786781
0.781999241165391
-0.289598645597977
~
-0.824807009530291
-1.64158530828861
-0.734412667169399
-0.811105388436903
-1.47384663672995
-0.633092222801892
-0.819131535555281
-0.860571304529317
-0.279751948209871
0.880409394573775
-0.0370407593618201
-0.574557670335194
0.414757352136413
0.562088726704572
-0.356982179653069
0.259540004657293
0.761798616071562
-0.26998615733774
~
-0.826248824227113
-1.54900261457566
-0.682053933201048
-0.828772518826775
-1.47347317662098
-0.627229354419476
-0.822563392320278
-0.857193269173026
-0.278614669612451
0.89241123911182
-0.0659274235238306
-0.567255394450909
0.430973176906942
0.564436378408377
-0.341131872644984
0.277160471798373
0.774557600186976
-0.251283245297603
~
-0.835116328511048
-1.66248948614578
-0.727763380494392
-0.841093301724021
-1.49425754985462
-0.623942147574575
-0.824416328466267
-0.869496986427112
-0.281314689513064
0.906862829159894
-0.113702113952734
-0.563233973419388
0.442788542376899
0.560883771690655
-0.321402330541198
0.288097108353879
0.78574568261824
-0.22621442184778
~
-0.84906913777877
-1.66196250569719
-0.713311398009881
-0.8544861405351
-1.48882093498867
-0.613362024933778
-0.836119399716751
-0.858439646661851
-0.264106070210636
0.912447015378086
-0.213849721055244
-0.565998168691695
0.557961869059677
0.358566903730815
-0.361323374662016
0.439800148465517
0.549372465944932
-0.278353800665818
~
-0.863941738092658
-1.68650075499862
-0.668517903772096
-0.866928195783244
-1.50731973183725
-0.562877934466565
-0.853021266817663
-0.852440989222879
-0.196995211738173
1.02419588605345
-0.348679993111227
-0.523818214901935
0.560870436428749
0.458612971203449
-0.243854256199057
0.406428609156727
0.727710668896833
-0.135194478944592
~
-0.864753785312122
-1.68009984744019
-0.656650679529586
-0.863206317137591
-1.50212661829191
-0.550222897397485
-0.852237086734137
-0.848675003210637
-0.185858571958418
0.937712830694785
-0.529868551946245
-0.457533086775464
0.535081749966384
0.336867409054068
-0.270801920060598
0.400871389723584
0.625779396054173
-0.193257384093845
~
-0.867063216790183
-1.71683645538235
-0.673715262156249
-0.864676256708238
-1.53484420348464
-0.563627016997578
-0.852944986327604
-0.862771493296803
-0.190887424316262
0.919214093393756
-0.640622984303228
-0.359201614064475
0.561250543394772
0.294887196602895
-0.278866741907793
0.441929357313749
0.606723956547952
-0.23638027702747
~
-0.843849812638074
-1.58485772149712
-0.635795740043521
-0.840848681960541
-1.41728067255148
-0.534474786911334
-0.861142145980552
-0.775393562359335
-0.156471394475046
0.763920030197187
-0.676999766233629
-0.30336839554866
0.478847718374678
0.20541586574318
-0.271445808483611
0.383823614433841
0.499554389474242
-0.246328799155415
~
-0.905875599094277
-1.88987529386197
-0.776624394305018
-0.890047379891622
-1.69247056591141
-0.654738813670136
-0.89267578486391
-0.960249716773221
-0.240067440615142
0.989407696148731
-0.682128626849103
-0.315883625287118
0.645226964590469
0.367012444381354
-0.308122224093184
0.530500051061185
0.716726182949314
-0.288331965756796
~
-0.897990269279517
-1.86906469526157
-0.773080436618544
-0.883446478232975
-1.67591612355654
-0.649638091004701
-0.876089249423994
-0.9470507540336
-0.250134354128192
1.00147904164975
-0.663925052069052
-0.313101892766735
0.636806031220445
0.364516705914021
-0.299723347373934
0.515248355126628
0.707330649044581
-0.278261633270453
~
-0.833029281104288
-1.57428520225443
-0.650178882376427
-0.824575338655584
-1.41146432541557
-0.545096089208573
-0.817401795390208
-0.795755174966351
-0.207017827679654
0.792120400436693
-0.646547955925589
-0.287997824529392
0.488385050229464
0.222791902561032
-0.258676369348657
0.387139930978637
0.512571825208895
-0.234526732102469
~
-0.841374996856122
-1.60097388592265
-0.658437546113188
-0.831394679210583
-1.43339033378926
-0.552136796036532
-0.813617520793299
-0.799337318682085
-0.212168741201511
0.849576202962799
-0.654278399599676
-0.2929300286302
0.521912750229397
0.230832120878998
-0.261068027017103
0.41269159673937
0.525869002300851
-0.235709293222004
~
-0.723131046409304
-1.72232022151549
-0.615918197027897
-0.714155853040003
-1.57704020050547
-0.524505413126501
-0.696117472107992
-1.02728924257156
-0.232426211913511
0.627475429817855
-0.507531389486739
-0.225925145171115
0.387914078508821
0.0488650056871537
-0.264639589251742
0.308060292506241
0.234330452881904
-0.264785353080047
~
----
@imsorry
-0.679581518807233
-1.20584074841038
-0.694369103775403
-0.704856741840496
-1.02682300095606
-0.592502561319387
-0.6949913142642
-0.520291705713689
-0.300163530218392
0.509649108312234
-0.57913576531379
-0.348150326808367
0.631107642413502
-1.02333325904072
-0.533158920422985
0.776795630182614
-1.06853492956112
-0.549212397965464
~
-0.673382485389125
-1.20932987492125
-0.694562884981624
-0.697560637558629
-1.0315542795344
-0.593684027099316
-0.687916172690451
-0.526503358441844
-0.301961984855214
0.506184077128383
-0.569734204580363
-0.336454402121756
0.670388785632241
-1.00206251854903
-0.500917992304776
0.750888143529186
-1.11696268750755
-0.559761448812107
~
-0.669120169173903
-1.19635049425044
-0.683167951402115
-0.691271441687259
-1.01943675354603
-0.583673024750815
-0.683514800080329
-0.518609498866421
-0.29361485230119
0.492261748341304
-0.553992400193193
-0.357490798404995
0.646830868762422
-0.993250119985677
-0.492858104712923
0.743601804405365
-1.10053568562828
-0.536448681259845
~
-0.664138820618819
-1.19183090094617
-0.677283978264023
-0.684941784465382
-1.01521319102739
-0.578396476957514
-0.680266512447177
-0.522321035299157
-0.288395453730732
0.49329209734569
-0.54758615748434
-0.358171041185336
0.678637140707925
-0.975114820700764
-0.482907385184665
0.729851306144865
-1.10938524173575
-0.527279487620923
~
-0.662571811085612
-1.20689808545348
-0.675169038865482
-0.681690711072467
-1.03073893976407
-0.576807713318822
-0.678642917948636
-0.543218411741663
-0.287190472242807
0.491423366818593
-0.529624089255103
-0.346676929419326
0.638276241228193
-0.95015414104677
-0.537103247282568
0.690181149144075
-1.08483511545399
-0.577170857957574
~
-0.657796914444059
-1.12539907453873
-0.622613685372087
-0.67552019001342
-0.954593494424217
-0.526632658683241
-0.679095495206558
-0.538419235808309
-0.261368361277849
0.428561230442293
-0.396784645777644
-0.429437388136328
0.585210648965869
-0.828122040104016
-0.444210119410468
0.647962015730384
-0.958439690556169
-0.429295517719922
~
-0.670553264173361
-1.14830668237282
-0.62436687400364
-0.687755463405132
-0.975522033337233
-0.526854190045444
-0.687931483233419
-0.534528848698273
-0.248299552154856
0.434658268408745
-0.405836136031384
-0.442597448144755
0.577247990990874
-0.847869692768173
-0.469177976157947
0.652460707563974
-0.974195269500815
-0.462017919046954
~
-0.677872475857831
-1.09184056597353
-0.580991649472072
-0.69444708850423
-0.923468021878299
-0.485386048453553
-0.69180936460668
-0.514880301241831
-0.227902185330926
0.401841196778415
-0.37666505003766
-0.439441493548126
0.54744831670225
-0.802132909471436
-0.414249637170816
0.621685167839201
-0.924833790816218
-0.406211162146606
~
-0.683343702404601
-1.08536669440993
-0.570108259569527
-0.700074064447096
-0.918040415190912
-0.474613700630611
-0.694419859553216
-0.500846745337082
-0.214028653972098
0.401362659956627
-0.374119557716044
-0.427603017696017
0.527750290690407
-0.805125979677055
-0.423177495196588
0.598397322853462
-0.928934280484013
-0.412635584122742
~
-0.68619262435835
-1.09383880658835
-0.566486322467952
-0.702814484165109
-0.92720374178486
-0.470799968474823
-0.694205100307309
-0.484435623980268
-0.19909718095596
0.397834126971582
-0.361640700544127
-0.418282061039399
0.505222521092074
-0.797359207851489
-0.443745815779698
0.576049380930962
-0.920878219702847
-0.436736078527309
~
-0.690718062572877
-1.09428041590756
-0.561298290691839
-0.707507922856368
-0.927480974457439
-0.464987069357819
-0.696837405052192
-0.488299916374051
-0.19758109887185
0.398418271804186
-0.347258097265308
-0.408311210355549
0.495640526776816
-0.785880535728604
-0.449801485645458
0.571259570943673
-0.906852914651938
-0.441522244519446
~
-0.699162900079344
-1.12947180282587
-0.569294478047461
-0.71557772269643
-0.958867825855802
-0.471547801762412
-0.702908734027444
-0.510678525031025
-0.200648214947085
0.412489392398902
-0.359405435314541
-0.40620670335556
0.514320276581786
-0.80532048149874
-0.463459382206402
0.595481828611856
-0.926349814454097
-0.457760611453841
~
-0.707002111015654
-1.16829354750341
-0.575297104405679
-0.723178191675555
-0.991996821252496
-0.475489219773464
-0.710831645226627
-0.531273395123287
-0.197798136117064
0.440322006155372
-0.385316225259301
-0.403936491930614
0.555966864227126
-0.840255472237669
-0.480045244147975
0.644763078329638
-0.95910734070109
-0.503589234068998
~
-0.872764649029015
-1.94492226918876
-0.779228105517725
-0.896757781862866
-1.6771800668349
-0.629166041284725
-0.862783113927845
-0.943905728975533
-0.212383521114507
0.828775093801077
-0.705765012519224
-0.478092011983481
1.04420894312501
-1.35211327929986
-0.738847463360011
1.20523814201311
-1.41821747043174
-0.885406775247787
~
-0.938926191751193
-1.92939075282683
-0.780392358476735
-0.962194008742528
-1.66099861346446
-0.631943880075822
-0.907654248066399
-0.909627460586152
-0.235251953730022
0.745175721273141
-0.68164355812703
-0.464759631152899
0.433563052251268
-1.30112956468193
-0.779067253697664
0.329692174825025
-1.50762493694338
-0.868540632910602
~
-0.916259656049706
-1.91545499292794
-0.795883965295915
-0.943291109502194
-1.64978428389027
-0.64853491716229
-0.896923797209225
-0.914774295796885
-0.259033644717323
0.756103833546125
-0.666313644657529
-0.429037120269761
0.568854409996897
-1.53637623421627
-0.829322538794969
0.506437932445642
-1.82639714596006
-0.947582507332874
~
-0.900970440962373
-2.04074899918833
-0.860400101998556
-0.934407065522219
-1.75910912315878
-0.701065553222233
-0.901435008948411
-0.980113261040819
-0.277319285034019
0.911856335937132
-0.721339418177651
-0.378762543064653
0.689672755319377
-1.62491615194184
-0.851911756817341
0.615611560162189
-1.92610834475591
-0.993447030124561
~
-0.826085734536978
-1.99821588980553
-0.871073622548287
-0.859923249792446
-1.72387949678553
-0.713335245355845
-0.848324884381394
-0.979893533465046
-0.30195639149435
1.01126069030679
-0.707188704100077
-0.28139574257053
0.757272988000464
-1.55569332479046
-0.796202152253265
0.672610417400427
-1.83852817303716
-0.951971290899589
~
-0.78249403090066
-1.91756475874298
-0.852800680459238
-0.815566938014597
-1.65952303310115
-0.701102976309382
-0.800862630585853
-0.935740664527913
-0.306694234218624
1.00948529170863
-0.682164655850074
-0.204275131488459
1.32932215818619
-1.28534758819049
-0.406232720641449
1.49022370737011
-1.42043453831287
-0.332691638306257
~
-0.778263685314153
-1.75896062169017
-0.766489319995656
-0.805617015758141
-1.52491101649888
-0.624561694235368
-0.775792368187033
-0.868072854488908
-0.28866317975705
0.913004142722625
-0.662244291312188
-0.101400283105047
1.21406017764492
-1.20226581485046
-0.307224776216902
1.37872640240136
-1.30262764059924
-0.242784358267328
~
-0.803103566672398
-1.8354913248785
-0.761688913979117
-0.790976148111508
-1.56020170074082
-0.639406880156532
-0.735703069850348
-0.910099312014014
-0.337675773914905
1.05458876643671
-0.741711747869911
-0.0248738781005421
1.44712550021129
-1.31870808786199
-0.1375755980496
1.62838464154522
-1.43901083096796
-0.089369832347911
~
-0.837459241300497
-1.9653981968185
-0.750945847044928
-0.820832739311702
-1.67111318543098
-0.627406135660251
-0.753154174733348
-0.977972701558129
-0.320145339567311
1.11139646641022
-0.755698191574736
0.00787024277639035
1.53893136173354
-1.36236353995237
-0.0793136524655867
1.72893458829271
-1.49646305063588
-0.0378675521247958
~
-0.878247389941442
-1.98131549402976
-0.683507756768582
-0.892745897600555
-1.6970563855342
-0.537062420822243
-0.8424997701705
-1.00270760920627
-0.202600974336155
1.12089894606388
-0.724947334991465
0.0155746732567671
1.49245631438308
-1.36448017758869
-0.115562547138004
1.65205460709534
-1.53827434937275
-0.0982680875859945
~
-0.851232279820871
-1.91755389316081
-0.661549666148104
-0.867500687702514
-1.64656006879413
-0.524235539736385
-0.816535147578534
-0.956296855970575
-0.203685778479274
1.04765154418732
-0.721065902056794
-0.0462431804146154
1.25316968337374
-1.36567817268267
-0.298060908844293
1.37593269295925
-1.55404573964677
-0.301571695541432
~
-0.785769919177295
-1.64574538558923
-0.627718331608365
-0.802379242620384
-1.41109889703669
-0.507366130912237
-0.766181797000485
-0.78287719046122
-0.219034262055009
0.782086668162894
-0.655511304865877
-0.224706433897185
0.993977907889024
-1.21745603299035
-0.393914113634368
1.10936008125748
-1.37353552197669
-0.372246497954286
~
-0.848249712006903
-2.33569488716504
-0.787096855918408
-0.882142384009211
-2.02221005423485
-0.622409631327457
-0.850000265109515
-1.16535729283695
-0.216366936401504
1.06603727389793
-0.827510482634984
-0.263101131828416
1.35557062780306
-1.57373020771199
-0.525326647324256
1.51125110038169
-1.78354021505727
-0.495735096527192
~
-0.918530354223467
-2.41471777799844
-0.854475942247066
-0.960034042562252
-2.08528339371336
-0.679935688688338
-0.936535538586955
-1.19779608094365
-0.242569431920807
1.0567435062261
-0.88123462698373
-0.317432480435153
0.754492371070851
-1.90068784680689
-0.886416296358823
0.653741988954057
-2.24050567630905
-1.05739595883748
~
-0.840118200719648
-2.05176333419565
-0.835222745997881
-0.887075975355212
-1.77706547980023
-0.682631442988572
-0.86143349110365
-1.01865254865322
-0.304518494164444
0.794091972657059
-0.735825164223782
-0.338251978433811
0.52574546529369
-1.59342975392835
-0.824898521969762
0.4362966295059
-1.8792979757787
-0.971288009299294
~
-0.937798919616081
-2.18908826246759
-0.88411189146928
-0.989780179015417
-1.88045760844579
-0.712500011629217
-0.960101994840659
-1.06478310149017
-0.310119957033062
0.94172536074823
-0.872164704076254
-0.366852193586319
0.562207136287598
-1.74551250848778
-0.898885627371189
0.435701068568234
-2.03662838648486
-1.05844811024264
~
-0.913989429619634
-2.19183736454711
-0.901352600461004
-0.959870093765109
-1.88865182236399
-0.734344355655957
-0.935982194345259
-1.07015530926504
-0.327950658242743
0.918552556541724
-0.829018299087506
-0.310821094546315
0.545114622972532
-1.71943236480523
-0.887605538783034
0.420635297890482
-2.01623699780853
-1.06246572272408
~
-0.982731066236675
-2.7682976737755
-1.03370577669115
-1.04167394736566
-2.3997115204635
-0.830758971433722
-0.995376870992115
-1.42701723753227
-0.351168702767325
1.09348862593201
-0.879122479427439
-0.241959914322619
0.700635177352013
-1.97133280480455
-0.866370921010378
0.569684019371816
-2.3354029470777
-1.0533352793656
~
-0.773449296418583
-1.28765384505646
-0.64202990390863
-0.80685843227209
-1.09173275238641
-0.531372747076714
-0.777282161692583
-0.563886303245219
-0.279318645465895
0.51140636509489
-0.555545880275814
-0.301581052604615
0.17902132725269
-1.01310701046059
-0.648037158082123
0.0682263236859109
-1.16562739623614
-0.752188301872749
~
-0.757770669193503
-1.2685174006073
-0.637616552161288
-0.789488798034898
-1.07376672014697
-0.531004569297869
-0.765085801734612
-0.558065441931529
-0.279042720472831
0.502645806783088
-0.537622531258352
-0.293775902581309
0.192668870680833
-1.0067320039452
-0.642563416292515
0.0893432253134147
-1.16310180142855
-0.747654324021467
~
----
@toknow
-0.62729553074309
-1.63878048720126
-1.02542383636923
-0.670478777430125
-1.42050348714445
-0.875794624524798
-0.800028636896752
-0.765672307865732
-0.383793236319627
0.733356807682451
-0.751388004097745
-0.0938651603023471
0.759866774424734
-1.48850875423038
-0.464780749633423
0.821895795017663
-1.66221011978088
-0.555389004853991
~
-0.853878113199807
-1.46713059451628
-0.843768841937079
-0.66105143846945
-1.40199134304508
-0.871492248686161
-0.800627295832673
-0.771890430020807
-0.395153974965954
0.729252475569788
-0.747087717223689
-0.0929692472269691
0.738394482182991
-1.47120986203308
-0.488487271991795
0.823459850194689
-1.65148636754955
-0.538066318895687
~
-0.63989896350947
-1.63921652002974
-1.02672267067969
-0.6806086357002
-1.42162838287388
-0.879739657644118
-0.80273765227239
-0.76886397140631
-0.395612881971341
0.728983281027892
-0.743536901375152
-0.0902041424002633
0.767343037681631
-1.40580438884869
-0.402584769304827
0.794136342866601
-1.6445239822405
-0.543251526911307
~
-0.654023029640788
-1.64625452740729
-1.02876611268746
-0.69195234003398
-1.4259103444369
-0.880969691470458
-0.805740151354778
-0.764877735596339
-0.394286957662199
0.728297113632453
-0.737378596020245
-0.0863544142846019
0.765419534730126
-1.48922166887568
-0.492947512432469
0.816726882663327
-1.66256694755766
-0.592329617048109
~
-0.768577048484284
-1.66206053088054
-1.00312723848615
-0.777436979159182
-1.43472552739817
-0.860339954329868
-0.804016890847986
-0.752720337454872
-0.388749442267457
0.725325072619435
-0.731295914600032
-0.0795627518483108
0.811415920470893
-1.36003741271858
-0.584978239115351
0.788881732663608
-1.48495573404451
-0.747193948778323
~
-0.613597044145749
-1.65355590237632
-1.0556777688661
-0.663758434758763
-1.42418314823288
-0.89848717653532
-0.814242726355314
-0.736065065438834
-0.383651801920734
0.717848226371245
-0.720009355872822
-0.0317587332686649
0.913652621470204
-1.21959600689432
-0.550451976271124
0.912009009540939
-1.29207911932654
-1.0505907094081
~
-0.640996593204534
-1.6357524003102
-1.03867459068596
-0.683284014524646
-1.41495314364861
-0.888450603814579
-0.810146278484982
-0.75255525406864
-0.394571774118778
0.720181027072189
-0.694801245594799
0.0310823094997902
0.959562295487707
-0.711977864462686
-0.686529925060224
0.92036177531681
-0.693931669024275
-0.639337187742777
~
-0.865381938510699
-1.53756324851755
-0.898251908289475
-0.671514918489211
-1.48826159764529
-0.935106289273384
-0.714435104868578
-0.880483514584927
-0.533637298143707
0.729564566031256
-0.655011599976768
0.0139159352698065
0.979021964744432
-0.422929037249592
-0.648340867759633
0.97207055365141
-0.178490154502193
-0.815885203233153
~
-0.625637360549349
-1.58220828487736
-1.02139152223954
-0.650725424517558
-1.39577460076016
-0.903195470096088
-0.725989727781658
-0.83647365976801
-0.508371800309642
0.763871463829142
-0.530629548470964
-0.181093886100705
0.897028688804576
0.00790112502005159
-0.590746405827159
0.89580289942236
0.30671875990583
-0.720467272392076
~
-0.837825322714226
-1.44071637051531
-0.880670406050047
-0.653057635963239
-1.38426483365542
-0.897781012119151
-0.745018729104574
-0.82661663764601
-0.490277928464524
0.850487032746359
-0.443307970334843
-0.30246177970016
0.866993541057079
0.214500624615596
-0.488079244514696
0.854181270929569
0.730569187855309
-0.559806186520379
~
-0.848434216061796
-1.4359701361351
-0.876398123307711
-0.669490129008009
-1.3548951397032
-0.876181304704035
-0.774990960891153
-0.796757144873936
-0.457001634801877
0.929869166144288
-0.250914514697269
-0.373634311713133
0.78735009153031
0.416275543114521
-0.406271097324309
0.779616837668334
0.681486845083689
-0.390526555649586
~
-0.94382058873622
-1.46938442222018
-0.865662022764575
-0.748448755819774
-1.4190578772998
-0.897332567234038
-0.804038558975922
-0.798415857129397
-0.442604212022423
0.97481553306043
-0.242504673938902
-0.408545047364017
0.786964180761681
0.439808533734766
-0.406460691889618
0.769743129671301
0.712701162849667
-0.366790639450082
~
-0.902631232315151
-1.62843937819202
-0.995914827694079
-0.76985715617922
-1.46597743774018
-0.916313201344851
-0.893729092229266
-0.827054952724917
-0.440721891945831
1.07962212112254
0.11584877085567
-0.419477914750486
0.406632259010276
0.488808507725711
-0.343230038577116
0.18230229412098
0.613128441719474
-0.302131818669486
~
-0.938548726227804
-1.74614221056118
-1.07753647600996
-0.854951781948783
-1.5552498251975
-0.958047715961519
-0.921530508201244
-0.844860103185155
-0.439062194328909
1.02047443592
0.449418031220869
-0.334973742958405
0.792308102941255
-0.290814046158294
-0.591820405392005
0.996905267273386
0.19479768700633
-0.562821934699937
~
-0.947136031138514
-1.70851213501919
-0.987470256009319
-0.794593852134705
-1.55936229973513
-0.947065158877625
-0.874311027953026
-0.913538966280972
-0.472171857261009
0.977329270079072
0.101673397905117
-0.446416285507663
0.66040439931143
0.974717071191862
-0.206301428315104
0.554762767837445
1.26573159215851
-0.111074593258963
~
-0.81105005535796
-1.75217987229711
-0.992271582215853
-0.683173965019023
-1.60799821907499
-0.935397401607575
-0.756765298896967
-0.994675255919381
-0.487646593474094
0.76238316915511
-0.156647667140598
-0.252915405416308
0.666300612263846
0.729836810363643
-0.264203674484471
0.895401731766442
0.028504359680886
-0.595256351388237
~
-0.730573960341595
-1.70703595939458
-0.981688086661026
-0.658251916513474
-1.55965092993389
-0.869591903534316
-0.749735150361027
-0.974651759868681
-0.472439620207465
0.935625574131373
0.0179243769072609
-0.555788822316265
0.652412462278029
0.700894694452795
-0.269333269143256
0.558008086849147
0.92855151507898
-0.159945928157097
~
-0.825788951274324
-1.68790827192358
-1.0123830721236
-0.787076928203223
-1.46365491988763
-0.844460565451624
-0.864380908643548
-0.842364080127215
-0.432916372995062
0.913815566564591
0.210289926774055
-0.526423881539712
0.603869250175253
0.927426217735076
-0.212441752037584
0.500553806320427
1.16647168852245
-0.0931637005894286
~
-0.837495747030198
-1.55809497873184
-0.936731122725902
-0.783214276511868
-1.4504874968328
-0.842543724081904
-0.852760479530312
-0.833169894938787
-0.42856278557805
0.914294231137744
0.204330906689324
-0.526843627053163
0.593311128930789
0.921474458449981
-0.203575074691242
0.486316756489767
1.16052232919168
-0.0812569564531618
~
-0.557896826962999
-1.71879427868613
-1.1481256168548
-0.627422517121892
-1.49542873517466
-0.982271900837399
-0.835999708223317
-0.825332164952636
-0.441133133886297
0.910584709733106
0.205402868023866
-0.531410622567303
0.582532395928816
0.928003318384209
-0.200213674450661
0.473181617121672
1.1688701854313
-0.075288899195313
~
-0.983039212079412
-1.7026264975013
-0.991482264162931
-0.795063573576046
-1.57287382346668
-0.948007850628896
-0.922318727895511
-0.853117709791762
-0.422285820915375
1.04223821510019
0.313852324398789
-0.52386538756509
0.692207375675842
1.09875831874815
-0.164035777778893
0.57553042920106
1.36039365019794
-0.0278399158262075
~
-0.816175400628612
-1.74839716061017
-1.10794498859857
-0.774090567241478
-1.56472474015276
-0.965822164034323
-0.88702957393927
-0.825990846928526
-0.427551657594995
0.987104186586415
0.306084302174369
-0.507168299748039
0.64792964355879
1.06550183936149
-0.159885126183757
0.534871451728833
1.31864106170686
-0.0284847109602072
~
-0.66346928445141
-1.73325632489756
-1.11190162886772
-0.711612846564369
-1.51063403712621
-0.958133054285223
-0.856043655242205
-0.842767112642696
-0.452619657490052
0.906871941561498
0.215540998060853
-0.530275047254828
0.559855566082966
0.961407696485407
-0.169027668556525
0.444183443472184
1.21002994968342
-0.0338759030818864
~
-0.84632776938862
-1.71056580116643
-1.00162530041085
-0.850343757733414
-1.48130834308468
-0.836882158470709
-0.828902320442936
-0.844379114676812
-0.450481729255626
0.908462386049477
0.187420104310802
-0.527146636941872
0.563659156024171
0.923783256894566
-0.165834032698941
0.448724740973159
1.16923767134461
-0.0308177244469785
~
-0.897239678746828
-1.80060721011139
-1.02607002909262
-0.896999644985788
-1.54872156457734
-0.841294101484015
-0.873976217086409
-0.841521794900893
-0.418902153897953
1.10077403811468
0.0776394159647901
-0.490073703582302
0.725365553243538
1.0166671020559
-0.151452333744702
0.600229388830808
1.32967628055067
-0.0224499172288304
~
-0.631167996653486
-1.79536696580339
-1.12627075016239
-0.670770420805124
-1.58402192523804
-0.98524456886264
-0.78957756420264
-0.949986868070684
-0.515517970272275
1.06472235944744
-0.000340120690324401
-0.47395219592195
0.769698405491357
0.959896399234287
-0.237354881424667
0.671357087505997
1.27997520156742
-0.14293958628534
~
-0.885039082517356
-1.61011991752352
-0.941315482655117
-0.692821947617468
-1.51353980562163
-0.93779358630668
-0.796076774043158
-0.898455688310039
-0.484196885786185
0.978394922112435
-0.307663812395274
-0.445279407266972
0.875395076442174
0.692219536775715
-0.406005697837886
0.993184834955679
0.737429243094242
-0.580273459808825
~
-0.89985553293285
-1.49561699888051
-0.87346927340302
-0.703416239870947
-1.42036839098965
-0.885990321501898
-0.82806388101487
-0.832397184949899
-0.426856711886245
0.840587779742983
-0.489384883242156
-0.42800585341926
1.02641147464323
0.302318094422581
-0.790593489090832
1.06072148773061
0.530369196945196
-0.84578405392165
~
-0.854464929392124
-1.49767087538286
-0.893400388623168
-0.661411058022181
-1.44240135222058
-0.915680577461906
-0.717636826046345
-0.851860728977456
-0.50067616746274
0.698618173557707
-0.659700868614562
-0.13488268007546
1.02306870617219
-0.380789973931623
-0.986013740728255
1.08420631928024
-0.281734099336409
-1.15115332557582
~
-0.850173824952767
-1.49172967573064
-0.894512997235308
-0.660250928660645
-1.43370128187877
-0.916673420849165
-0.70488711169347
-0.844869147112868
-0.512471558872441
0.686051982949486
-0.648019409068712
-0.13651989114058
0.922868202011743
-0.955693689834227
-1.03155021988416
0.936068586446585
-0.95751252033526
-1.05429889948727
~
-0.847743619366456
-1.48423626388986
-0.887143051706385
-0.657652331869543
-1.43161320281849
-0.913152898750007
-0.696065119849289
-0.842027616690366
-0.515369082067183
0.667262178663728
-0.670456349976436
-0.181683374341506
0.738355148178932
-1.22231338705079
-0.631162012945746
0.797124563355709
-1.33548911269
-0.86820055866798
~
-0.850563741332486
-1.49169487737232
-0.886421959586523
-0.659028670261272
-1.44338635249512
-0.914742186970566
-0.690625529201598
-0.847987198108958
-0.521040094835398
0.669185653297761
-0.670673879416442
-0.173452537591994
0.688992261356981
-1.27703736968978
-0.586687321829235
0.694713127285098
-1.46003470132099
-0.683853274216908
~
-0.79896406732298
-1.43106482727979
-0.863886794109469
-0.63249797200572
-1.29185328910681
-0.845772792181999
-0.776223423675039
-0.733628491239098
-0.41005580032022
0.632014267565754
-0.755788806254963
-0.201569734328031
0.666406440944592
-1.36512966888255
-0.58236707578066
0.676145500177445
-1.54781847593221
-0.665945368212665
~
----