@RockOn
-0.601108729058949
-1.61744844012021
-0.864262925603249
-0.586443900755811
-1.43932517586203
-0.736654436153068
-0.564950525527553
-0.762794637012785
-0.276375244222809
0.764949993889054
-0.608587769450141
-0.620262033668565
0.703225143954018
-0.417998030936065
-1.22623472845604
0.646442025385315
-0.274832080390575
-1.46313784329161
~
-0.618903800958436
-1.62363915079196
-0.833684236875484
-0.603389042515322
-1.43423310558316
-0.70415213409699
-0.564434745054029
-0.765855918050708
-0.263649957790738
0.76346098135053
-0.607801194271229
-0.621736975754736
0.701746398922164
-0.413965299806407
-1.22572085924504
0.642746583016009
-0.257129228884572
-1.46812501813806
~
-0.630035792617091
-1.62712539283325
-0.803690273566398
-0.612151258378667
-1.43296041362293
-0.68019842078001
-0.563500827075661
-0.767219462927456
-0.252699021425109
0.732883040076831
-0.599550058583417
-0.570668869690346
0.707473941984496
-0.427643434733804
-1.18358046723579
0.6423169664553
-0.255301362049044
-1.46501831352429
~
-0.683812719446086
-1.59601844108915
-0.716229772424792
-0.616141581397271
-1.42560880010817
-0.64705412353211
-0.561654072952959
-0.768484725523041
-0.241751482914536
0.727517385932426
-0.565515465823748
-0.657409728602195
0.701573233074129
-0.399759372631697
-1.27091851555371
0.641867761329657
-0.252955390837378
-1.46122619827089
~
-0.685440987696025
-1.58784448206814
-0.706326485025646
-0.61737088762395
-1.42309028268049
-0.625301697039197
-0.560493181059248
-0.770520735193939
-0.232088477679146
0.72604768914137
-0.564181931936149
-0.658523367044839
0.704479587266671
-0.4037430626343
-1.27332743941629
0.648712795152454
-0.262589893337923
-1.43599748138775
~
-0.683997582402203
-1.58664964580232
-0.693984058953177
-0.617460691480742
-1.42319809693912
-0.609357775699121
-0.559414147583023
-0.772066162577604
-0.223174694200123
0.72436043581842
-0.563946437757059
-0.65776297385635
0.705610521252828
-0.40620426801566
-1.27315898722664
0.647567080379731
-0.2592167223642
-1.43918540109643
~
-0.680932721503832
-1.58503107837994
-0.678921817020419
-0.614164704504914
-1.42160251903947
-0.594566202757862
-0.558870245103574
-0.773631795284232
-0.215531315154378
0.720806132883582
-0.552164472567183
-0.608168579789872
0.706710812566273
-0.42279193896359
-1.23063370553767
0.646321142334105
-0.258711182317507
-1.43924357306538
~
-0.680844980490973
-1.58287856142551
-0.667915775178337
-0.611558450485463
-1.42028015788416
-0.584319407627455
-0.559357053784844
-0.774517664043084
-0.209426632700836
0.714958997973205
-0.544648774590046
-0.615649948560352
0.693848098000079
-0.38628513210645
-1.23058435070484
0.645058958312073
-0.258299241235232
-1.43942355311637
~
-0.679196734664339
-1.58672803320628
-0.662121989055091
-0.609873689697668
-1.4232105349774
-0.580134672716473
-0.559414684227793
-0.774757629968719
-0.205666643841445
0.769350851691413
-0.645685911966968
-0.384003256126811
0.694859369438308
-0.398024245387261
-1.1897676648044
0.644030722096558
-0.259271437828741
-1.44211441373641
~
-0.674387623619343
-1.58693483876619
-0.656142942185247
-0.608407629635755
-1.4213100400422
-0.575979808004935
-0.559426227620309
-0.773907242892972
-0.202877176744796
0.708087273552307
-0.532656356387409
-0.610935032090598
0.690080601963272
-0.384247627919434
-1.22943718283491
0.647487985753983
-0.266149683208192
-1.42661690205196
~
-0.674521888790453
-1.58712533330203
-0.654981525316465
-0.607513462288991
-1.42194691660106
-0.574889453633507
-0.559296322734212
-0.773176814787364
-0.201336336706403
0.74287512190701
-0.60539803030184
-0.609094239912886
0.689127988370466
-0.386043958100995
-1.21988342417145
0.647543231108426
-0.264639626572527
-1.43220376994574
~
-0.67708288999338
-1.58544879077362
-0.653331105962784
-0.607087803155499
-1.42121468274677
-0.574174960750344
-0.559250003710868
-0.772261430321116
-0.200649290276622
0.744238807281489
-0.609440982475177
-0.607993633912599
0.687680798748296
-0.382793867321857
-1.22373673590838
0.647371398227349
-0.262466776551649
-1.43568251645863
~
-0.676955775137984
-1.58498846225931
-0.653771312801866
-0.607314242572141
-1.42083848712927
-0.574449926040054
-0.559823289631148
-0.771761761618055
-0.200681042773992
0.736265270549753
-0.593529808838749
-0.598606715404336
0.686551176126215
-0.381942060516485
-1.22708231001927
0.64688716210862
-0.262488449963902
-1.4391661218135
~
-0.678362467223619
-1.58441078482616
-0.654934434320497
-0.60790915698765
-1.42086820992557
-0.57518922410196
-0.560630849251163
-0.77063417564747
-0.200419411062262
0.726350707465349
-0.573855681134265
-0.636282330149234
0.685899053200817
-0.378318657699874
-1.23919929479739
0.646535408605693
-0.261171541322937
-1.44327917684217
~
-0.67609037273085
-1.58385986447558
-0.65793040203816
-0.607516252111185
-1.42050700572451
-0.576498215705196
-0.5610424352013
-0.769845621516849
-0.200541723624568
0.735373421611197
-0.595373894327554
-0.627585793104125
0.685228922643219
-0.379880002108683
-1.23316701744638
0.645859659644521
-0.260489144303097
-1.44442332508565
~
-0.674146444687007
-1.58419360046783
-0.663191039501875
-0.607498292869881
-1.42145238958168
-0.579071116020074
-0.561911494272249
-0.769307390625619
-0.20082704437993
0.734027461868074
-0.593401031182339
-0.619450154237796
0.684360027632958
-0.379422492403519
-1.23476490752106
0.645475958667305
-0.260218568661579
-1.44592886832339
~
-0.670246572349284
-1.58359798950985
-0.668593283729252
-0.607381180629055
-1.42113847446517
-0.581182719384592
-0.562434274502042
-0.769234097832011
-0.201307652342224
0.737122977512866
-0.593265564955329
-0.598389779434946
0.683680900908941
-0.378650259636975
-1.23580049643516
0.64543166574412
-0.259409090381968
-1.44688132743059
~
-0.663410228219641
-1.58172211945941
-0.675443142816857
-0.606778104953703
-1.41957860114874
-0.583451151873158
-0.562491021529084
-0.768946645335758
-0.201958430092009
0.734712027272388
-0.591539019028305
-0.591985673536843
0.683303431816059
-0.377774948859192
-1.23651972948454
0.645825499706359
-0.258416253995903
-1.44698571342085
~
-0.65831049701945
-1.58136257286938
-0.681025774703052
-0.60525585432671
-1.41951372505121
-0.586556578424129
-0.562659493831706
-0.76901821004235
-0.202511671470704
0.73603410712477
-0.599304902770212
-0.587935204421297
0.683209846876249
-0.376890873931107
-1.23730096794772
0.646209147258489
-0.257416686265189
-1.44711269410884
~
-0.655330770740393
-1.57904523484914
-0.683336618044266
-0.603647305022166
-1.41703990603885
-0.588679173045923
-0.561968513570372
-0.768834130359314
-0.20393692324334
0.736475373537681
-0.603267357157858
-0.593173228003917
0.682735238358693
-0.375522443055038
-1.23704978360405
0.64619105833084
-0.256000881980315
-1.44690192986863
~
-0.654589005751462
-1.576895061037
-0.68382161271359
-0.60278288644366
-1.41480061620851
-0.589701177355908
-0.561762609960478
-0.768539590564222
-0.204453198437859
0.736374327606933
-0.605644303631083
-0.595011490484559
0.682204992133969
-0.374889209773404
-1.23644234661952
0.646243166402152
-0.255078328915581
-1.44683779297845
~
-0.654192507541956
-1.57672088819262
-0.684973239161955
-0.602201825156052
-1.41454539523858
-0.591289522089451
-0.560999890609391
-0.768672772493753
-0.205510894509677
0.736722668727953
-0.607545895243506
-0.595811566629978
0.68257325596093
-0.375094871342972
-1.23719013268773
0.646657062833699
-0.255276889298773
-1.44737920928495
~
-0.654084285114208
-1.57746940506765
-0.686583716775508
-0.60209990280019
-1.41519404888695
-0.592663209139905
-0.560885665780319
-0.769062787915276
-0.206257566777312
0.735321893716021
-0.61330261365441
-0.599049247041469
0.714109071920048
-0.433145902863762
-1.21034943462274
0.647918946708195
-0.255348275667183
-1.44827414545545
~
-0.652376791464629
-1.57665363363087
-0.688001807313799
-0.601726062156834
-1.41452649344393
-0.593322570432397
-0.560976958133559
-0.76932262778586
-0.206852787616558
0.7351810684771
-0.612990321764953
-0.599315253300776
0.697288843236935
-0.38906248763049
-1.22432849415578
0.649268904680919
-0.255951418997419
-1.44733199807822
~
-0.651575334270018
-1.57565040120743
-0.688999003302186
-0.6016851811331
-1.41370325436152
-0.593882074246568
-0.561191857393472
-0.76931634824014
-0.207233895045596
0.735102607644491
-0.612746773699343
-0.599400118372503
0.696064961218886
-0.387648914021791
-1.22518328617625
0.649194865564484
-0.255552363380292
-1.44740500203647
~
-0.651109126157649
-1.57544268171389
-0.689753399436662
-0.601639272553202
-1.41350485953224
-0.594541299330055
-0.561290552734168
-0.769424229317876
-0.207642284532323
0.726972967554094
-0.582343654148455
-0.545236695677788
0.695288158623118
-0.385942216584205
-1.22831116447306
0.649306480440171
-0.25533350986814
-1.44799168765535
~
-0.651085774040524
-1.57466448491367
-0.690139133849266
-0.601556888843941
-1.41290751612363
-0.594915806374788
-0.561332340599855
-0.769414145984114
-0.208122150224481
0.726146136452607
-0.581295425443103
-0.545056514262794
0.694321433445547
-0.384690557596574
-1.22929351975629
0.649169963413016
-0.254989488786783
-1.44777840307604
~
-0.650911214949389
-1.57459206455043
-0.690591265169849
-0.601496529738413
-1.41284601962785
-0.595436363788579
-0.561191085114955
-0.769763689120554
-0.208575462965586
0.72047981061131
-0.56300449496874
-0.590860443624096
0.693727172981853
-0.383665672685377
-1.23006805412713
0.652533990341371
-0.26155765993497
-1.43099625705671
~
-0.651407241886824
-1.57514375098837
-0.691830212496831
-0.601004403578464
-1.41373533863562
-0.596730825872763
-0.561378355271891
-0.770161984479029
-0.2090582238336
0.719774408992397
-0.560498570577007
-0.616447866311782
0.69219299231551
-0.381261325653039
-1.23242554363688
0.652407854159084
-0.259959994252777
-1.43296094839932
~
-0.651475632996072
-1.5752804090345
-0.69247859749391
-0.60097310980547
-1.41395518185883
-0.597388665489889
-0.561373435459574
-0.770251305008293
-0.209440918983603
0.711405457941667
-0.561130639272177
-0.595548713637941
0.691139739333769
-0.379049043375801
-1.23616119205635
0.652335237978152
-0.258261970240598
-1.4357252463291
~
-0.651393869871481
-1.57564345546761
-0.692937993662599
-0.600829240524878
-1.41427279721776
-0.59801577891121
-0.561401318825998
-0.77076485351637
-0.209843979668085
0.723634454580428
-0.590806429051769
-0.58934299900004
0.69099619933939
-0.378421838952773
-1.2372041764694
0.652542271091154
-0.25808943898332
-1.43641634176573
~
-0.651623645599349
-1.57639053592594
-0.693983567978543
-0.600900054127511
-1.41495363766388
-0.598954633928413
-0.561449528134306
-0.771222203313037
-0.210398444535028
0.718617636767842
-0.580190324317725
-0.604627192508878
0.713321392131923
-0.43783131410211
-1.22963202793007
0.652291139519948
-0.257605230063953
-1.4379914197669
~
-0.65259991934144
-1.57789082182061
-0.695007191334127
-0.601509388982673
-1.41639300163586
-0.600212088388785
-0.562090472945866
-0.771898192327104
-0.210954569503943
0.725068549233215
-0.59927732681758
-0.599616237083005
0.686643379881481
-0.374843121562147
-1.24748730571311
0.652135179125248
-0.258052187003328
-1.43944385850058
~
-0.652263895451986
-1.57738597549958
-0.694960564378406
-0.601515990295251
-1.41565487744503
-0.600474274224249
-0.561941791106576
-0.772499546333039
-0.211268803606091
0.726090733899732
-0.609576328381317
-0.598658863213325
0.686702366332707
-0.374788534119118
-1.24795221799659
0.652304394989975
-0.257052576476518
-1.44139309025868
~
----
@Thumbsup
-0.919219086277093
-0.0979705772892186
-1.19296501274024
-0.942539380790255
-0.387423211253455
-0.945871087955533
-0.813266714499951
-0.627609834910811
-0.334863888232734
0.768343554285158
-0.7688311221265
-0.285265831707501
0.801716712475263
-1.49606708204804
-0.686416871112309
0.743341023016611
-1.67804435730932
-0.785898422284111
~
-0.919824514942043
-0.0970213911610922
-1.19051218988177
-0.943037864696228
-0.386510195903331
-0.943789501580983
-0.812975612253133
-0.627074679381437
-0.333560837853988
0.767916408933605
-0.768237630374689
-0.286493465137246
0.80140407437746
-1.49010475479583
-0.684337472736569
0.743898703968812
-1.66964959997299
-0.782329183733225
~
-0.920740728289095
-0.0961649499539378
-1.18806776534691
-0.943133096921122
-0.385306627130249
-0.942391181864944
-0.812580036825219
-0.626130310661511
-0.332707651019238
0.767550429403748
-0.76775731572473
-0.287245150886991
0.80241302993971
-1.48417424796458
-0.681443763370303
0.745717668791087
-1.66216937606778
-0.778210790450875
~
-0.921207866063554
-0.0956991625147827
-1.18655063138798
-0.942969440713126
-0.384759211528101
-0.941618205627096
-0.812064672052526
-0.625547211886198
-0.33221542136847
0.767389110593507
-0.767181475570903
-0.288086901536458
0.799755633455731
-1.48899950821194
-0.686648597077157
0.743619607548183
-1.66597499300876
-0.782221316254506
~
-0.922318261013265
-0.0952750899113297
-1.18499639045911
-0.943568365943699
-0.38448309422093
-0.940657857344924
-0.811807317362881
-0.624479534880889
-0.331111839514363
0.767316297953657
-0.766870195061474
-0.288502732245707
0.798975632570514
-1.48066314817306
-0.684816356845115
0.743060757744775
-1.65715065686626
-0.77991176091142
~
-0.923656238671784
-0.0945858436628435
-1.18345066640185
-0.942084080389212
-0.375088040409957
-0.936790557927481
-0.811604234370336
-0.623800678558812
-0.330611378852399
0.767468209807785
-0.766576182361981
-0.289045778211879
0.799285477211842
-1.47881320967406
-0.683876167798873
0.743052255502886
-1.66058850062762
-0.782394266341084
~
-0.924883732542152
-0.0941818258853469
-1.18245316685613
-0.944238252396793
-0.377030146816193
-0.935644219870817
-0.811172036269834
-0.623579668659945
-0.329004713863603
0.76751536145435
-0.766322898455616
-0.289518477986495
0.799515911785129
-1.48632360451924
-0.688198398113292
0.744052702288254
-1.66157488762823
-0.78412292355023
~
-0.925426885115954
-0.0928716673788184
-1.18100092950807
-0.9442406955637
-0.376926696788951
-0.934436995064226
-0.810172130719157
-0.622295091896042
-0.327801033592694
0.767297128697143
-0.765629887356776
-0.289742671471255
0.798395560168439
-1.48694051517201
-0.689147473230415
0.743703605605775
-1.65983367632212
-0.784115677305818
~
-0.926020171243451
-0.0915611494825482
-1.18031059598646
-0.944423560525023
-0.376654911696793
-0.934101663584527
-0.809993042168114
-0.621547236114327
-0.3273833561716
0.767220942035896
-0.765409983282246
-0.289898715274991
0.796806092125256
-1.48972579060961
-0.691211636858769
0.742563494987504
-1.66123693408829
-0.785411168992497
~
-0.926686268615376
-0.0904732916058395
-1.18013277650073
-0.942969430371605
-0.373432937438071
-0.932212072214673
-0.809357187780592
-0.620978236039631
-0.326322033709239
0.767235419558899
-0.765385119573129
-0.290151760623382
0.798591080434629
-1.4824644059715
-0.686791896386993
0.742328269153853
-1.66190812409872
-0.7859215384081
~
-0.926516606166537
-0.0895281991663981
-1.17932129897864
-0.947058406157229
-0.304384215569225
-0.988943689752614
-0.861690251389375
-0.679441823464628
-0.447460982722416
0.767330954550498
-0.765389119712724
-0.290439835946291
0.801093117805954
-1.47133429964087
-0.679794765775359
0.742082984297508
-1.66076824020043
-0.785374768958437
~
-0.926355277026414
-0.089192147811892
-1.1790961957273
-0.94478503102754
-0.374557133131703
-0.933740453371915
-0.80466304032817
-0.614207584314555
-0.325974353122155
0.767173953508228
-0.765275680306504
-0.290583351007359
0.801369717214589
-1.46495389601607
-0.676733207517251
0.74166742064775
-1.66010798888498
-0.785236760011326
~
-0.926302479686797
-0.0887387595275694
-1.17869694501627
-0.945166906654645
-0.3751537381799
-0.933149591756166
-0.804506112924237
-0.614364295889121
-0.325360907234435
0.767033255178397
-0.765001759902623
-0.290772614044664
0.799426141403184
-1.47630860654739
-0.6838919680068
0.741326483319354
-1.66063516754832
-0.785701512125371
~
-0.926643943852169
-0.0883522482057908
-1.17852340448039
-0.945352484910955
-0.375068722139641
-0.9334875275477
-0.804843395610159
-0.614225596473612
-0.32539012656303
0.767292304528294
-0.765030743477916
-0.291097329745731
0.800412101094244
-1.4740886370665
-0.682471404716716
0.744357496022196
-1.65225562581483
-0.779989027565377
~
-0.92624103419757
-0.0886970444503304
-1.17773650945017
-0.945600539346366
-0.375182058863582
-0.933353467697336
-0.805167778276527
-0.613939262189221
-0.325032872661902
0.767016437610795
-0.764891951458491
-0.29158644967847
0.798603090122159
-1.47964989955835
-0.686314604186259
0.743209228499606
-1.65544687605966
-0.782160569524327
~
-0.926486956149355
-0.088602446106426
-1.17774702860742
-0.944160785809986
-0.372296332804396
-0.932546180193756
-0.801625388977438
-0.604530147840024
-0.321800651718254
0.767108306648099
-0.764894380540635
-0.291877179105094
0.800000893885756
-1.47648657848992
-0.684062085728176
0.745187413953423
-1.65095452906198
-0.778820158028481
~
-0.927026497505738
-0.08859413278395
-1.17740268456154
-0.943987792105086
-0.37052835834592
-0.932481879048716
-0.803404568255144
-0.606041578376863
-0.322091956707735
0.694016134132722
-0.746042758561338
-0.349125594522387
0.737095584991854
-1.33803821289606
-0.662295276283135
0.752978732151299
-1.57604500215576
-0.766901921642648
~
-0.926961334595003
-0.0886046258412588
-1.17665619142523
-0.944058410880076
-0.369373329292725
-0.932578698718693
-0.804020975816696
-0.606848145810637
-0.322641371938409
0.693844924830493
-0.74592672719969
-0.349706115319185
0.737370029321464
-1.33530654633701
-0.661386941476851
0.753019839633752
-1.57321901341208
-0.766383248521325
~
-0.92712945458863
-0.0880728087949073
-1.17670361016848
-0.944074892474026
-0.368731863627257
-0.932248840411158
-0.805501158341804
-0.608445899413402
-0.322582517937816
0.69392466159614
-0.746219194233373
-0.350402581148104
0.736549909855828
-1.33898302254649
-0.664280814068454
0.752678534294862
-1.57697548443051
-0.769233692135231
~
-0.927251041136182
-0.087680149803334
-1.17644051389665
-0.944279719549041
-0.368051494336704
-0.932504448731729
-0.8059319608603
-0.608519186514636
-0.32292239301342
0.694001964721053
-0.746291570589417
-0.350798788704304
0.736361326137513
-1.33999660541039
-0.665316220807724
0.752550644458521
-1.57800418780988
-0.770321841594346
~
-0.927397588717823
-0.0870975250697025
-1.17639534817466
-0.94453615403108
-0.366540103784375
-0.932374472080534
-0.806270751754974
-0.608484097849096
-0.323180397389067
0.693754010136385
-0.746351495659004
-0.351397496393421
0.73611691461357
-1.33693841356764
-0.664559722333074
0.751853672855196
-1.57490795792286
-0.76985000827576
~
-0.92745123389086
-0.0865670287841866
-1.17631842043876
-0.947355134982171
-0.368775592261786
-0.933156204823723
-0.80643071285812
-0.60839778846648
-0.323473205510288
0.6936241135458
-0.746486540584329
-0.351823318204319
0.735651642838997
-1.33625640145819
-0.664608835012332
0.750823309269274
-1.57420813853687
-0.77010150155998
~
-0.927727733681891
-0.0859341107427551
-1.17612168955191
-0.949017502329001
-0.36955060865978
-0.933173218783761
-0.806823936373487
-0.608620122748132
-0.323257797955195
0.69375662426781
-0.746514788004955
-0.352138426616045
0.73582837748893
-1.3387038098006
-0.66602556090612
0.751011633153728
-1.57671346620292
-0.771600421756175
~
-0.928311989896663
-0.0855006956458395
-1.17526416427478
-0.948778675181097
-0.368506631962092
-0.929926240413603
-0.806782577210392
-0.610618635104921
-0.321061204062342
0.693712606624434
-0.746429300819365
-0.352542883630255
0.735701215867323
-1.33911927491396
-0.666631137696463
0.750791732952397
-1.57715140887125
-0.772270490615525
~
-0.928966074986131
-0.084518529473988
-1.17435579594339
-0.950681796256983
-0.368691305919605
-0.929735663796143
-0.806998514772646
-0.61034798462319
-0.320972269468883
0.693555388444997
-0.746144396501762
-0.353297942859147
0.735959262217247
-1.33653874494355
-0.666275098700267
0.750661266116587
-1.57423033828023
-0.772785975012016
~
-0.929308383242668
-0.0837174352813662
-1.17374054726316
-0.951584474321368
-0.362941070930922
-0.934270930219268
-0.808179629894556
-0.607878553067283
-0.326741731918776
0.694045425824718
-0.745870493230664
-0.353295323868948
0.736980953431038
-1.33583163848175
-0.665744527387624
0.751919242780239
-1.57352367259601
-0.772251268883721
~
-0.929641463805546
-0.0829627798441395
-1.17308165855521
-0.955007475391406
-0.366310325791181
-0.933788361613843
-0.802826555997373
-0.599673597893599
-0.323584476257454
0.768252162597637
-0.76555194780832
-0.296079636085105
0.800127198520653
-1.47890430682655
-0.688765043185095
0.780584873022377
-1.70550722764579
-0.816594394914592
~
-0.93023974906879
-0.0825591361633006
-1.17244063746049
-0.950397093976688
-0.267748427370539
-1.0117563954401
-0.887517860670131
-0.6531990018051
-0.471206512084085
0.768207357089324
-0.765763892873307
-0.296534433644197
0.800842127262021
-1.47582451542653
-0.686926475723389
0.780974497927378
-1.70233136789285
-0.814971750278324
~
-0.931158471334477
-0.0824332212393392
-1.17155782237306
-0.965482577201249
-0.344731886241492
-0.971789999458808
-0.824393959012459
-0.602191870367651
-0.36847904201992
0.768342364765519
-0.766095320306501
-0.296897609883143
0.800154980661269
-1.47452969190743
-0.686752860388195
0.780829722480077
-1.70118673383848
-0.81480777080268
~
-0.931772758274825
-0.0822993274284551
-1.17120141251268
-0.96641601547607
-0.344859081947177
-0.971923397138248
-0.82445705891819
-0.601993789888795
-0.368361163006709
0.768418182728618
-0.766413027587102
-0.297211102959643
0.800558737561189
-1.47181897858668
-0.685047777447932
0.633530047861564
-1.56621445328024
-0.706765484106815
~
-0.931905492934384
-0.0817564683972274
-1.17111747693259
-0.966597176753255
-0.345181544721843
-0.972025723702283
-0.823904381618143
-0.601706195336613
-0.368195423026899
0.768448683678359
-0.766643179577202
-0.297770111140175
0.793930483702806
-1.48032495673172
-0.691969791442486
0.777057910631323
-1.70747853314895
-0.819930746500118
~
-0.931575514661016
-0.0814311079872869
-1.1708289030438
-0.962485283177512
-0.354600823399665
-0.954429189110519
-0.81583371267865
-0.606389241300153
-0.349491716802038
0.694441135119581
-0.746200551342608
-0.355799130656226
0.735214762560884
-1.33502044673124
-0.668080628269314
0.752202980396842
-1.57278965340737
-0.774939663153241
~
-0.931596231734238
-0.0811762937538066
-1.17071439547884
-0.962803754713715
-0.354338844176899
-0.955493968872501
-0.815916824188065
-0.605732575567074
-0.350325186719411
0.694456584654324
-0.746106710614467
-0.355932306530933
0.73510799849897
-1.3345255150605
-0.668092011742881
0.752110698495738
-1.57231674919156
-0.774934881074764
~
-0.931572741835238
-0.0807858830064821
-1.17055413084733
-0.952569695398359
-0.274965522611034
-1.00315019625128
-0.883614339052617
-0.657432436576411
-0.459875945076002
0.694494379946233
-0.745985019754513
-0.35641572847773
0.735483215599737
-1.33370970091605
-0.668192851216228
0.752534723574097
-1.57135315315789
-0.775338364008106
~
----