@person
-0.796451580984816
0.103998722931115
-2.49394569744165
-0.80837379779447
0.00148161537435707
-2.17966129540222
-0.844140457448153
-0.306069679621748
-1.17848747021914
1.17012134731956
-1.04915541566363
-0.203713769779517
1.19840390598624
-1.86403898072707
-0.827723641835452
1.1463463574168
-2.09170884017599
-1.01112058596037
~
-0.745365624532749
-0.0242645543267629
-2.5775869814893
-0.771540961312758
-0.0974027689867772
-2.24723924774959
-0.850066971652782
-0.316817427169262
-1.19633036871006
1.21932647944485
-1.08037606707958
-0.201511060162095
1.24455183383543
-1.9144475198192
-0.844612164118634
1.19002066886788
-2.14726394285842
-1.03387019078273
~
-0.720872606882152
-0.151864149129986
-2.61946429600976
-0.753883653140055
-0.194908786028834
-2.28076650378337
-0.852916782338604
-0.324042658424736
-1.20412961597025
1.24232489359574
-1.09741896405596
-0.203505409267294
1.26590705890986
-1.93963378081313
-0.854850428585631
1.21116042664886
-2.1747906879998
-1.04697196762898
~
-0.765325584484404
-0.420192520557251
-2.65669359033024
-0.787976846491702
-0.398124661953153
-2.31155426975988
-0.855930642190375
-0.331921086140858
-1.21494065954035
1.26452790701167
-1.08606129003586
-0.180227786743821
1.2881832220587
-1.93339020357395
-0.843556982019243
1.23447182762178
-2.17165250567536
-1.03769270179299
~
-0.739113521026264
-0.452259639930674
-1.96709177706254
-0.736159158829406
-0.323205231612301
-2.15695655605933
-0.513460726950952
-0.301516812268166
-1.08456226687931
1.26158137380252
-1.03096375433464
-0.136038478397215
1.28383695969135
-1.92208453155475
-0.836763233067413
1.23124523700619
-2.1590978704279
-1.03093352344069
~
-0.689170557901794
-0.577909868031339
-1.69974209915462
-0.721607345975404
-0.641287973754835
-1.68370715179533
-0.22098137127335
-0.698844926682631
-0.634663353495523
1.00690043391005
-0.95037597065909
-0.168683398760959
1.02681909210479
-1.71357916527513
-0.769733069635671
0.98255711991258
-1.91580958368723
-0.935551014661053
~
-0.658398534146563
-0.676118894326866
-1.6409249186941
-0.141868338673276
0.135811883363234
-0.861591646604128
-0.887728319393893
-0.31067056828286
-0.783208593320104
0.99359287134807
-0.97930649998576
-0.196497097014013
1.01246360050371
-1.69271755459024
-0.762164317813964
0.970616641094022
-1.89205824830932
-0.925292984977484
~
-0.623315299690877
-0.692982908847816
-1.60116370376725
-0.547870730953364
0.403848471786547
-0.517393303011652
-0.753036989935658
-0.347394649839946
-0.829864769861346
0.989989914267322
-0.948929819650485
-0.179150068344503
1.00773386999929
-1.66735887315999
-0.747255112992459
0.966684682322119
-1.86376212852088
-0.909238019871295
~
-0.598086167354562
0.0375211753415099
-0.163011601144019
-0.645108440198497
-0.0784391538528728
-0.418480441078113
-0.786175250767887
-0.426320133473609
-1.13451788707425
0.988797329164177
-0.90457172853529
-0.150397101637262
1.00624736982871
-1.65089513346477
-0.738990851265315
0.967721779218685
-1.84610723966182
-0.900596481489922
~
-0.580742566763577
-0.0134558771492442
-0.153712923667713
-0.620577728212359
-0.11455529529205
-0.411068703652548
-0.740083208646903
-0.417853534073258
-1.13365055598438
0.984033257975703
-0.874992377747548
-0.138772217456846
1.00233949107408
-1.61826109214251
-0.725189553593473
0.965089620171862
-1.80907580152655
-0.885084501767117
~
-0.652982931600716
-0.00569323991379414
-0.139367531205112
-0.659580809334066
-0.115812997455019
-0.394223239310339
-0.67937445031545
-0.446172254516026
-1.10957548750846
0.984235267797638
-0.903122934597011
-0.166061113480445
1.00304579962183
-1.60758660808642
-0.721353959113793
0.966176474979152
-1.79674446053735
-0.880986571133423
~
-0.654167789946628
-0.0309502752729173
-0.13356165647158
-0.654998362812754
-0.135429648410236
-0.391688211748154
-0.657490081411132
-0.448867720982293
-1.11669412916067
0.984888855642592
-0.883948444844647
-0.151763515668082
1.00546680915091
-1.61260843632776
-0.724607715832007
0.969458044772203
-1.80157394714577
-0.88607221140975
~
-0.765844748674492
0.0178246990683251
-0.146053775366219
-0.725430217753394
-0.102628806647073
-0.394453224170422
-0.604186613251717
-0.463989339444443
-1.09014802575961
0.988016902563787
-0.872123726650032
-0.142715692412722
1.00830996777467
-1.61627031399252
-0.727104083705342
0.97266610330716
-1.80600339312196
-0.888824561677463
~
-0.660644328682174
-0.0831866367728937
-0.130067729430808
-0.675630261444747
-0.166338790087221
-0.394164037920995
-0.720588051952668
-0.415795250030201
-1.13723262277464
0.978083740527671
-0.86675792763944
-0.142508431985112
0.995983370186343
-1.60645786091944
-0.727057142750462
0.964855224733291
-1.79779266466307
-0.885460755570585
~
-0.586563753102175
-0.0716492830363151
-0.14168399137206
-0.622082369131976
-0.158394847946044
-0.402886109792111
-0.728638209431244
-0.418631519304824
-1.1371977346179
0.979777903427589
-0.861651565379612
-0.138082829897156
0.995643729445241
-1.60887468527127
-0.731101341185069
0.968366913083292
-1.80280991926739
-0.887374199578851
~
-1.10883819658021
0.183158645780969
-0.285916834890624
-0.953255884484291
0.0221194559943667
-0.449795488556499
-0.486509018322516
-0.460998097781887
-0.892117603055433
0.980508233149664
-0.892509183690632
-0.159547422866357
0.99606772662717
-1.60670311176182
-0.729846673538732
0.970385530161106
-1.80059544203015
-0.88670948630674
~
-1.05026157171855
0.161349634416516
-0.2512126343576
-0.909119511174081
0.00487814993472059
-0.427602147368155
-0.485693375845629
-0.464536288075681
-0.907923037535517
0.977854303164578
-0.869448607960786
-0.144747302318546
0.992062267484568
-1.58842676101034
-0.721854184449392
0.966811621840674
-1.78003800807631
-0.877908538494222
~
-0.351431304774653
0.317992533990654
-0.117633986035058
-0.443497126129986
0.133766350186935
-0.298052859687097
-0.71969455942089
-0.418912139674032
-0.790613431698003
0.976854434069016
-0.871584618142122
-0.143396433892011
0.989628560665518
-1.57792956052951
-0.716142132456157
0.964934870321438
-1.76793463019629
-0.873026675157831
~
-0.691706989407007
-0.551341725233689
-1.26601778777746
-0.46137049639525
-0.649997513105713
-1.52900607984279
-0.733567035552996
-0.427396660807183
-0.763799952403206
0.948173151417285
-0.829533116263497
-0.129124072288268
0.959502616908097
-1.52640179778476
-0.694907443699901
0.936818755445091
-1.71074508846142
-0.848488318223256
~
-0.726413846919907
-0.907540274325579
-1.71092972556153
-0.730772636214942
-0.796837806157946
-1.47447978468257
-0.743848989409498
-0.464730401655046
-0.718643182680141
0.930503379773581
-0.799761519604201
-0.123302142365586
0.942027353070174
-1.48822361178118
-0.681561881642561
0.919307182049357
-1.66840157360618
-0.832602369702529
~
-0.756734472050815
-0.737135936961138
-1.15602363888231
-0.748020071964263
-0.815416582286679
-1.3925162013939
-0.740160105343528
-0.550520519553043
-0.623184042728956
0.922072578188718
-0.782232627023478
-0.128233902009978
0.933678090557802
-1.45494842096431
-0.672776405594956
0.912893267050962
-1.6309808584889
-0.823039173745525
~
-0.784029026863108
-0.899229222284077
-1.12726252382953
-0.777816410235989
-1.01744636389061
-1.19558149211649
-0.746116683637963
-0.59647079262764
-0.526252526173071
0.912649436516484
-0.762017001660268
-0.138474920884897
0.923088339903409
-1.4200455249156
-0.671253813902399
0.903121892024958
-1.59211176011703
-0.818296799184448
~
-0.811838194401811
-1.13295898276324
-1.12318575396843
-0.815017923318481
-1.09933590411211
-1.07409550345536
-0.763913691076482
-0.633240214518774
-0.442064118806857
0.909489459888544
-0.768481966265593
-0.153969435422886
0.920088650397097
-1.41480799897334
-0.676910872515296
0.899486950326837
-1.58648879524431
-0.823023274671434
~
-0.830357769411436
-1.2332247246329
-0.915901229732594
-0.846991228637675
-1.22922574933695
-0.914213012756301
-0.766406238078769
-0.685113225210791
-0.353863016925064
0.908505716169842
-0.780625437980758
-0.171907317620962
0.916777820686666
-1.41516523723756
-0.68623504080861
0.900655552563513
-1.59073594943033
-0.829008148894959
~
-0.905384272947489
-1.60231641379925
-1.0147070314564
-0.87117129494012
-1.40951181227303
-0.856852372303452
-0.768532389275886
-0.831097950978629
-0.338453692468628
0.905185516170513
-0.789517768089219
-0.189457351799679
0.913186859776206
-1.42141009458743
-0.700374090804161
0.894335227357197
-1.59791617958623
-0.841544112650638
~
-0.864478043327119
-1.69329543028207
-0.854814308244006
-0.835639590783173
-1.50705667247956
-0.733665557957107
-0.733940482351762
-0.894803057183926
-0.276690063238748
0.891611817678398
-0.78624701956353
-0.214455154944963
0.905599797415835
-1.4073081076206
-0.708615652036735
0.883354997617181
-1.58198321476462
-0.847134202308513
~
-0.858076818223714
-1.73876410505082
-0.719466883151408
-0.805123052536181
-1.55500443421778
-0.604932283060003
-0.702962749159537
-0.916481748072488
-0.197959516561447
0.890507860107771
-0.784568277273811
-0.22227469533221
0.899879033095062
-1.4030714959827
-0.719281233626426
0.871576182856809
-1.57523576971184
-0.858019444264446
~
-0.819392067918734
-1.76453882974978
-0.597423205206331
-0.766790677110041
-1.56668391264342
-0.511551931162502
-0.683345428734841
-0.911014082463127
-0.138344112711458
0.880666507787399
-0.809020324655892
-0.262145437943754
0.893595529608141
-1.41010918332693
-0.734807373006223
0.866230541412917
-1.57967440384074
-0.875470648598056
~
-0.809173449641789
-1.74986435203983
-0.538043009448502
-0.748900474270328
-1.55332883255536
-0.454909448811186
-0.669121261380822
-0.890353312964889
-0.0974553064152258
0.876037998206796
-0.803851605478419
-0.267197246867711
0.88473337558886
-1.40515613691902
-0.748542775256354
0.863566609189376
-1.58179340779516
-0.880911529488741
~
-0.797951238888116
-1.74524910058318
-0.524233398364755
-0.735537973396858
-1.54959404201585
-0.441539992577298
-0.663466231994178
-0.882844518749445
-0.0923460865412406
0.871959592345466
-0.798198449845697
-0.274205564387003
0.86843691288527
-1.39620792051975
-0.764536458718565
0.870014304884354
-1.58366391241992
-0.882316688027771
~
-0.782159822792754
-1.73325916049837
-0.524994382203981
-0.718016646150088
-1.53858632060839
-0.442984435140655
-0.657351706253492
-0.872982453733801
-0.0930747671425997
0.864125787317958
-0.813396977111291
-0.305720748678903
0.860616034708225
-1.40614302628884
-0.784286607723498
0.855341061841885
-1.58779366066459
-0.909636716910645
~
-0.759280778306855
-1.72441290150842
-0.544140438963187
-0.694103589862547
-1.52977125455856
-0.462702210845275
-0.653228393467538
-0.868879401732211
-0.0982089983850896
0.861492811232222
-0.815356333372363
-0.316881458162447
0.853256755936459
-1.40930447226553
-0.794764834774388
0.845375594236007
-1.58895501966929
-0.92294119889491
~
-0.737498058653464
-1.69900120595127
-0.568596711227029
-0.671928640595439
-1.50400406356355
-0.487042791889205
-0.647860809232258
-0.851146834615512
-0.10073734594002
0.862393722444048
-0.818423369975853
-0.325289583955677
0.854398316306792
-1.41401543737516
-0.804196824014039
0.83370679776356
-1.59344697595854
-0.932065843612137
~
----
@people
-0.836820440780436
-0.103083446490921
-1.54790693920755
-0.831138112017077
0.0641843632321139
-1.71644738131586
-0.650290537171815
-0.167205202879458
-0.913662447701599
0.932094275237361
-0.846396410398629
-0.213137685924628
0.940215562370289
-1.56452156063604
-0.799423141244863
0.895108843108026
-1.75017826526885
-0.939017922285413
~
-0.836095635135378
0.107573985668869
-1.57758101632392
-0.985305800222049
0.251414540134219
-1.65263743308712
-0.782612467378778
-0.188649099913471
-0.917495377066808
0.946534925708246
-0.847365938667721
-0.200805729987647
0.942415858249049
-1.58136410886239
-0.807903553021495
0.903946732765021
-1.77391953960285
-0.943757786715016
~
-0.821271118326038
0.256213001810006
-1.56463873321537
-0.799343009974123
0.411709644723906
-1.84556458582174
-0.83022781187749
-0.00142440279493533
-1.08445959793896
0.958318713381886
-0.853047262333938
-0.193301173359604
0.952515937881272
-1.59471660028324
-0.807801834592958
0.914772165179528
-1.78508749277184
-0.950217480646335
~
-0.805915862232066
0.361116932821691
-1.58601960123528
-0.778999396646914
0.514598778696087
-1.93546514351901
-0.828540465567404
0.130150601144044
-1.15429983822162
0.96553487706993
-0.855922125794601
-0.188475700249407
0.984267788494645
-1.54175105545615
-0.737069168980948
0.936934689100868
-1.71656931185946
-0.897582563493862
~
-0.799787039818258
0.41630709974835
-1.60290652725546
-0.771246364878171
0.600458455788857
-1.99199667388494
-0.834572037173347
0.205810758224909
-1.19859321879129
0.988978175421844
-0.866670785770613
-0.18343000383992
1.01012596212943
-1.57522627347318
-0.752261889707649
0.954781520022344
-1.75192465019389
-0.915097527937288
~
-0.784321271883821
0.455308299139311
-1.62671426194156
-0.76095668431662
0.635534052883897
-1.98744094133744
-0.832199719278057
0.217477994663176
-1.20323406950542
0.994187166257655
-0.872862992746723
-0.182606368220347
1.02207481068731
-1.57232817671229
-0.74351657458494
0.964549694040937
-1.74933218028521
-0.906880173972617
~
-0.787182836859912
0.447555692318506
-1.6500576157115
-0.74492057566131
0.519896486846524
-1.84229962362339
-0.856918022807609
0.0306194989395895
-1.09402087333751
1.0141328007746
-0.887432730859757
-0.182916536501974
1.04241128394918
-1.58579198169007
-0.744310812743734
0.988527410018979
-1.76684411013047
-0.909509930111304
~
-0.797773899398664
0.341560304590658
-1.64778106600055
-0.759769798012901
0.530843431649929
-1.95701296746071
-0.853822717448818
0.0181389967191872
-1.09998990792995
1.01445742129626
-0.88518975073252
-0.180514444023668
1.03975503524717
-1.58285215530533
-0.741434189128853
0.986427026563134
-1.76454276622677
-0.905963000057821
~
-0.80698898038671
0.22929722487051
-1.65143161003932
-0.795556460575902
0.285339612065617
-1.88403898991014
-0.859206074715406
-0.0895039339586569
-1.0640676313031
1.01390373293007
-0.882154445538128
-0.178772370143741
1.07337340830759
-1.56940119214889
-0.739947377093628
0.99378406899544
-1.82359307769693
-0.949629950745412
~
-0.81521140771925
0.0411451992386948
-1.63791745966752
-0.75943690160853
0.138571132540074
-1.91087492756134
-0.869594020475884
-0.181915634702845
-1.06748695584215
1.01760930296846
-0.898569466524723
-0.189240695665955
1.01656650423296
-1.66978433944832
-0.823937047819385
0.973286781853721
-1.8607677112134
-0.98195680480761
~
-0.841754406728773
-0.0393724654561783
-1.82968549860197
-0.788899476567552
-0.0390443433908207
-2.11538737566614
-0.852029276692527
-0.276979632551881
-1.180601212314
1.10375570435265
-0.966625925583158
-0.203508819019673
1.10543796006336
-1.76879562206119
-0.860026393571622
1.06073705907023
-1.97195877209921
-1.02732793243757
~
-0.849783573745058
-0.240947240177151
-1.95330904181757
-0.741365490339168
-0.235997420365542
-2.27210786722774
-0.871344462807384
-0.299134825641131
-1.25033686748338
1.20224341376418
-1.01856977951795
-0.205245241678544
1.20870718197468
-1.87840205044959
-0.899951547666957
1.1592814244485
-2.09361847338874
-1.07951251748072
~
-0.793306127012434
-0.401641793753532
-1.96098040826494
-0.775146448084828
-0.416729446283556
-1.93204391146025
-0.143930564347081
-0.833323546689424
-0.752303766035199
1.24107860396163
-1.02520544686536
-0.192709820005436
1.24887757496913
-1.90717081088365
-0.902815935966208
1.19878896279504
-2.12785360162991
-1.08688227909466
~
-0.733303035304088
-0.615533920844036
-1.75854344278498
-0.736347146488302
-0.612946471103923
-1.75948946692668
-0.18494326913371
-0.788921564891363
-0.711010994124877
1.07336358778041
-0.948341305739138
-0.196214753184882
1.07978812367834
-1.75848622808685
-0.848188110759458
1.03383098852869
-1.95783167862982
-1.01531366468914
~
-0.658100177696167
-0.707551867136944
-1.64469088863483
-0.139007281454784
-0.131856750055303
-1.33415363964351
-0.860144480518287
-0.2799902122228
-0.836456658262392
1.02985392434267
-0.900400800244738
-0.186887311554555
1.0343033322799
-1.68296638259301
-0.815493755856432
0.990697731355657
-1.87283232079213
-0.974393202067212
~
-0.722698026343663
-0.514740993876116
-1.40626569347334
-0.62284492374555
-0.538886203399403
-1.65838505418162
-0.784323520271313
-0.320312555088696
-0.821355480589595
1.00361647960006
-0.875926228049619
-0.187628859484653
1.00901667783745
-1.63103814507878
-0.792649413167129
0.968884792950833
-1.81502134220134
-0.946697483631418
~
-0.706366212722489
-0.511196579689801
-1.39337545468641
-0.755087380226945
-0.523297031941899
-1.66951720269223
-0.698097289616298
-0.35463843048801
-0.820059751595691
0.992214001009688
-0.859735821555352
-0.186945073039164
0.997757265829129
-1.60513567929411
-0.783321333125587
0.958792785056266
-1.78730549982675
-0.93381692283455
~
-0.692754643983431
-0.490419161386884
-1.9245213726361
-0.703163131551413
-0.452602632456514
-1.65706990761743
-0.734388594255358
-0.339153014486493
-0.806890802121808
0.983959786941028
-0.840485391088518
-0.17933561771441
0.986300076119842
-1.58567137918065
-0.77564903284658
0.946991449148687
-1.76568744548337
-0.924154941794517
~
-0.538447552183729
-0.872560668944603
-1.83049174287577
-0.64240110045374
-0.63863751375529
-1.63802789960983
-0.621451841758595
-0.338744153627182
-0.83699222873226
0.977768906033984
-0.842690580373849
-0.186432826303692
0.984716102637362
-1.58771628754256
-0.779327802278218
0.942650931995696
-1.7669423080608
-0.928134138717938
~
-0.747996512002089
-0.452632005480025
-2.21510285554617
-0.711379764532983
-0.42583940037268
-1.90753994643549
-0.601529513156543
-0.345461620927146
-0.92981437399828
1.14267285174541
-0.951290331521801
-0.197667453345872
1.15423297715725
-1.78682435230944
-0.863631705288274
1.10667265087562
-1.99426700350372
-1.03345899564119
~
-0.856863498232537
-0.254971490373338
-1.94283902074539
-0.801515742813122
-0.31162060343081
-2.01740579626503
-0.565932102551684
-0.293612244329863
-1.0114128174373
1.19563035334559
-1.06219488885544
-0.264391381065115
1.21341757358558
-1.87817103941076
-0.912025545515658
1.15975900546107
-2.0932596975568
-1.09170476187614
~
-0.852131404193988
-0.0771649605926454
-1.93851640471699
-0.864380969775428
-0.0232352748301569
-2.20935593329439
-0.725042976220299
-0.27347335221567
-1.23356788902747
1.16373221514588
-1.04561408190415
-0.26265107422688
1.18003103837639
-1.86208791156425
-0.916067920807116
1.12344129771666
-2.07202995966336
-1.09416976632622
~
-0.828637528172589
0.0919465163993786
-1.75374489378885
-0.821007871523817
-0.285537243884033
-2.00710441140944
-0.870904732419393
-0.220136931555511
-1.06360856917949
1.05782966805761
-0.933029133393445
-0.214909852431792
1.05502592616055
-1.74205468888117
-0.877546842995776
1.01065250771154
-1.93986258317561
-1.04232530013854
~
-0.819852373600519
0.208493527630021
-1.69064171035172
-0.777482335635239
0.270930199925028
-1.88900228194223
-0.8732078391738
-0.131905969025969
-1.06124775423301
1.03309586193729
-0.917221100991806
-0.208740563417518
1.02845524528654
-1.71366189070552
-0.865987696165328
0.987252748252309
-1.90676694160105
-1.03026428008951
~
-0.809682538548135
0.369600709277069
-1.72400459310279
-0.797147315780468
0.469760478404825
-1.90212591974447
-0.873250638888305
-0.0190813850396259
-1.11877246403867
1.03478037084461
-0.928215758086515
-0.212646047397434
1.05295113340275
-1.65040514367582
-0.790193525639587
1.00204268191458
-1.83090786525787
-0.967146246303782
~
-0.809547245959324
0.455226888483882
-1.72941206193619
-0.808806931016473
0.664629906584026
-2.07456977103439
-0.847606298502568
0.2274008717262
-1.25098078381441
1.03737307478946
-0.9383757322259
-0.213616627041246
1.06701956779912
-1.65491271515045
-0.788609315453259
1.01078535886349
-1.83537974304118
-0.965888272108317
~
-0.80932842713964
0.510236086072976
-1.722074645463
-0.813416927633909
0.687318022197701
-2.04240454051878
-0.848468624411399
0.230659686651633
-1.23885775172527
1.02525323661742
-0.93564582548635
-0.213224944905053
1.05703431944135
-1.64472706628727
-0.785602810635499
1.0019825806245
-1.81346332238806
-0.95375031724135
~
-0.807262139659341
0.508820365787531
-1.70524775650552
-0.815175107249738
0.674132514840689
-2.02299390154855
-0.84462716970701
0.228797193131717
-1.22545442176933
1.00708123995403
-0.926222057912138
-0.214062515649441
1.03632666322987
-1.62606592254751
-0.780536180262577
0.984034523171579
-1.79281439646685
-0.947619350032269
~
-0.817890172070278
0.443327051094874
-1.70753815623194
-0.803938415035662
0.564423534771792
-1.87412617550046
-0.892886641734824
0.0116839830818503
-1.15355353128953
1.01355318016001
-0.926011127760103
-0.211645474872963
1.03691423356293
-1.66776249185224
-0.819821891883005
0.980366112928785
-1.84350985769085
-0.99521750266968
~
-0.830161005688007
0.302895980903406
-1.69486358394451
-0.800344586669929
0.451590506350008
-1.9044599015787
-0.887591374929408
-0.0477447857930875
-1.14220488234266
1.01612687916556
-0.93218915913699
-0.217312990729421
1.03577760211531
-1.67002688709582
-0.822693006292612
0.982247774813727
-1.84654548136039
-0.998518281527732
~
-0.832541975914155
0.183469638353061
-1.72233040857045
-0.813528545145295
0.291521511172282
-1.91857788014581
-0.883601402546923
-0.12736103696553
-1.10711385649838
1.0130306433513
-0.930651661583071
-0.220232805410512
1.02242901713552
-1.68435958007205
-0.841271418327117
0.979661833121345
-1.86162818013782
-1.01826045747221
~
-0.839576214164386
0.261474982166396
-2.24309187357171
-0.839242018553092
0.130009236689302
-1.97740166623488
-0.838239448859206
-0.264387999741981
-1.12778667731588
1.04168396674319
-0.953081065805325
-0.226905827952542
1.04460983235147
-1.73220789621256
-0.87664105788801
1.01163275731819
-1.91737605518145
-1.05542463749366
~
-0.848870119099575
-0.0825805174030783
-1.93013568449868
-0.814537257288174
-0.143985860301482
-2.17372600768424
-0.85161895078106
-0.293402020080386
-1.18587120522991
1.12738445186957
-1.02549040675531
-0.248316008962596
1.1387898780302
-1.83414297389165
-0.92348273978669
1.09449302037137
-2.03296486148939
-1.10913846880192
~
----
@HowMany
-0.83426070914209
-1.39670039126146
-0.840388948043006
-0.765766622800119
-1.29748400636981
-0.673791825048289
-0.654534391710601
-0.811839488859254
-0.116162875014568
0.828592778746455
-0.78792841010229
-0.368327541964972
0.970850814367721
-1.14553174538633
-1.00253311627884
0.895448338117144
-1.20293145839389
-1.25946908788306
~
-0.980973656556346
-1.19344222053415
-1.11341906276853
-0.861007163788027
-1.13273787419668
-0.765580878417134
-0.660997891812547
-0.812777001764281
-0.126907021645875
0.835407236005117
-0.725331758270422
-0.348057845944554
1.0235864828629
-1.00958207248941
-1.0082655469919
1.07166324415558
-1.05354395673935
-1.27864772472596
~
-1.11770788088461
-0.819082509831187
-1.34330227092976
-0.925274614291826
-0.923338497342275
-0.818445326533075
-0.667964537483823
-0.779107455409079
-0.138824273189254
0.834655536154855
-0.643751946861056
-0.339190722896219
1.02472229905959
-0.874132334452984
-1.01709341768921
1.01924086172853
-0.680683575075409
-1.38901012875868
~
-1.03881776782316
-0.541485630094355
-1.13768281298226
-0.964284816879319
-0.728287560871448
-0.856437935317956
-0.674463978680942
-0.760755302722823
-0.180915854453915
0.815881585074207
-0.600435221173061
-0.372566183415567
1.05887700781128
-0.682026711063055
-1.0631620413593
1.04662894143541
-0.291662209422723
-1.50316831815283
~
-1.04833048463981
-0.137731394862959
-1.20083242403171
-0.999012001968501
-0.433262748667618
-0.964417327242116
-0.717638584628439
-0.667019381932006
-0.333832297147777
0.704012516408507
-0.663376443774223
-0.468451737673845
1.06836637884421
-0.506232942493014
-1.07863704583598
1.02862044174625
-0.0498344144739254
-1.41473605049433
~
-1.04280331545083
0.0824643896016709
-1.19121973025003
-0.986856616717443
-0.398252597150053
-0.973839286054618
-0.698974955918367
-0.60575511877479
-0.339873867040889
0.716462601013352
-0.607850669593162
-0.486028204403782
0.933235816301532
0.0180125211278769
-1.18692324266417
1.01753288987115
0.226799132483617
-1.43685454407575
~
-1.01652739840848
0.244831586150816
-1.1617154843823
-1.02002868946031
-0.201182212912675
-1.10565657375511
-0.749792080255873
-0.527771127620413
-0.5220235078392
0.662258955805058
-0.619381386999792
-0.52070620945708
0.907482897163277
0.0454780623887996
-1.16656773288425
0.984524122805615
0.361399937601863
-1.397441157312
~
-0.999753432728687
0.341685827285924
-1.13581545980423
-0.946002837554702
0.261764357782008
-1.08100384531181
-0.751777082224045
-0.534415436874629
-0.676397156640532
0.709202392927858
-0.594018477744951
-0.555332773662585
0.923230180675201
0.120482663411744
-1.16311201208695
0.960687229704543
0.420800601433233
-1.3487141721669
~
-0.990474391648184
0.378197443650827
-1.12425256490056
-0.865178572511378
0.154761214335816
-1.04773250082924
-0.794293695165121
-0.464228691679238
-0.686543586581197
0.685910756709173
-0.574057681263629
-0.547742235816819
0.919115827333582
0.112423349118046
-1.14421040923203
0.941374945281368
0.46025235326758
-1.32947054106608
~
-0.985695982564948
0.409372193492594
-1.1245741245236
-0.874223587994964
0.180560980719891
-1.06782165694945
-0.806073203356523
-0.448684404560795
-0.69708590139306
0.685836476828454
-0.546794168449958
-0.571220747244677
0.862381649138734
0.0444798088388075
-1.1022323880315
0.914624453610987
0.516266102170748
-1.33895423833412
~
-0.969835241579085
0.568240333435304
-1.17804470257333
-0.869773964282457
0.19871179057567
-1.09223660676083
-0.817533776265968
-0.448011284595093
-0.707849230396762
0.69230723456431
-0.546856424008689
-0.600040668557537
0.860383688691459
0.0446699998210983
-1.10525863701608
0.90287737181099
0.568418076664363
-1.33637681281543
~
-0.963805359437962
0.572663145834706
-1.18253268152246
-0.866739427117613
0.219062041486813
-1.10616154178559
-0.823479082850211
-0.450641849400919
-0.727362261813167
0.699467846853861
-0.554425288093733
-0.618603648782961
0.827507449373888
0.118118297197018
-1.14278923171896
0.881367695287727
0.628538198601599
-1.33824457871991
~
-0.943467357622665
0.562525542295838
-1.22140472011551
-0.868566261133911
0.214569054644366
-1.143147800314
-0.819441453654166
-0.464700273834099
-0.739836568535731
0.792313813703963
-0.400697790993653
-0.87824145566976
0.79789114375938
0.317577614996058
-1.25396091291984
0.816788978393833
0.662710413663209
-1.37148788073473
~
-0.933080611567847
0.626572445754559
-1.25814889629293
-0.877818449113526
0.214076444428806
-1.17274503506168
-0.821418302276623
-0.479091213817139
-0.74689459419272
0.789152696303682
-0.409484855779446
-0.897423302830338
0.718765005286907
0.297917824065495
-1.29344789051354
0.772272609992347
0.66269603694806
-1.38732239925971
~
-0.907997780555734
0.618533797318987
-1.27513477710513
-0.809343554403525
0.227134557915603
-1.22308579400818
-0.808416901027809
-0.466809604106825
-0.78071169630009
0.738973966661756
-0.383319807949878
-0.922796812285362
0.674164368640368
0.418653455902844
-1.31555582489704
0.702261886958349
0.667794393350703
-1.37812881440958
~
-0.856679531437342
0.58496425720127
-1.30443968391539
-0.794826205840037
0.26716626744492
-1.23072093497735
-0.804195382069017
-0.449498237923576
-0.831213819737131
0.694215576390757
-0.376079137788588
-0.947851473401144
0.634400829363188
0.404286253768373
-1.32586641689713
0.596520585411911
0.641005988610487
-1.40708335737051
~
-0.825456753704906
0.585847150751051
-1.35575400893864
-0.786926516756167
0.273976965226439
-1.27581136258721
-0.794729318120845
-0.465898718930591
-0.877806009618359
0.69016743508889
-0.393736299921339
-0.987692414201617
0.581133191917694
0.427563946902615
-1.3866053000245
0.551112599460186
0.629393995893255
-1.44935003369361
~
-0.784582929718349
0.578147937172806
-1.42550611435821
-0.749810452743484
0.268251236884291
-1.35904724980296
-0.78619349622107
-0.48324588502916
-0.913686344969555
0.688664793711123
-0.408854296328162
-1.02226483701891
0.48431848965943
0.635323476624591
-1.50274420214099
0.490501482487561
0.652830087236925
-1.50472211627879
~
-0.731469062313004
0.60176843051441
-1.46229046373321
-0.706302045588641
0.26276530459354
-1.38496067673725
-0.776857311023637
-0.494583455751772
-0.927194466357394
0.639945047633115
-0.477750965324865
-1.00769475989606
0.424197873354626
0.579248477546497
-1.5036524160984
0.404977263058244
0.682252996006176
-1.54759778382602
~
-0.656925072427133
0.535852034858056
-1.47030044612452
-0.506006947317834
0.0642921799914852
-1.50714066040992
-0.776132127371854
-0.558963070750931
-0.901999271856271
0.634305485758268
-0.542393519270494
-0.960382815962196
0.340804944472283
0.494334838119113
-1.50608236486212
0.432957416066985
0.582446201910464
-1.51827370116372
~
-0.302784191309477
0.227515814181907
-1.60401610082949
-0.316684656799775
-0.0920935253198234
-1.46922151411025
-0.780772115528841
-0.612333156942544
-0.879611147416282
0.615349199524369
-0.58544999145423
-0.930292349171087
0.291213567118253
0.436731407671902
-1.50053264536496
0.183168333547397
0.777458540713947
-1.67320753146361
~
-0.548283121360403
0.373315686652119
-1.56451026356044
-0.679147069941757
0.114309837778215
-1.37312158196561
-0.771497365652123
-0.635013665652545
-0.865965653917357
0.589358676129667
-0.6372585795339
-0.891199584510657
0.254346809064317
0.366782428739411
-1.49283281090231
0.1426761867092
0.701462810433125
-1.67594735495006
~
-0.592061661543144
0.36624665141937
-1.47227649926181
-0.674300084000028
0.084191139468398
-1.35554316181877
-0.757067526459706
-0.669907222853825
-0.852687943319417
0.583811883554308
-0.681754983928587
-0.8665407901749
0.22900016708226
0.306580371042006
-1.48656620187938
0.4364613936223
0.46029053594678
-1.43184775808006
~
-0.587706230680808
0.355432444465608
-1.46981289642579
-0.668225546046536
0.0659959081818388
-1.36307485852439
-0.743353404344978
-0.686299348242682
-0.855060931090872
0.57894816353195
-0.708013317224328
-0.858769483975008
0.205525194107505
0.269222564802094
-1.48721273384191
0.409257755542474
0.444668881700749
-1.437851220871
~
-0.598663641813968
0.314511628879803
-1.47865100907786
-0.671485362791737
0.0616688739574028
-1.37461091547652
-0.737077884496255
-0.689625960699173
-0.863177153598857
0.57511570990146
-0.7165267552198
-0.860749509391934
0.19922283548999
0.258917911940083
-1.49106329245238
0.401418082067782
0.441180433247253
-1.44340768841478
~
-0.607277350496826
0.299407507498294
-1.48449581356727
-0.678225358528022
0.0518119244733725
-1.38733549388035
-0.734587758525489
-0.694701083332027
-0.866829806851681
0.574161011704374
-0.722991622712815
-0.861501342865104
0.195766815982519
0.237028674811714
-1.51570734618823
0.399510874067397
0.416441538283607
-1.46455957387593
~
-0.618841655614434
0.332806341686201
-1.4685271049884
-0.617092894299957
0.00351398218890742
-1.47861436290447
-0.738130154250607
-0.660911312597851
-0.857225293751102
0.576378253723187
-0.681136477183899
-0.852133826051217
0.198077159307408
0.279385202469329
-1.50601787463249
0.431358329039596
0.434154087032071
-1.43979013973398
~
-0.641683806593327
0.392507585087469
-1.45470287449139
-0.608691509463196
0.0606593394837533
-1.4666396334285
-0.747212359156742
-0.607887308270922
-0.854036347306995
0.583604504084985
-0.622886671005189
-0.847237354539413
0.201931044435013
0.336590201539815
-1.50082597144787
0.442762565571629
0.483243143045852
-1.43540204801883
~
-0.694000687793437
0.389329130365287
-1.44818249756008
-0.762610964126027
0.205147782645409
-1.3656962191208
-0.767193280008017
-0.607617247070002
-0.870705341652487
0.586743217670259
-0.621487679836672
-0.867078998701861
0.267179353721676
0.368905143803159
-1.50657742187116
0.505213152072368
0.49091951318982
-1.45561066051323
~
-0.75047876227246
0.388827639321256
-1.43992214669797
-0.782072610231841
0.152151009137067
-1.35546574198974
-0.844369624410968
-0.61374919199854
-0.867766087906427
0.590338671026129
-0.620743926910139
-0.884886918824769
0.383713668442331
0.157364431979597
-1.45679264420886
0.500574128747617
0.494181125609606
-1.4730544449349
~
-0.819674734633581
0.314855750766129
-1.47141751388924
-0.835380036678265
0.157669835809358
-1.42744616079251
-0.839110513052924
-0.622347243018278
-0.925120979349342
0.677327714130378
-0.629017883817349
-0.943675497775375
0.465641324072948
0.247988454849008
-1.55418135071809
0.488910052583673
0.443163007652674
-1.59975093056236
~
-0.850253389656643
0.228004041439737
-1.43243911678065
-0.828319280870845
0.104983811378017
-1.40738321019469
-0.865197472250477
-0.622799266510311
-0.886832726290069
0.732374665258451
-0.650049330607237
-0.885394887205018
0.534414438316019
0.19522277665967
-1.54953609689336
0.516913240702663
0.290598808169054
-1.60009400609878
~
-0.850432123862623
0.109208007838189
-1.35875887260475
-0.956341170656801
-0.230468101240083
-1.32058088671823
-0.791211518027639
-0.734933434508728
-0.675600099822934
0.830432055830235
-0.490236596201491
-0.995401867765525
0.51974717255479
0.136592230886155
-1.55990453735108
0.529138751124484
0.153667096546791
-1.5797817553905
~
----
@HowMuch
-0.969037981327774
0.656914028579086
-1.23824925922298
-0.924503651132694
0.273832979791172
-1.14715003138005
-0.850078862770829
-0.434439882874209
-0.766608900523575
0.763869127975329
-0.33527635610252
-0.928970818674664
0.664427585056422
0.358478400838215
-1.33266735058981
0.631280444764774
0.589729986485126
-1.45172904709747
~
-0.942368834241469
0.692380318004708
-1.29997876067185
-0.924483715981815
0.288148097039237
-1.18719058447036
-0.850817814408511
-0.438551338172494
-0.802727700587225
0.729249913572988
-0.333935275877239
-0.959866514666257
0.652285950452926
0.457798678218632
-1.37755624698128
0.626631296079573
0.721709996250589
-1.50093206624488
~
-0.927657062800812
0.707601946629426
-1.33097531354718
-0.888286433172386
0.286164130306995
-1.22494673410659
-0.857501299593315
-0.450253750699616
-0.831556523745754
0.708813496207525
-0.339293258475794
-0.989283273252632
0.605958278001374
0.489080716959649
-1.41109520245886
0.571673247360266
0.765205354390992
-1.53565730259217
~
-0.883582920990593
0.638096999643942
-1.36735519633563
-0.865393293069219
0.235497641083213
-1.22770199214657
-0.835713195532738
-0.510477469297789
-0.839865942868246
0.680754217395352
-0.327880117226947
-1.01741779700588
0.490404793558943
0.679307678087399
-1.49057937521528
0.426954964407398
1.01503696439826
-1.63213705463576
~
-0.854633476050254
0.662892710605952
-1.38228983411236
-0.840453313594616
0.253048649207499
-1.24531704802527
-0.817785768047268
-0.502406352613095
-0.868311338322076
0.647822848118225
-0.332230276071376
-1.02179042786742
0.452288098324625
0.667237393152411
-1.48870134828806
0.387109869701228
1.00039324027807
-1.62809734307895
~
-0.849218238897044
0.651193020362016
-1.3851340663298
-0.830051188850631
0.235488257162974
-1.25559335646512
-0.814217192098068
-0.518424436038512
-0.862196088467587
0.553818930781685
-0.400504106380513
-0.979686152765887
0.370288455413428
0.617188873417068
-1.46294055167601
0.309111608854043
0.956419877401244
-1.60768617888984
~
-0.819365036452961
0.646124734154208
-1.39212715987103
-0.822809290591577
0.28000075119042
-1.27705716273891
-0.806641587160594
-0.469273178719649
-0.869826368763281
0.539641655748314
-0.386615267758499
-0.967083053613131
0.194114186238113
0.342734767998026
-1.40792825243765
0.400333329039613
0.652912721656608
-1.43634109380744
~
-0.795971890011193
0.847236413647017
-1.23999136904629
-0.765076596179793
0.593566683849067
-1.16017558249488
-0.800187433360621
-0.293380166888758
-0.739797552023885
0.519991145995806
-0.238520722640248
-0.969098607120515
0.116807941933998
0.767293846752079
-1.32738942140323
0.0201448441046651
1.04531215508069
-1.43581233305522
~
-0.769806742236576
0.717168277463178
-1.31185214234775
-0.755220234352015
0.468399111441484
-1.2264071038065
-0.792756374731231
-0.389395347769091
-0.787172801659501
0.504459778566955
-0.359522616955528
-0.918603563954383
0.126970862378741
0.618688707858588
-1.38023701861603
0.0236107019899642
0.91584638232893
-1.50199292887104
~
-0.735263032040267
0.710215371768917
-1.3227886652901
-0.729043057027589
0.47387150649695
-1.23614534757699
-0.764081458568044
-0.405432622145989
-0.790438633175845
0.511341048009451
-0.394878578250087
-0.899016889508481
0.139651763248488
0.577856559956689
-1.37816259899688
0.0297626679121648
0.777640029495994
-1.45747230041272
~
-0.698021521577603
0.68985456478679
-1.33637231991709
-0.65850905835872
0.608794335701038
-1.32125534737386
-0.745092794157658
-0.408556967331955
-0.796184936435404
0.527507544103877
-0.42369158056486
-0.880829747200435
0.161840860509741
0.540737330366724
-1.3829269399907
0.0265742491244108
0.793923939579187
-1.49254528095317
~
-0.653084377593572
0.830810423329954
-1.2496423873417
-0.620440322555712
0.721961587464844
-1.21769244980804
-0.677414652037892
-0.328521812463965
-0.766460419906615
0.581536478232656
-0.34827654121594
-0.918677727126545
0.194277470871859
0.654497970083079
-1.30382088566604
0.0528771370466866
0.926745822351782
-1.40682209152233
~
-0.623450573763538
0.698959138206462
-1.31746721482626
-0.598597216200298
0.602346183652413
-1.27783756618797
-0.652247554434023
-0.422665982098526
-0.765579583786572
0.577974606893931
-0.441914042709349
-0.864120349134623
0.202117218480329
0.523277573834861
-1.35500505240927
0.0726478648498007
0.791282884981324
-1.46413798593299
~
-0.6055126797012
0.674768583538167
-1.33704907658283
-0.451321169454926
0.623135121896693
-1.2214664957116
-0.674201619897131
-0.407141115699699
-0.776700872257532
0.578074229037964
-0.448480103505121
-0.859479522579396
0.199900339051021
0.509154096039978
-1.36424985851737
0.0711176105758426
0.765754936760494
-1.47008702397329
~
-0.590573420110516
0.648662292538095
-1.3484178197679
-0.548147110831142
0.580028252015951
-1.33010458761629
-0.677040113245871
-0.406147712600058
-0.773921967282938
0.522409600068352
-0.358389456618437
-0.917883946682424
0.164554460856296
0.431010955179592
-1.37905885646238
0.0718614283956266
0.759641159157264
-1.4694394078392
~
-0.587827963664462
0.645313803116747
-1.34944209231243
-0.548708918100571
0.579024316255438
-1.32950539676101
-0.678578305005075
-0.407537860071877
-0.772262956866903
0.534705917873873
-0.430039628505882
-0.875618541681937
0.172628330270629
0.527454274226592
-1.39299172601996
0.0729228178034002
0.738875508535327
-1.45307786042096
~
-0.587415786521499
0.645822016733615
-1.34715171110951
-0.558043236615959
0.547018445841786
-1.29795240590083
-0.650439811981131
-0.467119346826862
-0.76939026630793
0.545738715165976
-0.441326136711099
-0.867293128079963
0.179232426632695
0.515182168297701
-1.38293116769207
0.0628567891206456
0.759062393000774
-1.4712519680568
~
-0.595335006988556
0.644472777073154
-1.34774148976039
-0.602357011320571
0.49706759025015
-1.28662638495365
-0.689695292806295
-0.425893867312219
-0.78601409833468
0.545500726229412
-0.433983513028155
-0.872083090162933
0.176223442347028
0.522603200029965
-1.38506453761441
0.0757148671482034
0.762196662696784
-1.47053180744041
~
-0.643983017932875
0.555823676051416
-1.34604159813259
-0.662241448280329
0.389683549920591
-1.2789258116786
-0.745266989601424
-0.475435555369577
-0.802166812727031
0.521838508968865
-0.478901272691455
-0.841743477148213
0.282734319561975
0.19849092841133
-1.31022724726902
0.145155990915996
0.535694807422018
-1.45286561108531
~
-0.779149483884519
0.467139626370886
-1.34787299742084
-0.814258371969211
0.221085821403227
-1.28911126809522
-0.836914643301975
-0.505682742984088
-0.836120246718513
0.501453106197768
-0.522624657585556
-0.87845067226544
0.190484394862199
0.441139442172021
-1.41821451691161
0.103798288844591
0.526192265583133
-1.48066076017228
~
-0.855494416265932
0.327388746760115
-1.36469824616663
-0.844043471806929
0.175919134314791
-1.32025326897331
-0.861821809677703
-0.544198169424429
-0.864880143268635
0.567025147517135
-0.47328209014284
-0.964495022580474
0.247792845233121
0.428345012784159
-1.48695303434254
0.206316268479104
0.524447579425542
-1.5052737743804
~
-0.883987701357924
0.269765892565693
-1.49701628983869
-0.858000405339923
-0.0151965444504541
-1.36474623668136
-0.855442436079332
-0.73259629783707
-0.835795149812559
0.685665311418226
-0.536164404385534
-1.02131672018747
0.422272535707024
0.317821470888157
-1.59623041619869
0.427002972217026
0.411210538627186
-1.63764549466719
~
-0.924294127758499
0.118538624404571
-1.49845681364875
-0.94118734734917
-0.326895861516532
-1.2802228240408
-0.76052656036358
-0.874054955838068
-0.619452114909977
0.736812822005418
-0.585828030845665
-0.958272626970468
0.50142557054741
0.225189434866292
-1.61930226902106
0.499868710265215
0.248770145254174
-1.66982864315887
~
-0.944037862479479
-0.0707519454539697
-1.4688875637092
-0.919812224156274
-0.420066499384484
-1.17965968805429
-0.654841705250922
-0.80459904358501
-0.427770035495756
0.704729866489118
-0.88108088134736
-0.572740790281924
0.621766487936301
-0.198554703196838
-1.4371794443133
0.535581449800259
0.0537518840960267
-1.66520192297906
~
-0.957013881338563
-0.453680867401039
-1.30322571064794
-0.921863429359784
-0.751786118363349
-0.973889242854173
-0.668341338538576
-0.740147002237206
-0.212402677730717
0.686387407814967
-0.798109656442841
-0.486923242277523
0.609922103655386
-0.307779835669342
-1.43263807327884
0.583118792178949
-0.132151834699983
-1.66139639100983
~
-0.989906299843524
-0.572445089206101
-1.41610614413007
-0.920282779258307
-0.854384143250727
-0.997883552629798
-0.722876021145055
-0.775294788397559
-0.250868407387195
0.748448864871753
-0.626448711193754
-0.385144924030095
0.870209383862445
-0.812229682038618
-1.12922888804418
0.632969986949775
-0.430242996137072
-1.6558677228955
~
-1.01494979373864
-0.793881552301738
-1.40344952042781
-0.981487211736277
-0.901696641169131
-0.963526638754326
-0.747813308006987
-0.771360771441469
-0.248762114807887
0.829823872917533
-0.627768192642675
-0.409457236533794
0.730650065347832
-0.547260114710543
-1.23918570408546
0.733031967795937
-0.58808737272022
-1.58433966781802
~
-1.01030310852468
-1.06445251431909
-1.26624128444571
-0.974908543968047
-1.070762702394
-0.90402825870232
-0.760830425753781
-0.832056081717178
-0.219638662681738
0.871473474986507
-0.623883442168211
-0.358920259133284
1.03850939369722
-0.891344393171418
-1.0459323810498
0.790363865605025
-0.845520782733386
-1.54373186916429
~
-1.0021740092654
-1.21552929843503
-1.07401653414478
-0.92901577320774
-1.21025854748459
-0.770528333039861
-0.733619708193711
-0.841647341930174
-0.149697043369209
0.913577105659262
-0.626518306439801
-0.333031502439923
0.93910212598529
-0.938997195110715
-1.01599581144443
0.836123974225627
-1.03152841493144
-1.47924294509334
~
-0.986820417625195
-1.41308924386865
-0.913256437084394
-0.88704272516326
-1.32451690232564
-0.667496056229931
-0.725698658996637
-0.838622358586981
-0.131846681726762
0.930335323227307
-0.648099118725177
-0.311136717558268
0.969887072969653
-1.04260638822006
-0.943591570165899
0.895256097897411
-1.15581635417257
-1.32369347572347
~
-0.918607453001903
-1.38239845295754
-0.688669066450696
-0.869341439937432
-1.36415539126658
-0.607963640628366
-0.714080678750744
-0.838969825186928
-0.113774866010192
0.929903533433634
-0.67874384095025
-0.288682907710099
0.997355707620917
-1.13165878676741
-0.873572181375027
0.932141696033816
-1.22807031471062
-1.12272271569384
~
-0.897620377114192
-1.41405298567229
-0.616541953635008
-0.85479418502179
-1.41482838673325
-0.569438488786516
-0.712182700787341
-0.856854457278537
-0.113432554751831
0.919693422526207
-0.703880582273236
-0.278512949293444
0.989674415521316
-1.192955651874
-0.829415891307969
0.974109402213884
-1.3571752123404
-1.0543884666327
~
-0.914806606715615
-1.55822475389439
-0.672597819486369
-0.840830969187791
-1.42568590727903
-0.536723432682585
-0.705232547280413
-0.855433515706784
-0.111084761038996
0.891408826991984
-0.720875319446904
-0.268837241842114
0.9280767878735
-1.2456205414094
-0.773407483011041
0.935315536347074
-1.34916202596285
-0.948700603039163
~
----
@alone
-0.855884105687136
0.323833190150171
-1.37244156014285
-0.801923597762038
-0.013584444727554
-1.24913341016138
-0.72089416679064
-0.763340768077911
-0.762775776836775
0.707913594477709
-0.551957284980164
-0.998244737642134
0.547496158872848
0.283194752424386
-1.54426901988822
0.522458448102127
0.395328275490961
-1.58352932910461
~
-0.845424747351013
0.334097151488866
-1.41178479240015
-0.815115582651781
-0.00365665051806762
-1.27790428802756
-0.735954794016536
-0.791101383273927
-0.765453625428955
0.693464795647403
-0.560345817250536
-1.01380273135372
0.515265427774731
0.29282063033674
-1.5591091850366
0.527410947834544
0.423561016706674
-1.59383381241844
~
-0.825043152184905
0.357953350603589
-1.43828532677277
-0.815020402045696
0.0143836042178885
-1.29634664472341
-0.744325165993561
-0.794320116725849
-0.773761629401598
0.691274039225184
-0.634660400833142
-0.986980465543236
0.461975181854427
0.212897344108089
-1.52826329836179
0.559409183815905
0.490200559674474
-1.55059655698022
~
-0.821223877888006
0.354586327512584
-1.44034643621709
-0.768501996684466
-0.0685958091012567
-1.26799741925079
-0.737619330106681
-0.81023056356753
-0.769012496507571
0.681902482009299
-0.659582266818759
-0.978029621090449
0.403050691287183
0.21230998905019
-1.52599761608575
0.55000537626037
0.508717135859244
-1.53500599718958
~
-0.772920315543517
0.396032161225205
-1.46399388081768
-0.773327245930512
0.249277623414628
-1.42593236711263
-0.70768489300072
-0.790147212592565
-0.823829627404163
0.668049027196127
-0.603215611401376
-0.985929776489242
0.369077904335435
0.0857373555067568
-1.47833687557554
0.310366458124084
0.542328103292349
-1.63662501324837
~
-0.736608765680037
0.419477413792549
-1.46521785059934
-0.740215242550192
0.244052858694927
-1.4076919646134
-0.694407169812632
-0.79306280048136
-0.790832041137755
0.673445604345683
-0.592897065175446
-0.970406223054037
0.309398530519322
0.0657290767916473
-1.46612426301693
0.280859060377657
0.372600512733671
-1.60110567594706
~
-0.702817100820383
0.416386817399315
-1.44729004762344
-0.704533997048203
0.224999976803585
-1.37709003825819
-0.676002424860843
-0.811921479849014
-0.753783632550477
0.648238273703728
-0.592612042519744
-0.959650131910186
0.23193245331255
0.378960958080771
-1.54560077030703
0.19749450446115
0.625642142600792
-1.55194450609871
~
-0.60558669537894
0.374677659396737
-1.45936572239111
-0.616848314742171
0.145736247078727
-1.36974065237304
-0.622982974208864
-0.887051261622081
-0.736185205435313
0.69101232621159
-0.658386376370186
-0.94924262190794
0.273234729714055
0.311594547093866
-1.53923809498458
0.24305376589163
0.559136158060437
-1.53994046827295
~
-0.580022812352732
0.3761832240707
-1.46713914795976
-0.602194592790641
-0.0864360396827941
-1.31083001615936
-0.615146931877758
-0.914725560543542
-0.726576624618619
0.686966551640459
-0.686428073690326
-0.943794969128938
0.272210252146161
0.283815907968685
-1.53567805019392
0.244531368825393
0.531640843865362
-1.53320124697902
~
-0.568620508774008
0.376412883784692
-1.48300584943298
-0.536855311673862
0.0339327538757047
-1.4054631598386
-0.609202930368159
-0.922492343641767
-0.714831791661422
0.684573742243392
-0.696816276397846
-0.940547169681344
0.271943745834863
-0.0481817840862042
-1.41286778128483
0.249366461561796
0.200005503487782
-1.40354648651704
~
-0.549225689871626
0.399225631777156
-1.49414977832502
-0.544032218414835
-0.0228561916475549
-1.35814688612239
-0.611485257776534
-0.893333674898572
-0.684418981940688
0.668784424742929
-0.681469229581782
-0.943853836652735
0.393480573068208
0.0358616300073446
-1.41684953515954
0.370902830628074
0.28405357923697
-1.40752807940956
~
-0.513282395047493
0.454849651525148
-1.0434444936239
-0.49573570065562
0.233492099699058
-0.959677207634323
-0.563218275359117
-0.512075540987404
-0.440184440192343
0.338072795774251
-0.416889946132437
-0.769687210440846
0.0534130583123753
0.302733335939533
-1.06925146260829
0.0364676628454899
0.489010406871441
-1.06225538646372
~
-0.509445815391026
0.40341104582984
-1.08711789926302
-0.511268892372796
0.0671774820518315
-0.982376979482822
-0.554799274262631
-0.57658452954186
-0.471033592070698
0.364263105404626
-0.446372412143455
-0.743183098453942
0.0668945165210452
0.250908402591585
-1.10009762764328
0.0497391768734563
0.439493505339953
-1.09301517366149
~
-0.521549992490979
0.354671583977768
-1.10623305673167
-0.514839989395261
0.154272005163714
-1.03743467377187
-0.553228862741466
-0.585534147186421
-0.4875905191036
0.362478215901304
-0.444700079076883
-0.744297791931464
0.0702694598075622
0.330170017464763
-1.1349170947943
0.0450621115814175
0.517733579903309
-1.12973645809136
~
-0.531502928601772
0.326827102261959
-1.10772018383309
-0.52252801793076
0.172429651601918
-1.05301081695865
-0.539854308068947
-0.583128322270712
-0.526100510688586
0.367440006268256
-0.440685144833775
-0.748037947764547
0.0679489497575122
0.329244991524994
-1.14268992886649
0.0300012534619588
0.46922377186875
-1.15702759890845
~
-0.560353288276821
0.276389410367254
-1.10171829622045
-0.549475653493903
0.170512864458641
-1.05734024940604
-0.559392153019579
-0.588057252434653
-0.535839292257377
0.389846475317078
-0.433639124942295
-0.756569605561193
0.0627941636693135
0.322626006593607
-1.15502330197834
0.012233875816391
0.433712930258716
-1.1810678920805
~
-0.633357050036408
0.220810855965846
-1.11243215825901
-0.626902257199417
0.117287306581159
-1.05333115108571
-0.592108989106424
-0.626014392707306
-0.510106475558533
0.416638894890632
-0.446547827778053
-0.750910145615384
0.102154945939672
0.0627466268357468
-1.07824416688321
-0.0696989549769177
0.137186988332823
-1.10493533828973
~
-0.717393790831795
0.204455663113271
-1.12886339610938
-0.69457812927701
0.118239708181909
-1.08084811583459
-0.609864527385999
-0.616846989684278
-0.520708468023555
0.405276338905295
-0.434070740676472
-0.771118632627359
0.109505657139271
0.278644249632688
-1.21122758187848
0.192901229083762
0.424151546485346
-1.24194900055053
~
-0.762215698178062
0.183427917315981
-1.11043333437252
-0.76766255033495
0.062610539535295
-1.04131077397779
-0.61678222050249
-0.626913186675296
-0.46422706081561
0.391474185189232
-0.416302762628288
-0.775213461936048
0.165268284137824
0.221834760089429
-1.17359403227438
0.174749422262857
0.435934966347549
-1.23496365656476
~
-0.942157505938102
0.107090190060016
-1.58432446014474
-0.907052212174915
-0.0203990668706631
-1.47866802091894
-0.688378639917792
-0.956297860486076
-0.683659674552542
0.737056840602941
-0.596493052326195
-1.02077162032048
0.533462133421046
0.178277039154892
-1.67322049889716
0.608996009944944
0.435968109038763
-1.71931600486943
~
-0.984693760729808
0.0406973111177091
-1.5089549664922
-0.977185606765764
-0.00594353978665106
-1.44192416504117
-0.580410929824002
-0.77712902051716
-0.632590630256541
0.680002918855537
-0.654594636570454
-0.958790156331358
0.730855665661241
0.0327630578282681
-1.50985744866244
0.605472822364708
0.293143364765606
-1.64388401402142
~
-1.00693350886537
-0.0139742275036373
-1.37454175931592
-0.964682343056746
-0.421301533529336
-1.14300190056015
-0.575000911178839
-0.692601705834907
-0.49083519408879
0.733235064451316
-0.718813684945715
-0.797085441814315
0.623702599900094
-0.0590399048767591
-1.36778581564972
0.547524847419862
0.221470818731195
-1.53527667906017
~
-1.03413634955043
-0.0599691012084997
-1.30425252530605
-0.884902983308623
-0.442608618314898
-1.03310017703657
-0.629473320019817
-0.67125530343129
-0.345679004955073
0.608456889536074
-0.741870754814961
-0.679154199118464
0.594376277641755
-0.0753226863296559
-1.31699649470955
0.567287641534329
0.141832257882242
-1.48799716177812
~
-1.04857634759176
-0.0977039009343492
-1.26930787543108
-0.976239994321375
-0.351494637621602
-1.08063262246096
-0.57386535535166
-0.698044636529567
-0.345685841423204
0.66169218765494
-0.648931787813395
-0.56461608918932
0.668710590483111
-0.264457209271064
-1.20598653193754
0.612826003412375
0.0440744093620581
-1.45134292964451
~
-1.03896128610552
-0.291710349194645
-1.17895710430788
-1.01138559606842
-0.349688212994751
-1.10316361306019
-0.616852671693439
-0.718232906117063
-0.377304873507684
0.664240995300108
-0.670287073304037
-0.542656402742337
0.692938671331677
-0.195213530613104
-1.30383128180286
0.646024204883976
-0.0319123047098169
-1.44353006405541
~
-1.02929589990647
-0.336263859666381
-1.18081031544349
-0.998199819866941
-0.378135268957449
-1.1040443358039
-0.635307682378829
-0.688274515072681
-0.24610463455216
0.712668450106136
-0.618761132087104
-0.398432693287333
0.753859234028574
-0.367515301916448
-1.25584822068658
0.678274824168287
-0.113128227584085
-1.50228422200085
~
-1.04465681606693
-0.418439405226002
-1.29570469667224
-0.970427876083597
-0.477627804991208
-1.08849216002501
-0.638934953508773
-0.694591651578073
-0.190352275943053
0.719805540307633
-0.643486181127035
-0.386184316004885
0.919165473427087
-0.740741176479522
-1.09104232365284
0.704012160387899
-0.366816340492426
-1.58002684926985
~
-1.01114997199968
-0.6328872855938
-1.35081861868636
-0.904243129178497
-0.643214680294489
-0.973761496228009
-0.681387606944707
-0.712067438044591
-0.198375359238889
0.805417540909248
-0.632238501797606
-0.464602015755474
0.648852572221644
-0.466593983481096
-1.16522700100766
0.734801345436532
-0.54192001565705
-1.57823475572002
~
-0.933077492150199
-0.937086233362243
-1.35032909107591
-0.842482101013471
-0.872388883871075
-0.949338775776997
-0.677708378244718
-0.743083098866615
-0.14544698319319
0.824685952057053
-0.598121179962983
-0.343077460581102
0.978080476964972
-0.841190445505946
-1.01907186991256
0.918613527505663
-0.885672567027248
-1.27745328408132
~
-0.880006560245394
-1.16642545322953
-1.1997855358086
-0.826782675166044
-1.15805372704616
-0.711308465162593
-0.672581419076594
-0.759300267640543
-0.118874163984475
0.861148002454063
-0.61116837716468
-0.350273371337704
0.922152364631162
-0.912261715864776
-1.01786799106128
0.761275113431508
-1.07725156939985
-1.44510602598007
~
-0.836459886156466
-1.30621557189845
-0.984269328607297
-0.813941233776746
-1.24051293159341
-0.67029808942111
-0.672316498535191
-0.793107784890537
-0.110366546053995
0.87183045074207
-0.626336408276132
-0.348316100885733
0.943873571909542
-1.02720302489255
-0.958295318513399
0.822343201966601
-1.22125519914775
-1.22927967780418
~
-0.820841581130037
-1.49094365177936
-0.843961693204445
-0.783590422177923
-1.32275225938857
-0.635669601946153
-0.670448408502605
-0.825185702207277
-0.114647107699566
0.865888048864471
-0.673301241254537
-0.356863020761738
0.958126597306781
-1.13586129334085
-0.915943843520539
0.904352908827655
-1.32090938956814
-1.1054883412995
~
-0.780498628823064
-1.47484771346316
-0.676878785474043
-0.7592926258566
-1.38398481592493
-0.580549125631797
-0.667646310629951
-0.835665835038489
-0.11146873937477
0.847458139066821
-0.735775106206001
-0.379654027753407
0.794176335679825
-1.3387734061968
-0.945785513331335
0.739833688332171
-1.52690514660767
-1.13279705498808
~
----