@a
-0.237499997019768
0.291666656732559
-0.061842106282711
~
-0.237499997019768
0.291666656732559
-0.061842106282711
~
-0.237499997019768
0.291666656732559
-0.061842106282711
~
-0.237499997019768
0.291666656732559
-0.061842106282711
~
-0.243750005960464
0.341666668653488
-0.0606578961014748
~
-0.243750005960464
0.341666668653488
-0.0606578961014748
~
-0.243750005960464
0.341666668653488
-0.0606578961014748
~
-0.243750005960464
0.341666668653488
-0.0606578961014748
~
-0.243750005960464
0.341666668653488
-0.0606578961014748
~
-0.237499997019768
0.291666656732559
-0.061842106282711
~
-0.237499997019768
0.291666656732559
-0.061842106282711
~
-0.237499997019768
0.291666656732559
-0.061842106282711
~
-0.237499997019768
0.291666656732559
-0.061842106282711
~
-0.237499997019768
0.291666656732559
-0.061842106282711
~
-0.237499997019768
0.324999988079071
-0.0613157898187637
~
-0.237499997019768
0.324999988079071
-0.0613157898187637
~
-0.237499997019768
0.324999988079071
-0.0613157898187637
~
-0.237499997019768
0.324999988079071
-0.0613157898187637
~
-0.237499997019768
0.324999988079071
-0.0613157898187637
~
-0.237499997019768
0.316666662693024
-0.0609210543334484
~
-0.237499997019768
0.316666662693024
-0.0609210543334484
~
-0.237499997019768
0.316666662693024
-0.0609210543334484
~
-0.237499997019768
0.316666662693024
-0.0609210543334484
~
-0.237499997019768
0.316666662693024
-0.0609210543334484
~
-0.237499997019768
0.341666668653488
-0.0603947378695011
~
-0.237499997019768
0.341666668653488
-0.0603947378695011
~
-0.237499997019768
0.341666668653488
-0.0603947378695011
~
-0.237499997019768
0.341666668653488
-0.0603947378695011
~
-0.237499997019768
0.341666668653488
-0.0603947378695011
~
-0.237499997019768
0.291666656732559
-0.061842106282711
~
-0.237499997019768
0.291666656732559
-0.061842106282711
~
-0.237499997019768
0.291666656732559
-0.061842106282711
~
-0.237499997019768
0.291666656732559
-0.061842106282711
~
-0.237499997019768
0.291666656732559
-0.061842106282711
~
-0.231250002980232
0.300000011920929
-0.0615789480507374
~
-0.231250002980232
0.300000011920929
-0.0615789480507374
~
-0.231250002980232
0.300000011920929
-0.0615789480507374
~
-0.231250002980232
0.300000011920929
-0.0615789480507374
~
-0.231250002980232
0.300000011920929
-0.0615789480507374
~
-0.237499997019768
0.283333331346512
-0.061842106282711
~
-0.237499997019768
0.283333331346512
-0.061842106282711
~
-0.237499997019768
0.283333331346512
-0.061842106282711
~
-0.237499997019768
0.283333331346512
-0.061842106282711
~
-0.237499997019768
0.283333331346512
-0.061842106282711
~
-0.237499997019768
0.308333337306976
-0.0606578961014748
~
-0.237499997019768
0.308333337306976
-0.0606578961014748
~
-0.237499997019768
0.308333337306976
-0.0606578961014748
~
-0.237499997019768
0.308333337306976
-0.0606578961014748
~
-0.237499997019768
0.308333337306976
-0.0606578961014748
~
-0.237499997019768
0.275000005960464
-0.0615789480507374
~
-0.237499997019768
0.275000005960464
-0.0615789480507374
~
-0.237499997019768
0.275000005960464
-0.0615789480507374
~
-0.237499997019768
0.275000005960464
-0.0615789480507374
~
-0.237499997019768
0.275000005960464
-0.0615789480507374
~
-0.231250002980232
0.291666656732559
-0.0615789480507374
~
-0.231250002980232
0.291666656732559
-0.0615789480507374
~
-0.231250002980232
0.291666656732559
-0.0615789480507374
~
-0.231250002980232
0.291666656732559
-0.0615789480507374
~
-0.231250002980232
0.291666656732559
-0.0615789480507374
~
-0.243750005960464
0.316666662693024
-0.0603947378695011
~
-0.243750005960464
0.316666662693024
-0.0603947378695011
~
-0.243750005960464
0.316666662693024
-0.0603947378695011
~
-0.243750005960464
0.316666662693024
-0.0603947378695011
~
-0.243750005960464
0.316666662693024
-0.0603947378695011
~
~
~
----
@b
-0.393750011920929
0.600000023841858
-0.0692105293273926
~
-0.393750011920929
0.600000023841858
-0.0692105293273926
~
-0.393750011920929
0.600000023841858
-0.0692105293273926
~
-0.393750011920929
0.600000023841858
-0.0692105293273926
~
-0.393750011920929
0.600000023841858
-0.0692105293273926
~
-0.40625
0.591666638851166
-0.068815790116787
~
-0.40625
0.591666638851166
-0.068815790116787
~
-0.40625
0.591666638851166
-0.068815790116787
~
-0.40625
0.591666638851166
-0.068815790116787
~
-0.40625
0.591666638851166
-0.068815790116787
~
-0.40625
0.591666638851166
-0.068552628159523
~
-0.40625
0.591666638851166
-0.068552628159523
~
-0.40625
0.591666638851166
-0.068552628159523
~
-0.40625
0.591666638851166
-0.068552628159523
~
-0.40625
0.591666638851166
-0.068552628159523
~
-0.40625
0.591666638851166
-0.068552628159523
~
-0.40625
0.591666638851166
-0.068552628159523
~
-0.40625
0.591666638851166
-0.068552628159523
~
-0.40625
0.591666638851166
-0.068552628159523
~
-0.40625
0.591666638851166
-0.068552628159523
~
-0.400000005960464
0.591666638851166
-0.0692105293273926
~
-0.400000005960464
0.591666638851166
-0.0692105293273926
~
-0.400000005960464
0.591666638851166
-0.0692105293273926
~
-0.400000005960464
0.591666638851166
-0.0692105293273926
~
-0.400000005960464
0.591666638851166
-0.0692105293273926
~
-0.400000005960464
0.583333313465118
-0.068815790116787
~
-0.400000005960464
0.583333313465118
-0.068815790116787
~
-0.400000005960464
0.583333313465118
-0.068815790116787
~
-0.400000005960464
0.583333313465118
-0.068815790116787
~
-0.400000005960464
0.583333313465118
-0.068815790116787
~
-0.387499988079071
0.591666638851166
-0.0694736838340759
-0.412499994039536
0.433333337306976
-0.0656578913331032
~
-0.387499988079071
0.591666638851166
-0.0694736838340759
-0.412499994039536
0.433333337306976
-0.0656578913331032
~
-0.387499988079071
0.591666638851166
-0.0694736838340759
-0.412499994039536
0.433333337306976
-0.0656578913331032
~
-0.387499988079071
0.591666638851166
-0.0694736838340759
-0.412499994039536
0.433333337306976
-0.0656578913331032
~
-0.387499988079071
0.591666638851166
-0.0694736838340759
-0.412499994039536
0.433333337306976
-0.0656578913331032
~
-0.40625
0.591666638851166
-0.068552628159523
~
-0.40625
0.591666638851166
-0.068552628159523
~
-0.40625
0.591666638851166
-0.068552628159523
~
-0.40625
0.591666638851166
-0.068552628159523
~
-0.40625
0.591666638851166
-0.068552628159523
~
-0.40625
0.591666638851166
-0.068815790116787
~
-0.40625
0.591666638851166
-0.068815790116787
~
-0.40625
0.591666638851166
-0.068815790116787
~
-0.40625
0.591666638851166
-0.068815790116787
~
-0.40625
0.591666638851166
-0.068815790116787
~
-0.40625
0.591666638851166
-0.068815790116787
~
-0.40625
0.591666638851166
-0.068815790116787
~
-0.40625
0.591666638851166
-0.068815790116787
~
-0.40625
0.591666638851166
-0.068815790116787
~
-0.40625
0.591666638851166
-0.068815790116787
~
-0.40625
0.591666638851166
-0.068815790116787
~
-0.40625
0.591666638851166
-0.068815790116787
~
-0.40625
0.591666638851166
-0.068815790116787
~
-0.40625
0.591666638851166
-0.068815790116787
~
-0.40625
0.591666638851166
-0.068815790116787
~
-0.400000005960464
0.591666638851166
-0.0692105293273926
~
-0.400000005960464
0.591666638851166
-0.0692105293273926
~
-0.400000005960464
0.591666638851166
-0.0692105293273926
~
-0.400000005960464
0.591666638851166
-0.0692105293273926
~
-0.400000005960464
0.591666638851166
-0.0692105293273926
~
-0.393750011920929
0.591666638851166
-0.0694736838340759
~
-0.393750011920929
0.591666638851166
-0.0694736838340759
~
-0.393750011920929
0.591666638851166
-0.0694736838340759
~
-0.393750011920929
0.591666638851166
-0.0694736838340759
~
-0.393750011920929
0.591666638851166
-0.0694736838340759
~
----
@c
-0.3125
0.508333325386047
-0.0701315775513649
-0.293749988079071
0.291666656732559
-0.0743421018123627
~
-0.3125
0.508333325386047
-0.0705263167619705
~
-0.3125
0.508333325386047
-0.0705263167619705
~
-0.3125
0.508333325386047
-0.0705263167619705
~
-0.3125
0.508333325386047
-0.0705263167619705
~
-0.3125
0.508333325386047
-0.0705263167619705
~
-0.331250011920929
0.508333325386047
-0.0705263167619705
-0.275000005960464
0.316666662693024
-0.0732894763350487
~
-0.331250011920929
0.508333325386047
-0.0705263167619705
-0.275000005960464
0.316666662693024
-0.0732894763350487
~
-0.331250011920929
0.508333325386047
-0.0705263167619705
-0.275000005960464
0.316666662693024
-0.0732894763350487
~
-0.331250011920929
0.508333325386047
-0.0705263167619705
-0.275000005960464
0.316666662693024
-0.0732894763350487
~
-0.331250011920929
0.508333325386047
-0.0705263167619705
-0.275000005960464
0.316666662693024
-0.0732894763350487
~
-0.331250011920929
0.508333325386047
-0.0698684230446815
-0.275000005960464
0.341666668653488
-0.0732894763350487
~
-0.331250011920929
0.508333325386047
-0.0698684230446815
-0.275000005960464
0.341666668653488
-0.0732894763350487
~
-0.331250011920929
0.508333325386047
-0.0698684230446815
-0.275000005960464
0.341666668653488
-0.0732894763350487
~
-0.331250011920929
0.508333325386047
-0.0698684230446815
-0.275000005960464
0.341666668653488
-0.0732894763350487
~
-0.331250011920929
0.508333325386047
-0.0698684230446815
-0.275000005960464
0.341666668653488
-0.0732894763350487
~
-0.324999988079071
0.508333325386047
-0.0701315775513649
~
-0.324999988079071
0.508333325386047
-0.0701315775513649
~
-0.324999988079071
0.508333325386047
-0.0701315775513649
~
-0.324999988079071
0.508333325386047
-0.0701315775513649
~
-0.324999988079071
0.508333325386047
-0.0701315775513649
~
-0.331250011920929
0.516666650772095
-0.0694736838340759
~
-0.331250011920929
0.516666650772095
-0.0694736838340759
~
-0.331250011920929
0.516666650772095
-0.0694736838340759
~
-0.331250011920929
0.516666650772095
-0.0694736838340759
~
-0.331250011920929
0.516666650772095
-0.0694736838340759
~
-0.3125
0.508333325386047
-0.0701315775513649
~
-0.3125
0.508333325386047
-0.0701315775513649
~
-0.3125
0.508333325386047
-0.0701315775513649
~
-0.3125
0.508333325386047
-0.0701315775513649
~
-0.3125
0.508333325386047
-0.0701315775513649
~
-0.324999988079071
0.516666650772095
-0.0698684230446815
-0.268750011920929
0.333333343267441
-0.0728947371244431
~
-0.324999988079071
0.516666650772095
-0.0698684230446815
-0.268750011920929
0.333333343267441
-0.0728947371244431
~
-0.324999988079071
0.516666650772095
-0.0698684230446815
-0.268750011920929
0.333333343267441
-0.0728947371244431
~
-0.324999988079071
0.516666650772095
-0.0698684230446815
-0.268750011920929
0.333333343267441
-0.0728947371244431
~
-0.324999988079071
0.516666650772095
-0.0698684230446815
-0.268750011920929
0.333333343267441
-0.0728947371244431
~
-0.324999988079071
0.516666650772095
-0.0694736838340759
~
-0.324999988079071
0.516666650772095
-0.0694736838340759
~
-0.324999988079071
0.516666650772095
-0.0694736838340759
~
-0.324999988079071
0.516666650772095
-0.0694736838340759
~
-0.324999988079071
0.516666650772095
-0.0694736838340759
~
-0.318749994039536
0.516666650772095
-0.068815790116787
-0.275000005960464
0.333333343267441
-0.0718421041965485
~
-0.318749994039536
0.516666650772095
-0.068815790116787
-0.275000005960464
0.333333343267441
-0.0718421041965485
~
-0.318749994039536
0.516666650772095
-0.068815790116787
-0.275000005960464
0.333333343267441
-0.0718421041965485
~
-0.318749994039536
0.516666650772095
-0.068815790116787
-0.275000005960464
0.333333343267441
-0.0718421041965485
~
-0.318749994039536
0.516666650772095
-0.068815790116787
-0.275000005960464
0.333333343267441
-0.0718421041965485
~
-0.331250011920929
0.524999976158142
-0.0692105293273926
-0.28125
0.333333343267441
-0.0718421041965485
~
-0.331250011920929
0.524999976158142
-0.0692105293273926
-0.28125
0.333333343267441
-0.0718421041965485
~
-0.331250011920929
0.524999976158142
-0.0692105293273926
-0.28125
0.333333343267441
-0.0718421041965485
~
-0.331250011920929
0.524999976158142
-0.0692105293273926
-0.28125
0.333333343267441
-0.0718421041965485
~
-0.331250011920929
0.524999976158142
-0.0692105293273926
-0.28125
0.333333343267441
-0.0718421041965485
~
-0.318749994039536
0.516666650772095
-0.0692105293273926
-0.275000005960464
0.341666668653488
-0.0718421041965485
~
-0.318749994039536
0.516666650772095
-0.0692105293273926
-0.275000005960464
0.341666668653488
-0.0718421041965485
~
-0.318749994039536
0.516666650772095
-0.0692105293273926
-0.275000005960464
0.341666668653488
-0.0718421041965485
~
-0.318749994039536
0.516666650772095
-0.0692105293273926
-0.275000005960464
0.341666668653488
-0.0718421041965485
~
-0.318749994039536
0.516666650772095
-0.0692105293273926
-0.275000005960464
0.341666668653488
-0.0718421041965485
~
-0.3125
0.508333325386047
-0.0698684230446815
-0.28125
0.333333343267441
-0.0715789496898651
~
-0.3125
0.508333325386047
-0.0698684230446815
-0.28125
0.333333343267441
-0.0715789496898651
~
-0.3125
0.508333325386047
-0.0698684230446815
-0.28125
0.333333343267441
-0.0715789496898651
~
-0.3125
0.508333325386047
-0.0698684230446815
-0.28125
0.333333343267441
-0.0715789496898651
~
-0.3125
0.508333325386047
-0.0698684230446815
-0.28125
0.333333343267441
-0.0715789496898651
~
-0.324999988079071
0.516666650772095
-0.0694736838340759
~
-0.324999988079071
0.516666650772095
-0.0694736838340759
~
-0.324999988079071
0.516666650772095
-0.0694736838340759
~
-0.324999988079071
0.516666650772095
-0.0694736838340759
~
-0.324999988079071
0.516666650772095
-0.0694736838340759
~
----
@e
-0.34375
0.783333361148834
0.0526315793395042
-0.200000002980232
0.666666686534882
0.0526315793395042
-0.46875
0.558333337306976
0.0526315793395042
-0.418749988079071
0.708333313465118
0.0526315793395042
~
-0.34375
0.783333361148834
0.0526315793395042
-0.200000002980232
0.666666686534882
0.0526315793395042
-0.46875
0.558333337306976
0.0526315793395042
-0.418749988079071
0.708333313465118
0.0526315793395042
~
-0.356249988079071
0.774999976158142
0.0526315793395042
-0.200000002980232
0.649999976158142
0.0526315793395042
-0.462500005960464
0.550000011920929
0.0526315793395042
-0.412499994039536
0.691666662693024
0.0526315793395042
~
-0.356249988079071
0.774999976158142
0.0526315793395042
-0.200000002980232
0.649999976158142
0.0526315793395042
-0.462500005960464
0.550000011920929
0.0526315793395042
-0.412499994039536
0.691666662693024
0.0526315793395042
~
-0.356249988079071
0.774999976158142
0.0526315793395042
-0.200000002980232
0.649999976158142
0.0526315793395042
-0.462500005960464
0.550000011920929
0.0526315793395042
-0.412499994039536
0.691666662693024
0.0526315793395042
~
-0.356249988079071
0.774999976158142
0.0526315793395042
-0.200000002980232
0.649999976158142
0.0526315793395042
-0.462500005960464
0.550000011920929
0.0526315793395042
-0.412499994039536
0.691666662693024
0.0526315793395042
~
-0.356249988079071
0.774999976158142
0.0526315793395042
-0.200000002980232
0.649999976158142
0.0526315793395042
-0.462500005960464
0.550000011920929
0.0526315793395042
-0.412499994039536
0.691666662693024
0.0526315793395042
~
-0.356249988079071
0.783333361148834
0.0526315793395042
-0.200000002980232
0.683333337306976
0.0526315793395042
-0.474999994039536
0.558333337306976
0.0526315793395042
-0.418749988079071
0.708333313465118
0.0526315793395042
~
-0.356249988079071
0.783333361148834
0.0526315793395042
-0.200000002980232
0.683333337306976
0.0526315793395042
-0.474999994039536
0.558333337306976
0.0526315793395042
-0.418749988079071
0.708333313465118
0.0526315793395042
~
-0.356249988079071
0.783333361148834
0.0526315793395042
-0.200000002980232
0.683333337306976
0.0526315793395042
-0.474999994039536
0.558333337306976
0.0526315793395042
-0.418749988079071
0.708333313465118
0.0526315793395042
~
-0.356249988079071
0.783333361148834
0.0526315793395042
-0.200000002980232
0.683333337306976
0.0526315793395042
-0.474999994039536
0.558333337306976
0.0526315793395042
-0.418749988079071
0.708333313465118
0.0526315793395042
~
-0.356249988079071
0.783333361148834
0.0526315793395042
-0.200000002980232
0.683333337306976
0.0526315793395042
-0.474999994039536
0.558333337306976
0.0526315793395042
-0.418749988079071
0.708333313465118
0.0526315793395042
~
-0.349999994039536
0.774999976158142
0.0526315793395042
-0.200000002980232
0.666666686534882
0.0526315793395042
-0.418749988079071
0.699999988079071
0.0526315793395042
~
-0.349999994039536
0.774999976158142
0.0526315793395042
-0.200000002980232
0.666666686534882
0.0526315793395042
-0.418749988079071
0.699999988079071
0.0526315793395042
~
-0.349999994039536
0.774999976158142
0.0526315793395042
-0.200000002980232
0.666666686534882
0.0526315793395042
-0.418749988079071
0.699999988079071
0.0526315793395042
~
-0.349999994039536
0.774999976158142
0.0526315793395042
-0.200000002980232
0.666666686534882
0.0526315793395042
-0.418749988079071
0.699999988079071
0.0526315793395042
~
-0.349999994039536
0.774999976158142
0.0526315793395042
-0.200000002980232
0.666666686534882
0.0526315793395042
-0.418749988079071
0.699999988079071
0.0526315793395042
~
-0.349999994039536
0.774999976158142
0.0526315793395042
-0.200000002980232
0.658333361148834
0.0526315793395042
-0.474999994039536
0.558333337306976
0.0526315793395042
-0.412499994039536
0.691666662693024
0.0526315793395042
~
-0.349999994039536
0.774999976158142
0.0526315793395042
-0.200000002980232
0.658333361148834
0.0526315793395042
-0.474999994039536
0.558333337306976
0.0526315793395042
-0.412499994039536
0.691666662693024
0.0526315793395042
~
-0.349999994039536
0.774999976158142
0.0526315793395042
-0.200000002980232
0.658333361148834
0.0526315793395042
-0.474999994039536
0.558333337306976
0.0526315793395042
-0.412499994039536
0.691666662693024
0.0526315793395042
~
-0.349999994039536
0.774999976158142
0.0526315793395042
-0.200000002980232
0.658333361148834
0.0526315793395042
-0.474999994039536
0.558333337306976
0.0526315793395042
-0.412499994039536
0.691666662693024
0.0526315793395042
~
-0.349999994039536
0.774999976158142
0.0526315793395042
-0.200000002980232
0.658333361148834
0.0526315793395042
-0.474999994039536
0.558333337306976
0.0526315793395042
-0.412499994039536
0.691666662693024
0.0526315793395042
~
-0.349999994039536
0.774999976158142
0.0526315793395042
-0.206249997019768
0.658333361148834
0.0526315793395042
-0.474999994039536
0.550000011920929
0.0526315793395042
-0.418749988079071
0.699999988079071
0.0526315793395042
~
-0.349999994039536
0.774999976158142
0.0526315793395042
-0.206249997019768
0.658333361148834
0.0526315793395042
-0.474999994039536
0.550000011920929
0.0526315793395042
-0.418749988079071
0.699999988079071
0.0526315793395042
~
-0.349999994039536
0.774999976158142
0.0526315793395042
-0.206249997019768
0.658333361148834
0.0526315793395042
-0.474999994039536
0.550000011920929
0.0526315793395042
-0.418749988079071
0.699999988079071
0.0526315793395042
~
-0.349999994039536
0.774999976158142
0.0526315793395042
-0.206249997019768
0.658333361148834
0.0526315793395042
-0.474999994039536
0.550000011920929
0.0526315793395042
-0.418749988079071
0.699999988079071
0.0526315793395042
~
-0.349999994039536
0.774999976158142
0.0526315793395042
-0.206249997019768
0.658333361148834
0.0526315793395042
-0.474999994039536
0.550000011920929
0.0526315793395042
-0.418749988079071
0.699999988079071
0.0526315793395042
~
-0.356249988079071
0.774999976158142
0.0526315793395042
-0.212500005960464
0.666666686534882
0.0526315793395042
-0.46875
0.550000011920929
0.0526315793395042
-0.418749988079071
0.699999988079071
0.0526315793395042
~
-0.356249988079071
0.774999976158142
0.0526315793395042
-0.212500005960464
0.666666686534882
0.0526315793395042
-0.46875
0.550000011920929
0.0526315793395042
-0.418749988079071
0.699999988079071
0.0526315793395042
~
-0.356249988079071
0.774999976158142
0.0526315793395042
-0.212500005960464
0.666666686534882
0.0526315793395042
-0.46875
0.550000011920929
0.0526315793395042
-0.418749988079071
0.699999988079071
0.0526315793395042
~
-0.356249988079071
0.774999976158142
0.0526315793395042
-0.212500005960464
0.666666686534882
0.0526315793395042
-0.46875
0.550000011920929
0.0526315793395042
-0.418749988079071
0.699999988079071
0.0526315793395042
~
-0.356249988079071
0.774999976158142
0.0526315793395042
-0.212500005960464
0.666666686534882
0.0526315793395042
-0.46875
0.550000011920929
0.0526315793395042
-0.418749988079071
0.699999988079071
0.0526315793395042
~
-0.356249988079071
0.783333361148834
0.0526315793395042
-0.206249997019768
0.683333337306976
0.0526315793395042
-0.487500011920929
0.574999988079071
0.0526315793395042
-0.418749988079071
0.691666662693024
0.0526315793395042
~
-0.356249988079071
0.783333361148834
0.0526315793395042
-0.206249997019768
0.683333337306976
0.0526315793395042
-0.487500011920929
0.574999988079071
0.0526315793395042
-0.418749988079071
0.691666662693024
0.0526315793395042
~
-0.356249988079071
0.783333361148834
0.0526315793395042
-0.206249997019768
0.683333337306976
0.0526315793395042
-0.487500011920929
0.574999988079071
0.0526315793395042
-0.418749988079071
0.691666662693024
0.0526315793395042
~
-0.356249988079071
0.783333361148834
0.0526315793395042
-0.206249997019768
0.683333337306976
0.0526315793395042
-0.487500011920929
0.574999988079071
0.0526315793395042
-0.418749988079071
0.691666662693024
0.0526315793395042
~
-0.356249988079071
0.783333361148834
0.0526315793395042
-0.206249997019768
0.683333337306976
0.0526315793395042
-0.487500011920929
0.574999988079071
0.0526315793395042
-0.418749988079071
0.691666662693024
0.0526315793395042
~
-0.349999994039536
0.783333361148834
0.0526315793395042
-0.193749994039536
0.683333337306976
0.0526315793395042
-0.462500005960464
0.550000011920929
0.0526315793395042
-0.412499994039536
0.691666662693024
0.0526315793395042
~
-0.349999994039536
0.783333361148834
0.0526315793395042
-0.193749994039536
0.683333337306976
0.0526315793395042
-0.462500005960464
0.550000011920929
0.0526315793395042
-0.412499994039536
0.691666662693024
0.0526315793395042
~
-0.349999994039536
0.783333361148834
0.0526315793395042
-0.193749994039536
0.683333337306976
0.0526315793395042
-0.462500005960464
0.550000011920929
0.0526315793395042
-0.412499994039536
0.691666662693024
0.0526315793395042
~
-0.349999994039536
0.783333361148834
0.0526315793395042
-0.193749994039536
0.683333337306976
0.0526315793395042
-0.462500005960464
0.550000011920929
0.0526315793395042
-0.412499994039536
0.691666662693024
0.0526315793395042
~
-0.349999994039536
0.783333361148834
0.0526315793395042
-0.193749994039536
0.683333337306976
0.0526315793395042
-0.462500005960464
0.550000011920929
0.0526315793395042
-0.412499994039536
0.691666662693024
0.0526315793395042
~
-0.349999994039536
0.774999976158142
0.0526315793395042
-0.206249997019768
0.675000011920929
0.0526315793395042
-0.46875
0.558333337306976
0.0526315793395042
-0.412499994039536
0.691666662693024
0.0526315793395042
~
-0.349999994039536
0.774999976158142
0.0526315793395042
-0.206249997019768
0.675000011920929
0.0526315793395042
-0.46875
0.558333337306976
0.0526315793395042
-0.412499994039536
0.691666662693024
0.0526315793395042
~
-0.349999994039536
0.774999976158142
0.0526315793395042
-0.206249997019768
0.675000011920929
0.0526315793395042
-0.46875
0.558333337306976
0.0526315793395042
-0.412499994039536
0.691666662693024
0.0526315793395042
~
-0.349999994039536
0.774999976158142
0.0526315793395042
-0.206249997019768
0.675000011920929
0.0526315793395042
-0.46875
0.558333337306976
0.0526315793395042
-0.412499994039536
0.691666662693024
0.0526315793395042
~
-0.349999994039536
0.774999976158142
0.0526315793395042
-0.206249997019768
0.675000011920929
0.0526315793395042
-0.46875
0.558333337306976
0.0526315793395042
-0.412499994039536
0.691666662693024
0.0526315793395042
~
-0.349999994039536
0.783333361148834
0.0526315793395042
-0.206249997019768
0.666666686534882
0.0526315793395042
-0.474999994039536
0.558333337306976
0.0526315793395042
-0.412499994039536
0.691666662693024
0.0526315793395042
~
-0.349999994039536
0.783333361148834
0.0526315793395042
-0.206249997019768
0.666666686534882
0.0526315793395042
-0.474999994039536
0.558333337306976
0.0526315793395042
-0.412499994039536
0.691666662693024
0.0526315793395042
~
-0.349999994039536
0.783333361148834
0.0526315793395042
-0.206249997019768
0.666666686534882
0.0526315793395042
-0.474999994039536
0.558333337306976
0.0526315793395042
-0.412499994039536
0.691666662693024
0.0526315793395042
~
-0.349999994039536
0.783333361148834
0.0526315793395042
-0.206249997019768
0.666666686534882
0.0526315793395042
-0.474999994039536
0.558333337306976
0.0526315793395042
-0.412499994039536
0.691666662693024
0.0526315793395042
~
-0.349999994039536
0.783333361148834
0.0526315793395042
-0.206249997019768
0.666666686534882
0.0526315793395042
-0.474999994039536
0.558333337306976
0.0526315793395042
-0.412499994039536
0.691666662693024
0.0526315793395042
~
-0.349999994039536
0.783333361148834
0.0526315793395042
-0.206249997019768
0.683333337306976
0.0526315793395042
-0.46875
0.558333337306976
0.0526315793395042
-0.412499994039536
0.699999988079071
0.0526315793395042
~
-0.349999994039536
0.783333361148834
0.0526315793395042
-0.206249997019768
0.683333337306976
0.0526315793395042
-0.46875
0.558333337306976
0.0526315793395042
-0.412499994039536
0.699999988079071
0.0526315793395042
~
-0.349999994039536
0.783333361148834
0.0526315793395042
-0.206249997019768
0.683333337306976
0.0526315793395042
-0.46875
0.558333337306976
0.0526315793395042
-0.412499994039536
0.699999988079071
0.0526315793395042
~
-0.349999994039536
0.783333361148834
0.0526315793395042
-0.206249997019768
0.683333337306976
0.0526315793395042
-0.46875
0.558333337306976
0.0526315793395042
-0.412499994039536
0.699999988079071
0.0526315793395042
~
-0.349999994039536
0.783333361148834
0.0526315793395042
-0.206249997019768
0.683333337306976
0.0526315793395042
-0.46875
0.558333337306976
0.0526315793395042
-0.412499994039536
0.699999988079071
0.0526315793395042
~
-0.356249988079071
0.783333361148834
0.0526315793395042
-0.206249997019768
0.675000011920929
0.0526315793395042
-0.46875
0.566666662693024
0.0526315793395042
-0.418749988079071
0.708333313465118
0.0526315793395042
~
-0.356249988079071
0.783333361148834
0.0526315793395042
-0.206249997019768
0.675000011920929
0.0526315793395042
-0.46875
0.566666662693024
0.0526315793395042
-0.418749988079071
0.708333313465118
0.0526315793395042
~
-0.356249988079071
0.783333361148834
0.0526315793395042
-0.206249997019768
0.675000011920929
0.0526315793395042
-0.46875
0.566666662693024
0.0526315793395042
-0.418749988079071
0.708333313465118
0.0526315793395042
~
-0.356249988079071
0.783333361148834
0.0526315793395042
-0.206249997019768
0.675000011920929
0.0526315793395042
-0.46875
0.566666662693024
0.0526315793395042
-0.418749988079071
0.708333313465118
0.0526315793395042
~
-0.356249988079071
0.783333361148834
0.0526315793395042
-0.206249997019768
0.675000011920929
0.0526315793395042
-0.46875
0.566666662693024
0.0526315793395042
-0.418749988079071
0.708333313465118
0.0526315793395042
~
-0.356249988079071
0.783333361148834
0.0526315793395042
-0.206249997019768
0.683333337306976
0.0526315793395042
-0.46875
0.558333337306976
0.0526315793395042
-0.412499994039536
0.699999988079071
0.0526315793395042
~
-0.356249988079071
0.783333361148834
0.0526315793395042
-0.206249997019768
0.683333337306976
0.0526315793395042
-0.46875
0.558333337306976
0.0526315793395042
-0.412499994039536
0.699999988079071
0.0526315793395042
~
-0.356249988079071
0.783333361148834
0.0526315793395042
-0.206249997019768
0.683333337306976
0.0526315793395042
-0.46875
0.558333337306976
0.0526315793395042
-0.412499994039536
0.699999988079071
0.0526315793395042
~
-0.356249988079071
0.783333361148834
0.0526315793395042
-0.206249997019768
0.683333337306976
0.0526315793395042
-0.46875
0.558333337306976
0.0526315793395042
-0.412499994039536
0.699999988079071
0.0526315793395042
~
----
@f
-0.368750005960464
0.741666674613953
0.0526315793395042
-0.34375
0.233333334326744
0.0526315793395042
-0.524999976158142
0.541666686534882
0.0526315793395042
-0.443749994039536
0.658333361148834
0.0526315793395042
~
-0.368750005960464
0.741666674613953
0.0526315793395042
-0.34375
0.233333334326744
0.0526315793395042
-0.524999976158142
0.541666686534882
0.0526315793395042
-0.443749994039536
0.658333361148834
0.0526315793395042
~
-0.368750005960464
0.741666674613953
0.0526315793395042
-0.34375
0.233333334326744
0.0526315793395042
-0.524999976158142
0.541666686534882
0.0526315793395042
-0.443749994039536
0.658333361148834
0.0526315793395042
~
-0.368750005960464
0.741666674613953
0.0526315793395042
-0.34375
0.233333334326744
0.0526315793395042
-0.524999976158142
0.541666686534882
0.0526315793395042
-0.443749994039536
0.658333361148834
0.0526315793395042
~
-0.387499988079071
0.716666638851166
0.0526315793395042
-0.543749988079071
0.508333325386047
0.0526315793395042
-0.474999994039536
0.649999976158142
0.0526315793395042
~
-0.387499988079071
0.716666638851166
0.0526315793395042
-0.543749988079071
0.508333325386047
0.0526315793395042
-0.474999994039536
0.649999976158142
0.0526315793395042
~
-0.387499988079071
0.716666638851166
0.0526315793395042
-0.543749988079071
0.508333325386047
0.0526315793395042
-0.474999994039536
0.649999976158142
0.0526315793395042
~
-0.387499988079071
0.716666638851166
0.0526315793395042
-0.543749988079071
0.508333325386047
0.0526315793395042
-0.474999994039536
0.649999976158142
0.0526315793395042
~
-0.387499988079071
0.716666638851166
0.0526315793395042
-0.543749988079071
0.508333325386047
0.0526315793395042
-0.474999994039536
0.649999976158142
0.0526315793395042
~
-0.412499994039536
0.741666674613953
0.0526315793395042
-0.568750023841858
0.516666650772095
0.0526315793395042
-0.493750005960464
0.658333361148834
0.0526315793395042
~
-0.412499994039536
0.741666674613953
0.0526315793395042
-0.568750023841858
0.516666650772095
0.0526315793395042
-0.493750005960464
0.658333361148834
0.0526315793395042
~
-0.412499994039536
0.741666674613953
0.0526315793395042
-0.568750023841858
0.516666650772095
0.0526315793395042
-0.493750005960464
0.658333361148834
0.0526315793395042
~
-0.412499994039536
0.741666674613953
0.0526315793395042
-0.568750023841858
0.516666650772095
0.0526315793395042
-0.493750005960464
0.658333361148834
0.0526315793395042
~
-0.412499994039536
0.741666674613953
0.0526315793395042
-0.568750023841858
0.516666650772095
0.0526315793395042
-0.493750005960464
0.658333361148834
0.0526315793395042
~
-0.431250005960464
0.75
0.0526315793395042
-0.574999988079071
0.524999976158142
0.0526315793395042
-0.506250023841858
0.649999976158142
0.0526315793395042
~
-0.431250005960464
0.75
0.0526315793395042
-0.574999988079071
0.524999976158142
0.0526315793395042
-0.506250023841858
0.649999976158142
0.0526315793395042
~
-0.431250005960464
0.75
0.0526315793395042
-0.574999988079071
0.524999976158142
0.0526315793395042
-0.506250023841858
0.649999976158142
0.0526315793395042
~
-0.431250005960464
0.75
0.0526315793395042
-0.574999988079071
0.524999976158142
0.0526315793395042
-0.506250023841858
0.649999976158142
0.0526315793395042
~
-0.431250005960464
0.75
0.0526315793395042
-0.574999988079071
0.524999976158142
0.0526315793395042
-0.506250023841858
0.649999976158142
0.0526315793395042
~
-0.443749994039536
0.758333325386047
0.0526315793395042
-0.568750023841858
0.524999976158142
0.0526315793395042
-0.524999976158142
0.675000011920929
0.0526315793395042
~
-0.443749994039536
0.758333325386047
0.0526315793395042
-0.568750023841858
0.524999976158142
0.0526315793395042
-0.524999976158142
0.675000011920929
0.0526315793395042
~
-0.443749994039536
0.758333325386047
0.0526315793395042
-0.568750023841858
0.524999976158142
0.0526315793395042
-0.524999976158142
0.675000011920929
0.0526315793395042
~
-0.443749994039536
0.758333325386047
0.0526315793395042
-0.568750023841858
0.524999976158142
0.0526315793395042
-0.524999976158142
0.675000011920929
0.0526315793395042
~
-0.443749994039536
0.758333325386047
0.0526315793395042
-0.568750023841858
0.524999976158142
0.0526315793395042
-0.524999976158142
0.675000011920929
0.0526315793395042
~
-0.449999988079071
0.75
0.0526315793395042
-0.587499976158142
0.533333361148834
0.0526315793395042
-0.524999976158142
0.675000011920929
0.0526315793395042
~
-0.449999988079071
0.75
0.0526315793395042
-0.587499976158142
0.533333361148834
0.0526315793395042
-0.524999976158142
0.675000011920929
0.0526315793395042
~
-0.449999988079071
0.75
0.0526315793395042
-0.587499976158142
0.533333361148834
0.0526315793395042
-0.524999976158142
0.675000011920929
0.0526315793395042
~
-0.449999988079071
0.75
0.0526315793395042
-0.587499976158142
0.533333361148834
0.0526315793395042
-0.524999976158142
0.675000011920929
0.0526315793395042
~
-0.449999988079071
0.75
0.0526315793395042
-0.587499976158142
0.533333361148834
0.0526315793395042
-0.524999976158142
0.675000011920929
0.0526315793395042
~
-0.449999988079071
0.758333325386047
0.0526315793395042
-0.574999988079071
0.541666686534882
0.0526315793395042
-0.518750011920929
0.675000011920929
0.0526315793395042
~
-0.449999988079071
0.758333325386047
0.0526315793395042
-0.574999988079071
0.541666686534882
0.0526315793395042
-0.518750011920929
0.675000011920929
0.0526315793395042
~
-0.449999988079071
0.758333325386047
0.0526315793395042
-0.574999988079071
0.541666686534882
0.0526315793395042
-0.518750011920929
0.675000011920929
0.0526315793395042
~
-0.449999988079071
0.758333325386047
0.0526315793395042
-0.574999988079071
0.541666686534882
0.0526315793395042
-0.518750011920929
0.675000011920929
0.0526315793395042
~
-0.449999988079071
0.758333325386047
0.0526315793395042
-0.574999988079071
0.541666686534882
0.0526315793395042
-0.518750011920929
0.675000011920929
0.0526315793395042
~
-0.4375
0.758333325386047
0.0526315793395042
-0.574999988079071
0.533333361148834
0.0526315793395042
-0.512499988079071
0.675000011920929
0.0526315793395042
~
-0.4375
0.758333325386047
0.0526315793395042
-0.574999988079071
0.533333361148834
0.0526315793395042
-0.512499988079071
0.675000011920929
0.0526315793395042
~
-0.4375
0.758333325386047
0.0526315793395042
-0.574999988079071
0.533333361148834
0.0526315793395042
-0.512499988079071
0.675000011920929
0.0526315793395042
~
-0.4375
0.758333325386047
0.0526315793395042
-0.574999988079071
0.533333361148834
0.0526315793395042
-0.512499988079071
0.675000011920929
0.0526315793395042
~
-0.4375
0.758333325386047
0.0526315793395042
-0.574999988079071
0.533333361148834
0.0526315793395042
-0.512499988079071
0.675000011920929
0.0526315793395042
~
-0.4375
0.766666650772095
0.0526315793395042
-0.5625
0.533333361148834
0.0526315793395042
-0.512499988079071
0.683333337306976
0.0526315793395042
~
-0.4375
0.766666650772095
0.0526315793395042
-0.5625
0.533333361148834
0.0526315793395042
-0.512499988079071
0.683333337306976
0.0526315793395042
~
-0.4375
0.766666650772095
0.0526315793395042
-0.5625
0.533333361148834
0.0526315793395042
-0.512499988079071
0.683333337306976
0.0526315793395042
~
-0.4375
0.766666650772095
0.0526315793395042
-0.5625
0.533333361148834
0.0526315793395042
-0.512499988079071
0.683333337306976
0.0526315793395042
~
-0.4375
0.766666650772095
0.0526315793395042
-0.5625
0.533333361148834
0.0526315793395042
-0.512499988079071
0.683333337306976
0.0526315793395042
~
-0.431250005960464
0.774999976158142
0.0526315793395042
-0.556249976158142
0.541666686534882
0.0526315793395042
-0.506250023841858
0.675000011920929
0.0526315793395042
~
-0.431250005960464
0.774999976158142
0.0526315793395042
-0.556249976158142
0.541666686534882
0.0526315793395042
-0.506250023841858
0.675000011920929
0.0526315793395042
~
-0.431250005960464
0.774999976158142
0.0526315793395042
-0.556249976158142
0.541666686534882
0.0526315793395042
-0.506250023841858
0.675000011920929
0.0526315793395042
~
-0.431250005960464
0.774999976158142
0.0526315793395042
-0.556249976158142
0.541666686534882
0.0526315793395042
-0.506250023841858
0.675000011920929
0.0526315793395042
~
-0.431250005960464
0.774999976158142
0.0526315793395042
-0.556249976158142
0.541666686534882
0.0526315793395042
-0.506250023841858
0.675000011920929
0.0526315793395042
~
-0.431250005960464
0.774999976158142
0.0526315793395042
-0.556249976158142
0.558333337306976
0.0526315793395042
-0.506250023841858
0.699999988079071
0.0526315793395042
~
-0.431250005960464
0.774999976158142
0.0526315793395042
-0.556249976158142
0.558333337306976
0.0526315793395042
-0.506250023841858
0.699999988079071
0.0526315793395042
~
-0.431250005960464
0.774999976158142
0.0526315793395042
-0.556249976158142
0.558333337306976
0.0526315793395042
-0.506250023841858
0.699999988079071
0.0526315793395042
~
-0.431250005960464
0.774999976158142
0.0526315793395042
-0.556249976158142
0.558333337306976
0.0526315793395042
-0.506250023841858
0.699999988079071
0.0526315793395042
~
-0.431250005960464
0.774999976158142
0.0526315793395042
-0.556249976158142
0.558333337306976
0.0526315793395042
-0.506250023841858
0.699999988079071
0.0526315793395042
~
-0.4375
0.783333361148834
0.0526315793395042
-0.556249976158142
0.550000011920929
0.0526315793395042
-0.506250023841858
0.708333313465118
0.0526315793395042
~
-0.4375
0.783333361148834
0.0526315793395042
-0.556249976158142
0.550000011920929
0.0526315793395042
-0.506250023841858
0.708333313465118
0.0526315793395042
~
-0.4375
0.783333361148834
0.0526315793395042
-0.556249976158142
0.550000011920929
0.0526315793395042
-0.506250023841858
0.708333313465118
0.0526315793395042
~
-0.4375
0.783333361148834
0.0526315793395042
-0.556249976158142
0.550000011920929
0.0526315793395042
-0.506250023841858
0.708333313465118
0.0526315793395042
~
-0.4375
0.783333361148834
0.0526315793395042
-0.556249976158142
0.550000011920929
0.0526315793395042
-0.506250023841858
0.708333313465118
0.0526315793395042
~
-0.443749994039536
0.791666686534882
0.0526315793395042
-0.5625
0.550000011920929
0.0526315793395042
-0.506250023841858
0.691666662693024
0.0526315793395042
~
-0.443749994039536
0.791666686534882
0.0526315793395042
-0.5625
0.550000011920929
0.0526315793395042
-0.506250023841858
0.691666662693024
0.0526315793395042
~
-0.443749994039536
0.791666686534882
0.0526315793395042
-0.5625
0.550000011920929
0.0526315793395042
-0.506250023841858
0.691666662693024
0.0526315793395042
~
-0.443749994039536
0.791666686534882
0.0526315793395042
-0.5625
0.550000011920929
0.0526315793395042
-0.506250023841858
0.691666662693024
0.0526315793395042
~
-0.443749994039536
0.791666686534882
0.0526315793395042
-0.5625
0.550000011920929
0.0526315793395042
-0.506250023841858
0.691666662693024
0.0526315793395042
~
-0.449999988079071
0.783333361148834
0.0526315793395042
-0.568750023841858
0.558333337306976
0.0526315793395042
-0.518750011920929
0.691666662693024
0.0526315793395042
~
-0.449999988079071
0.783333361148834
0.0526315793395042
-0.568750023841858
0.558333337306976
0.0526315793395042
-0.518750011920929
0.691666662693024
0.0526315793395042
~
----