@uno
-0.4375
0.608333349227905
0.0526315793395042
~
-0.4375
0.608333349227905
0.0526315793395042
~
-0.4375
0.608333349227905
0.0526315793395042
~
-0.443749994039536
0.608333349227905
0.0526315793395042
-0.443749994039536
0.341666668653488
0.0526315793395042
~
-0.443749994039536
0.608333349227905
0.0526315793395042
-0.443749994039536
0.341666668653488
0.0526315793395042
~
-0.443749994039536
0.608333349227905
0.0526315793395042
-0.443749994039536
0.341666668653488
0.0526315793395042
~
-0.443749994039536
0.608333349227905
0.0526315793395042
-0.443749994039536
0.341666668653488
0.0526315793395042
~
-0.443749994039536
0.608333349227905
0.0526315793395042
-0.443749994039536
0.341666668653488
0.0526315793395042
~
-0.443749994039536
0.608333349227905
0.0526315793395042
~
-0.443749994039536
0.608333349227905
0.0526315793395042
~
-0.443749994039536
0.608333349227905
0.0526315793395042
~
-0.443749994039536
0.608333349227905
0.0526315793395042
~
-0.443749994039536
0.608333349227905
0.0526315793395042
~
-0.443749994039536
0.608333349227905
0.0526315793395042
-0.449999988079071
0.341666668653488
0.0526315793395042
~
-0.443749994039536
0.608333349227905
0.0526315793395042
-0.449999988079071
0.341666668653488
0.0526315793395042
~
-0.443749994039536
0.608333349227905
0.0526315793395042
-0.449999988079071
0.341666668653488
0.0526315793395042
~
-0.443749994039536
0.608333349227905
0.0526315793395042
-0.449999988079071
0.341666668653488
0.0526315793395042
~
-0.443749994039536
0.608333349227905
0.0526315793395042
-0.449999988079071
0.341666668653488
0.0526315793395042
~
-0.443749994039536
0.608333349227905
0.0526315793395042
~
-0.443749994039536
0.608333349227905
0.0526315793395042
~
-0.443749994039536
0.608333349227905
0.0526315793395042
~
-0.443749994039536
0.608333349227905
0.0526315793395042
~
-0.443749994039536
0.608333349227905
0.0526315793395042
~
-0.443749994039536
0.608333349227905
0.0526315793395042
~
-0.443749994039536
0.608333349227905
0.0526315793395042
~
-0.443749994039536
0.608333349227905
0.0526315793395042
~
-0.443749994039536
0.608333349227905
0.0526315793395042
~
-0.443749994039536
0.608333349227905
0.0526315793395042
~
-0.443749994039536
0.608333349227905
0.0526315793395042
~
-0.443749994039536
0.608333349227905
0.0526315793395042
~
-0.443749994039536
0.608333349227905
0.0526315793395042
~
-0.443749994039536
0.608333349227905
0.0526315793395042
~
-0.443749994039536
0.608333349227905
0.0526315793395042
~
-0.443749994039536
0.608333349227905
0.0526315793395042
~
----
@Two
-0.393750011920929
0.608333349227905
0.0526315793395042
-0.600000023841858
0.533333361148834
0.0526315793395042
~
-0.393750011920929
0.608333349227905
0.0526315793395042
-0.600000023841858
0.533333361148834
0.0526315793395042
~
-0.393750011920929
0.608333349227905
0.0526315793395042
-0.600000023841858
0.533333361148834
0.0526315793395042
~
-0.393750011920929
0.608333349227905
0.0526315793395042
-0.600000023841858
0.533333361148834
0.0526315793395042
~
-0.393750011920929
0.608333349227905
0.0526315793395042
-0.600000023841858
0.533333361148834
0.0526315793395042
~
-0.40625
0.608333349227905
0.0526315793395042
-0.600000023841858
0.541666686534882
0.0526315793395042
~
-0.40625
0.608333349227905
0.0526315793395042
-0.600000023841858
0.541666686534882
0.0526315793395042
~
-0.40625
0.608333349227905
0.0526315793395042
-0.600000023841858
0.541666686534882
0.0526315793395042
~
-0.40625
0.608333349227905
0.0526315793395042
-0.600000023841858
0.541666686534882
0.0526315793395042
~
-0.40625
0.608333349227905
0.0526315793395042
-0.600000023841858
0.541666686534882
0.0526315793395042
~
-0.412499994039536
0.600000023841858
0.0526315793395042
-0.387499988079071
0.141666665673256
0.0526315793395042
-0.600000023841858
0.541666686534882
0.0526315793395042
~
-0.412499994039536
0.600000023841858
0.0526315793395042
-0.387499988079071
0.141666665673256
0.0526315793395042
-0.600000023841858
0.541666686534882
0.0526315793395042
~
-0.412499994039536
0.600000023841858
0.0526315793395042
-0.387499988079071
0.141666665673256
0.0526315793395042
-0.600000023841858
0.541666686534882
0.0526315793395042
~
-0.412499994039536
0.600000023841858
0.0526315793395042
-0.387499988079071
0.141666665673256
0.0526315793395042
-0.600000023841858
0.541666686534882
0.0526315793395042
~
-0.412499994039536
0.600000023841858
0.0526315793395042
-0.387499988079071
0.141666665673256
0.0526315793395042
-0.600000023841858
0.541666686534882
0.0526315793395042
~
-0.40625
0.600000023841858
0.0526315793395042
-0.606249988079071
0.550000011920929
0.0526315793395042
~
-0.40625
0.600000023841858
0.0526315793395042
-0.606249988079071
0.550000011920929
0.0526315793395042
~
-0.40625
0.600000023841858
0.0526315793395042
-0.606249988079071
0.550000011920929
0.0526315793395042
~
-0.40625
0.600000023841858
0.0526315793395042
-0.606249988079071
0.550000011920929
0.0526315793395042
~
-0.40625
0.600000023841858
0.0526315793395042
-0.606249988079071
0.550000011920929
0.0526315793395042
~
-0.412499994039536
0.616666674613953
0.0526315793395042
-0.400000005960464
0.141666665673256
0.0526315793395042
-0.550000011920929
0.25
0.0526315793395042
-0.606249988079071
0.550000011920929
0.0526315793395042
~
-0.412499994039536
0.616666674613953
0.0526315793395042
-0.400000005960464
0.141666665673256
0.0526315793395042
-0.550000011920929
0.25
0.0526315793395042
-0.606249988079071
0.550000011920929
0.0526315793395042
~
-0.412499994039536
0.616666674613953
0.0526315793395042
-0.400000005960464
0.141666665673256
0.0526315793395042
-0.550000011920929
0.25
0.0526315793395042
-0.606249988079071
0.550000011920929
0.0526315793395042
~
-0.412499994039536
0.616666674613953
0.0526315793395042
-0.400000005960464
0.141666665673256
0.0526315793395042
-0.550000011920929
0.25
0.0526315793395042
-0.606249988079071
0.550000011920929
0.0526315793395042
~
-0.412499994039536
0.616666674613953
0.0526315793395042
-0.400000005960464
0.141666665673256
0.0526315793395042
-0.550000011920929
0.25
0.0526315793395042
-0.606249988079071
0.550000011920929
0.0526315793395042
~
-0.412499994039536
0.616666674613953
0.0526315793395042
-0.40625
0.150000005960464
0.0526315793395042
-0.606249988079071
0.541666686534882
0.0526315793395042
~
-0.412499994039536
0.616666674613953
0.0526315793395042
-0.40625
0.150000005960464
0.0526315793395042
-0.606249988079071
0.541666686534882
0.0526315793395042
~
-0.412499994039536
0.616666674613953
0.0526315793395042
-0.40625
0.150000005960464
0.0526315793395042
-0.606249988079071
0.541666686534882
0.0526315793395042
~
-0.412499994039536
0.616666674613953
0.0526315793395042
-0.40625
0.150000005960464
0.0526315793395042
-0.606249988079071
0.541666686534882
0.0526315793395042
~
-0.412499994039536
0.616666674613953
0.0526315793395042
-0.40625
0.150000005960464
0.0526315793395042
-0.606249988079071
0.541666686534882
0.0526315793395042
~
-0.412499994039536
0.616666674613953
0.0526315793395042
-0.600000023841858
0.541666686534882
0.0526315793395042
~
-0.412499994039536
0.616666674613953
0.0526315793395042
-0.600000023841858
0.541666686534882
0.0526315793395042
~
-0.412499994039536
0.616666674613953
0.0526315793395042
-0.600000023841858
0.541666686534882
0.0526315793395042
~
-0.412499994039536
0.616666674613953
0.0526315793395042
-0.600000023841858
0.541666686534882
0.0526315793395042
~
----
@tros
-0.456250011920929
0.683333337306976
0.0526315793395042
-0.337500005960464
0.558333337306976
0.0526315793395042
-0.543749988079071
0.566666662693024
0.0526315793395042
~
-0.456250011920929
0.683333337306976
0.0526315793395042
-0.337500005960464
0.583333313465118
0.0526315793395042
-0.550000011920929
0.566666662693024
0.0526315793395042
~
-0.456250011920929
0.683333337306976
0.0526315793395042
-0.337500005960464
0.583333313465118
0.0526315793395042
-0.550000011920929
0.566666662693024
0.0526315793395042
~
-0.456250011920929
0.683333337306976
0.0526315793395042
-0.337500005960464
0.583333313465118
0.0526315793395042
-0.550000011920929
0.566666662693024
0.0526315793395042
~
-0.456250011920929
0.683333337306976
0.0526315793395042
-0.337500005960464
0.583333313465118
0.0526315793395042
-0.550000011920929
0.566666662693024
0.0526315793395042
~
-0.456250011920929
0.683333337306976
0.0526315793395042
-0.337500005960464
0.583333313465118
0.0526315793395042
-0.550000011920929
0.566666662693024
0.0526315793395042
~
-0.456250011920929
0.683333337306976
0.0526315793395042
-0.337500005960464
0.574999988079071
0.0526315793395042
-0.543749988079071
0.558333337306976
0.0526315793395042
~
-0.456250011920929
0.683333337306976
0.0526315793395042
-0.337500005960464
0.574999988079071
0.0526315793395042
-0.543749988079071
0.558333337306976
0.0526315793395042
~
-0.456250011920929
0.683333337306976
0.0526315793395042
-0.337500005960464
0.574999988079071
0.0526315793395042
-0.543749988079071
0.558333337306976
0.0526315793395042
~
-0.456250011920929
0.683333337306976
0.0526315793395042
-0.337500005960464
0.574999988079071
0.0526315793395042
-0.543749988079071
0.558333337306976
0.0526315793395042
~
-0.456250011920929
0.683333337306976
0.0526315793395042
-0.337500005960464
0.574999988079071
0.0526315793395042
-0.543749988079071
0.558333337306976
0.0526315793395042
~
-0.456250011920929
0.683333337306976
0.0526315793395042
-0.34375
0.566666662693024
0.0526315793395042
-0.543749988079071
0.541666686534882
0.0526315793395042
~
-0.456250011920929
0.683333337306976
0.0526315793395042
-0.34375
0.566666662693024
0.0526315793395042
-0.543749988079071
0.541666686534882
0.0526315793395042
~
-0.456250011920929
0.683333337306976
0.0526315793395042
-0.34375
0.566666662693024
0.0526315793395042
-0.543749988079071
0.541666686534882
0.0526315793395042
~
-0.456250011920929
0.683333337306976
0.0526315793395042
-0.34375
0.566666662693024
0.0526315793395042
-0.543749988079071
0.541666686534882
0.0526315793395042
~
-0.456250011920929
0.683333337306976
0.0526315793395042
-0.34375
0.566666662693024
0.0526315793395042
-0.543749988079071
0.541666686534882
0.0526315793395042
~
-0.456250011920929
0.683333337306976
0.0526315793395042
-0.337500005960464
0.566666662693024
0.0526315793395042
-0.568750023841858
0.358333319425583
0.0526315793395042
-0.456250011920929
0.283333331346512
0.0526315793395042
-0.550000011920929
0.558333337306976
0.0526315793395042
~
-0.456250011920929
0.683333337306976
0.0526315793395042
-0.337500005960464
0.566666662693024
0.0526315793395042
-0.568750023841858
0.358333319425583
0.0526315793395042
-0.456250011920929
0.283333331346512
0.0526315793395042
-0.550000011920929
0.558333337306976
0.0526315793395042
~
-0.456250011920929
0.683333337306976
0.0526315793395042
-0.337500005960464
0.566666662693024
0.0526315793395042
-0.568750023841858
0.358333319425583
0.0526315793395042
-0.456250011920929
0.283333331346512
0.0526315793395042
-0.550000011920929
0.558333337306976
0.0526315793395042
~
-0.456250011920929
0.683333337306976
0.0526315793395042
-0.337500005960464
0.566666662693024
0.0526315793395042
-0.568750023841858
0.358333319425583
0.0526315793395042
-0.456250011920929
0.283333331346512
0.0526315793395042
-0.550000011920929
0.558333337306976
0.0526315793395042
~
-0.456250011920929
0.683333337306976
0.0526315793395042
-0.337500005960464
0.566666662693024
0.0526315793395042
-0.568750023841858
0.358333319425583
0.0526315793395042
-0.456250011920929
0.283333331346512
0.0526315793395042
-0.550000011920929
0.558333337306976
0.0526315793395042
~
-0.456250011920929
0.683333337306976
0.0526315793395042
-0.337500005960464
0.566666662693024
0.0526315793395042
-0.550000011920929
0.558333337306976
0.0526315793395042
~
-0.456250011920929
0.683333337306976
0.0526315793395042
-0.337500005960464
0.566666662693024
0.0526315793395042
-0.550000011920929
0.558333337306976
0.0526315793395042
~
-0.456250011920929
0.683333337306976
0.0526315793395042
-0.337500005960464
0.566666662693024
0.0526315793395042
-0.550000011920929
0.558333337306976
0.0526315793395042
~
-0.456250011920929
0.683333337306976
0.0526315793395042
-0.337500005960464
0.566666662693024
0.0526315793395042
-0.550000011920929
0.558333337306976
0.0526315793395042
~
-0.456250011920929
0.683333337306976
0.0526315793395042
-0.337500005960464
0.566666662693024
0.0526315793395042
-0.550000011920929
0.558333337306976
0.0526315793395042
~
-0.449999988079071
0.683333337306976
0.0526315793395042
-0.337500005960464
0.566666662693024
0.0526315793395042
-0.543749988079071
0.550000011920929
0.0526315793395042
~
-0.449999988079071
0.683333337306976
0.0526315793395042
-0.337500005960464
0.566666662693024
0.0526315793395042
-0.543749988079071
0.550000011920929
0.0526315793395042
~
-0.449999988079071
0.683333337306976
0.0526315793395042
-0.337500005960464
0.566666662693024
0.0526315793395042
-0.543749988079071
0.550000011920929
0.0526315793395042
~
-0.449999988079071
0.683333337306976
0.0526315793395042
-0.337500005960464
0.566666662693024
0.0526315793395042
-0.543749988079071
0.550000011920929
0.0526315793395042
~
-0.449999988079071
0.683333337306976
0.0526315793395042
-0.337500005960464
0.566666662693024
0.0526315793395042
-0.543749988079071
0.550000011920929
0.0526315793395042
~
-0.443749994039536
0.683333337306976
0.0526315793395042
-0.337500005960464
0.566666662693024
0.0526315793395042
-0.543749988079071
0.550000011920929
0.0526315793395042
~
-0.443749994039536
0.683333337306976
0.0526315793395042
-0.337500005960464
0.566666662693024
0.0526315793395042
-0.543749988079071
0.550000011920929
0.0526315793395042
~
-0.443749994039536
0.683333337306976
0.0526315793395042
-0.337500005960464
0.566666662693024
0.0526315793395042
-0.543749988079071
0.550000011920929
0.0526315793395042
~
----