@RockOn
-0.60465853643448
0.840981470854184
-1.32421149700706
-0.713712700451695
0.637907661103026
-1.28365984020848
-0.945008522092048
-0.0435459895032591
-0.98459188494316
0.82148880698452
-0.87423183143093
-0.0323973592084691
0.967071666356969
-1.54782966430268
-0.405763107595449
1.0186011413067
-1.81803630607376
-0.584871052281575
~
-0.604757845272966
0.840243963831731
-1.32393949038777
-0.716219310353579
0.644673399221962
-1.26697729287243
-0.944938687948291
-0.0438037106211727
-0.985587786856244
0.820752288115687
-0.873550357718938
-0.032572905109686
0.908816336018589
-1.64118101128919
-0.517859802946147
1.05649530832977
-1.8233067161733
-0.580270379820741
~
-0.604937226566918
0.840369754369595
-1.32367845926317
-0.715511069912178
0.643184605404812
-1.27087570286792
-0.944338422157498
-0.0434305367727493
-0.985192811903497
0.820849159930381
-0.872090248868671
-0.0322219563342616
0.978215407986083
-1.54624781047927
-0.397889647096515
0.931786564711136
-1.79059961479695
-0.611962426968303
~
-0.605922747891579
0.839096060007458
-1.3263255590577
-0.718108233739616
0.634767834032532
-1.29140368675336
-0.945791973058491
-0.0463860376503978
-0.986256078457755
0.821733732292872
-0.874415565390255
-0.0329023406347643
0.978845887892248
-1.5501247272166
-0.398046322328424
0.92755831073954
-1.79255933060704
-0.613921421908502
~
-0.607541083590765
0.839474759357432
-1.32835025818774
-0.719256559135023
0.640108140407386
-1.27371334108071
-0.947018037693445
-0.0483652902537163
-0.98598388146167
0.821791616552507
-0.875998044078873
-0.0337791833245824
0.978675943278077
-1.55321801534508
-0.398006921572659
0.918199193021968
-1.7905160826677
-0.617785425046878
~
-0.607481981248678
0.839824644212024
-1.32711138660102
-0.719330071868589
0.64156549920027
-1.27658590340731
-0.946854231944576
-0.0461535982263405
-0.987736624826205
0.822029078662558
-0.873890713384502
-0.0324480329396084
0.977271317136734
-1.55122939690489
-0.39627065901071
0.930712759145705
-1.79408717062281
-0.613122283000272
~
-0.607319061154168
0.840697246327813
-1.32573611547135
-0.718274199038913
0.643303369257797
-1.27167934348331
-0.946161032465025
-0.044846951090896
-0.985980629871482
0.822130565613399
-0.871599588129921
-0.0315377082717745
0.90760957735814
-1.64426442986749
-0.525104464690809
0.885848525181481
-1.8287280216154
-0.681701912255042
~
-0.606396981759798
0.840838192060096
-1.32335686476407
-0.716412514058781
0.645032004696716
-1.267849339548
-0.944593386936883
-0.0430156782980228
-0.985445925977778
0.821793685956557
-0.870179298892371
-0.0307455018189039
1.07384057781244
-1.78086427747991
-0.49055007511881
0.882168284547138
-1.81032878101726
-0.669478865804614
~
-0.605833454367657
0.841005580940638
-1.32355872090354
-0.716279901311283
0.644727022382128
-1.26660728533108
-0.944194151316846
-0.0437701279492569
-0.984849988832958
0.823003993318192
-0.871001757465458
-0.030945345677719
1.07898289246079
-1.78260331371121
-0.486713256318239
0.881028413901742
-1.81555608428979
-0.675031194874195
~
-0.604573552537608
0.840782710376898
-1.32075561741911
-0.716655363652974
0.644355532765243
-1.2670870493099
-0.94283926302222
-0.0423524699974074
-0.983224144523947
0.822617875334156
-0.869016598715294
-0.0303242564624682
0.908704118256022
-1.6374847889576
-0.520358302266229
0.864066788084599
-1.81015699816334
-0.684347191958153
~
-0.60383303903367
0.840430492074902
-1.31749681834465
-0.716245356633929
0.644849840135873
-1.26190677424025
-0.941410158193488
-0.0413169394028797
-0.979682961353055
0.821680737172636
-0.866788223092616
-0.0297984448084523
0.908757105269101
-1.63615385896578
-0.523897743877656
1.07990406610925
-1.80415436113709
-0.555413884525134
~
-0.604217372602095
0.839744681079961
-1.31866405949752
-0.718347794350578
0.638184434866938
-1.27976249557279
-0.942086221273901
-0.0430976070559438
-0.9796838641196
0.823216223250578
-0.868219096960731
-0.0303348287539531
0.969953016864516
-1.53951448866983
-0.403081271445427
1.08025820546078
-1.71318293671949
-0.485865656407757
~
-0.605013210228847
0.838090555437405
-1.31938853306928
-0.716616790756443
0.635129169054529
-1.28354611839584
-0.942202644590602
-0.04459356733082
-0.97968144648166
0.824809151352705
-0.869948020479773
-0.0306538243963266
0.970893241183968
-1.5423157997323
-0.402465875457283
0.992376256035718
-1.80393178876872
-0.598758075680949
~
-0.604380971452483
0.839326426878264
-1.31716925893513
-0.716189697881755
0.644200128003641
-1.26063767299763
-0.94124811292365
-0.0424198611895191
-0.977437849587052
0.824139678723572
-0.867154242592023
-0.0303421961683875
1.0689510188482
-1.78378532431668
-0.47437710388084
1.15055475608613
-2.08932888981407
-0.60665618672719
~
-0.603698360211631
0.841528042689215
-1.31555423001032
-0.717268067165705
0.644265791638911
-1.26546000528186
-0.940228490136946
-0.0406538049860996
-0.97554065542072
0.82412454894407
-0.865160037755775
-0.0293763823804361
1.07020811405926
-1.78136401619636
-0.473483993434458
0.899109444295513
-1.81283750108108
-0.673494727517738
~
-0.603063562035106
0.842650079804328
-1.31515319406445
-0.716581518486637
0.646454900582862
-1.26113683305817
-0.939434883171953
-0.039763978665231
-0.975177376478241
0.824127578285399
-0.864727091087697
-0.0291471068200744
1.0792085323966
-1.77267641154033
-0.485942906119837
0.891108356253546
-1.81271222439246
-0.676357150500105
~
-0.603477020323351
0.842905978335074
-1.31509115980759
-0.717974935006414
0.644443161623257
-1.26753479893215
-0.939710794769125
-0.0398933182167578
-0.974996307267798
0.825047464926281
-0.863476555626898
-0.0292317124899
1.02389722406697
-1.65677877126266
-0.435938444144716
0.928698343905681
-1.81151259940656
-0.650475197324184
~
-0.603196428707254
0.844460658415836
-1.31441326574666
-0.717391486815946
0.646618248691256
-1.26916149345181
-0.939646269970543
-0.0380277915233875
-0.977238263805294
0.82501564686397
-0.863530050922571
-0.0293358530413245
1.0707881797104
-1.78014649964284
-0.473348070945304
0.901185569333408
-1.81274631392685
-0.666791181114977
~
-0.602987682920171
0.844955406037497
-1.31301443093945
-0.716562327048761
0.649750534237101
-1.26225263712044
-0.939275584944737
-0.0371552588693131
-0.977279629268415
0.825877437634678
-0.863427007462439
-0.0303728505468172
1.07091994897472
-1.78016713730016
-0.474438076082286
1.15260082885963
-2.08574722335096
-0.606737678937301
~
-0.602859808793115
0.845551759264066
-1.31118524590114
-0.715304461950175
0.651606418803522
-1.26190847715849
-0.938742441404235
-0.0350651279473653
-0.977476365871644
0.825463164707648
-0.863375232144388
-0.0302877689011222
1.07018577547168
-1.77994459580302
-0.474358782360304
0.878185432270214
-1.78471409298788
-0.661674001136022
~
-0.602489085518441
0.846412698591729
-1.3081633345387
-0.714660023469473
0.655372650884965
-1.25149544357983
-0.938911064090809
-0.0339720026329431
-0.976701423517001
0.825813260359192
-0.863158948095969
-0.0308368482217781
1.07032210599266
-1.77947348696017
-0.474617288511009
0.875604766825912
-1.79270058999688
-0.669663825496982
~
-0.603836641811298
0.844535515138677
-1.30892371616365
-0.716544873915018
0.655288992171672
-1.24946418462342
-0.941952618287085
-0.0364188733053801
-0.979470896130168
0.826880733749563
-0.868847730543395
-0.0325891023749671
1.07184501713556
-1.78631187734166
-0.477168370033481
0.876261161462484
-1.8027989060717
-0.675504616095231
~
-0.603629186811174
0.844626197522036
-1.30472229237908
-0.716076592882103
0.655160195918933
-1.24471283667141
-0.941838321461651
-0.035405934643681
-0.977390309896963
0.825433929445177
-0.866579250194708
-0.0331916119889558
1.07680411875906
-1.77343335333853
-0.491878199772543
0.874853733394471
-1.80162067931288
-0.676197892846023
~
-0.60376400610348
0.845814858153795
-1.30328407695759
-0.718375537857997
0.653080665980671
-1.25025754513717
-0.941382691866409
-0.0351784174664401
-0.974954909517144
0.824926201728433
-0.864761946279653
-0.0333438204245225
0.908266884914709
-1.63395084619647
-0.524341956704828
0.873269599048559
-1.81067491087916
-0.684688961696909
~
-0.604639981067129
0.84705017378705
-1.30156065178126
-0.718263492678807
0.652551672285665
-1.24748155183527
-0.942252977594026
-0.0348827687536492
-0.972244819510734
0.825297410286612
-0.865523484921349
-0.0333249685401503
0.972173323098309
-1.53564393402896
-0.403120973023849
0.957308974399932
-1.78862339999918
-0.60842913108572
~
-0.605618287475554
0.848102351069065
-1.30213801381961
-0.718182718547206
0.650537419314177
-1.25073736777421
-0.943269741408067
-0.0354618866330071
-0.971216670763087
0.82506842664393
-0.865519535752875
-0.0343197270012527
1.07590279373941
-1.77066558209629
-0.494714584833156
1.15951424943791
-2.07238105882631
-0.632500170387006
~
-0.608644041541468
0.849584657618785
-1.30563807641682
-0.720822603735846
0.651467105039174
-1.25020582545786
-0.947008147671541
-0.0370802723935096
-0.972975288047419
0.826334606617623
-0.869196304796129
-0.0356574528443936
0.910735394634723
-1.63623928197369
-0.523832000257561
0.896431485433288
-1.82057581664816
-0.679709160948209
~
-0.60889097009404
0.850365215197677
-1.30490232001028
-0.721114079075004
0.652529775044466
-1.24616168870321
-0.946809284151591
-0.0370755438266747
-0.972008632099894
0.826250719506347
-0.868604658153501
-0.0355988273157296
0.911641263722801
-1.63771627015303
-0.524044403776969
0.892255659525443
-1.82030332780927
-0.681384958896386
~
-0.608687785093319
0.851778799509701
-1.30336768754785
-0.721982940946029
0.653638547571424
-1.24638578225026
-0.946838624721133
-0.0357957443164533
-0.971915069861434
0.826085184566758
-0.867482868795063
-0.0351143807078335
1.0742709148165
-1.77833662363122
-0.489613839642941
1.15699949156642
-2.08195462743753
-0.625391292442629
~
-0.611652123118619
0.85230208050831
-1.30774162361814
-0.725295447482992
0.653697434024277
-1.24831567626117
-0.950318552016843
-0.0383543148107748
-0.975340531695428
0.827518642030154
-0.872124109677105
-0.0370017558097545
0.97219480479368
-1.54797101001925
-0.404926365347419
1.04937337650105
-1.81798324547913
-0.574001820856297
~
-0.611041994779723
0.852559461295507
-1.3049059679695
-0.724435198937555
0.651985032803929
-1.24929624615165
-0.948997927655402
-0.0378805958876952
-0.973169874828693
0.826080073913176
-0.869837339982648
-0.036880238812181
0.911296497562183
-1.64288633035422
-0.524218909297185
1.03084857208188
-1.83479954223133
-0.610229283959419
~
-0.61110506036347
0.854809536249269
-1.30311510622569
-0.724110115262462
0.654743578714069
-1.24484585067071
-0.948629359461574
-0.0363038882095405
-0.972432235846819
0.825922946970621
-0.868466144017589
-0.036501499710464
0.913355939484433
-1.64294335204584
-0.526418917512971
1.05665819017155
-1.82667999059968
-0.591370561558006
~
----