@Head - Rotate to Left
0,592941947605299
0,340739809948465
0,0138145024361818
~
0,630830723306407
0,363653639088506
-0,0609000247457753
~
0,703171522721
0,381335921909498
-0,177303604457689
~
0,703171522721
0,381335921909498
-0,17730364592179
~
0,703171522721
0,381335921909498
-0,17730364592179
~
0,729754572329314
0,364482547925866
-0,186881873918616
~
0,849264891251274
0,292897721995478
-0,12243039711662
~
0,849264891251274
0,292897721995478
-0,12243039711662
~
0,849264891251274
0,292897721995478
-0,12243039711662
~
1,04376792907715
0,406382187553074
-0,308502964351488
~
0,957390992537789
0,340391470038373
-0,273596597754437
~
0,957390992537789
0,340391470038373
-0,273596597754437
~
0,890233495961065
0,372154111447542
-0,268211344014043
~
0,960321177606997
0,71031321649966
-0,382099027219026
~
0,960321177606997
0,71031321649966
-0,382099027219026
~
0,960321177606997
0,71031321649966
-0,382099027219026
~
0,964176177978516
0,687528195588485
-0,346679583839748
~
0,964176177978516
0,687528195588485
-0,346679583839748
~
0,957993382992952
0,886632670526919
-0,275040419205375
~
0,898011249044667
0,840563566788383
-0,308124998341436
~
0,90978887806768
0,855475384256114
-0,317885253740394
~
0,792298109635063
0,955243069192638
-0,264037235923435
~
0,779388925303584
1,13357867365298
-0,208847502003545
~
0,640403747558594
1,30223124960194
-0,102315881977911
~
0
0
0,768507998922597
~
0
0
0,797334753948709
~
0
0
0,797334753948709
~
0,667432660641878
1,0817229229471
0,485509126082711
~
0,667432660641878
1,0817229229471
0,485509126082711
~
0,667432660641878
1,0817229229471
0,485509126082711
~
0
0
0,783770519754161
~
0
0
0,782949364703635
~
0
0
0,801588970681895
~
----
@Head - Rotate to Left
0,14788588233616
-0,623941919077998
-0,366829581882643
~
0,154614427815313
-0,626790336940599
-0,369488342948582
~
0,154614448547363
-0,626790336940599
-0,369488342948582
~
0,144906831824261
-0,649800217669943
-0,367416423300038
~
0,142303446064825
-0,657284612240999
-0,376089386318041
~
0,130523070045139
-0,658383825550909
-0,378782562587572
~
0,15905559581259
-0,648107279901919
-0,368768277375594
~
0,15905559581259
-0,648107279901919
-0,368768277375594
~
0,145132977029552
-0,660738613294519
-0,378849527110224
~
0,129806135011756
-0,659230563951575
-0,369888264199962
~
0,129806135011756
-0,659230563951575
-0,369888264199962
~
0,129806135011756
-0,659230563951575
-0,369888264199962
~
0,129806135011756
-0,659230563951575
-0,369888264199962
~
0,139502110688583
-0,686982279238494
-0,355225106944209
~
0,126709336819856
-0,70655515919561
-0,365653452665909
~
0,143190808918165
-0,704642503157906
-0,359354143557341
~
0,157100200653076
-0,698009325110394
-0,34733189707217
~
0,144336379092673
-0,715629245923913
-0,356735312420389
~
0,144336379092673
-0,715629245923913
-0,356735312420389
~
0,144336379092673
-0,715629245923913
-0,356735312420389
~
0,144336379092673
-0,715629245923913
-0,356735312420389
~
0,144336379092673
-0,715629245923913
-0,356735312420389
~
0,136389462844185
-0,694257031316343
-0,352718892304794
~
0,136389462844185
-0,694257031316343
-0,352718892304794
~
0,16173705847367
-0,721282046774159
-0,321101478908373
~
0,14250926349474
-0,684996273206628
-0,337426081947658
~
0,136509169702945
-0,718848933344302
-0,340317332226297
~
0,136509169702945
-0,718849016272503
-0,340317332226297
~
0,130142533260843
-0,744612237681513
-0,328115753505541
~
0,12619714114977
-0,730918552564538
-0,355384121770444
~
0,12119341933209
-0,750804403553838
-0,360717856365701
~
0,11385440826416
-0,73418086508046
-0,352173224739406
~
0,108983661817468
-0,697370446246603
-0,358236147009808
~
----