@one
0.03125
0.466666668653488
0.0526315793395042
~
0.03125
0.466666668653488
0.0526315793395042
~
0.03125
0.466666668653488
0.0526315793395042
~
0.03125
0.466666668653488
0.0526315793395042
~
0.03125
0.466666668653488
0.0526315793395042
~
0.03125
0.466666668653488
0.0526315793395042
~
0.03125
0.466666668653488
0.0526315793395042
~
0.03125
0.466666668653488
0.0526315793395042
~
0.03125
0.466666668653488
0.0526315793395042
~
0.03125
0.466666668653488
0.0526315793395042
~
0.03125
0.466666668653488
0.0526315793395042
~
0.03125
0.466666668653488
0.0526315793395042
~
0.03125
0.466666668653488
0.0526315793395042
~
0.03125
0.466666668653488
0.0526315793395042
~
0.03125
0.466666668653488
0.0526315793395042
~
0.03125
0.466666668653488
0.0526315793395042
~
0.025000000372529
0.458333343267441
0.0526315793395042
~
0.025000000372529
0.458333343267441
0.0526315793395042
~
0.025000000372529
0.458333343267441
0.0526315793395042
~
0.025000000372529
0.458333343267441
0.0526315793395042
~
0.025000000372529
0.458333343267441
0.0526315793395042
~
0.025000000372529
0.458333343267441
0.0526315793395042
~
0.025000000372529
0.458333343267441
0.0526315793395042
~
0.025000000372529
0.458333343267441
0.0526315793395042
~
0.025000000372529
0.458333343267441
0.0526315793395042
~
0.0187500007450581
0.458333343267441
0.0526315793395042
~
0.0187500007450581
0.458333343267441
0.0526315793395042
~
0.0187500007450581
0.458333343267441
0.0526315793395042
~
0.0187500007450581
0.458333343267441
0.0526315793395042
~
0.0187500007450581
0.458333343267441
0.0526315793395042
~
0.0187500007450581
0.458333343267441
0.0526315793395042
~
0.0187500007450581
0.458333343267441
0.0526315793395042
~
0.0187500007450581
0.458333343267441
0.0526315793395042
~
0.0187500007450581
0.458333343267441
0.0526315793395042
~
----
@two
0.03125
0.474999994039536
-0.0615789480507374
-0.0812499970197678
0.400000005960464
-0.0651315823197365
~
0.0375000014901161
0.474999994039536
-0.061842106282711
-0.0750000029802322
0.400000005960464
-0.0647368431091309
~
0.0375000014901161
0.474999994039536
-0.061842106282711
-0.0750000029802322
0.400000005960464
-0.0647368431091309
~
0.0375000014901161
0.474999994039536
-0.061842106282711
-0.0750000029802322
0.400000005960464
-0.0647368431091309
~
0.03125
0.474999994039536
-0.0613157898187637
-0.0750000029802322
0.391666680574417
-0.0651315823197365
~
0.03125
0.474999994039536
-0.0613157898187637
-0.0750000029802322
0.391666680574417
-0.0651315823197365
~
0.03125
0.474999994039536
-0.0613157898187637
-0.0750000029802322
0.391666680574417
-0.0651315823197365
~
0.03125
0.474999994039536
-0.0613157898187637
-0.0750000029802322
0.391666680574417
-0.0651315823197365
~
0.03125
0.474999994039536
-0.0606578961014748
-0.0750000029802322
0.391666680574417
-0.0651315823197365
~
0.03125
0.474999994039536
-0.0606578961014748
-0.0750000029802322
0.391666680574417
-0.0651315823197365
~
0.03125
0.474999994039536
-0.0606578961014748
-0.0750000029802322
0.391666680574417
-0.0651315823197365
~
0.03125
0.474999994039536
-0.0606578961014748
-0.0750000029802322
0.391666680574417
-0.0651315823197365
~
0.03125
0.474999994039536
-0.0606578961014748
-0.0750000029802322
0.391666680574417
-0.0651315823197365
~
0.0375000014901161
0.474999994039536
-0.0609210543334484
-0.0687500014901161
0.391666680574417
-0.0647368431091309
~
0.0375000014901161
0.474999994039536
-0.0609210543334484
-0.0687500014901161
0.391666680574417
-0.0647368431091309
~
0.03125
0.474999994039536
-0.0606578961014748
-0.0687500014901161
0.400000005960464
-0.0642105266451836
~
0.03125
0.474999994039536
-0.0606578961014748
-0.0687500014901161
0.400000005960464
-0.0642105266451836
~
0.03125
0.474999994039536
-0.0606578961014748
-0.0687500014901161
0.400000005960464
-0.0642105266451836
~
0.03125
0.474999994039536
-0.0606578961014748
-0.0687500014901161
0.400000005960464
-0.0642105266451836
~
0.03125
0.474999994039536
-0.0606578961014748
-0.0687500014901161
0.400000005960464
-0.0642105266451836
~
0.03125
0.474999994039536
-0.0606578961014748
-0.0687500014901161
0.408333331346512
-0.0644736811518669
~
0.03125
0.474999994039536
-0.0606578961014748
-0.0687500014901161
0.408333331346512
-0.0644736811518669
~
0.03125
0.474999994039536
-0.0606578961014748
-0.0687500014901161
0.408333331346512
-0.0644736811518669
~
0.03125
0.474999994039536
-0.0606578961014748
-0.0687500014901161
0.408333331346512
-0.0644736811518669
~
0.03125
0.474999994039536
-0.0606578961014748
-0.0687500014901161
0.408333331346512
-0.0644736811518669
~
0.03125
0.474999994039536
-0.0613157898187637
-0.0750000029802322
0.391666680574417
-0.0647368431091309
~
0.03125
0.474999994039536
-0.0613157898187637
-0.0750000029802322
0.391666680574417
-0.0647368431091309
~
0.03125
0.474999994039536
-0.0613157898187637
-0.0750000029802322
0.391666680574417
-0.0647368431091309
~
0.03125
0.474999994039536
-0.0613157898187637
-0.0750000029802322
0.391666680574417
-0.0647368431091309
~
0.03125
0.474999994039536
-0.0613157898187637
-0.0750000029802322
0.391666680574417
-0.0647368431091309
~
0.03125
0.474999994039536
-0.0609210543334484
-0.0687500014901161
0.400000005960464
-0.0644736811518669
~
0.03125
0.474999994039536
-0.0609210543334484
-0.0687500014901161
0.400000005960464
-0.0644736811518669
~
0.03125
0.474999994039536
-0.0609210543334484
-0.0687500014901161
0.400000005960464
-0.0644736811518669
~
0.03125
0.474999994039536
-0.0609210543334484
-0.0687500014901161
0.400000005960464
-0.0644736811518669
~
----
@three
0.0187500007450581
0.566666662693024
0.0526315793395042
0.0750000029802322
0.5
0.0526315793395042
-0.09375
0.483333319425583
0.0526315793395042
~
0.0187500007450581
0.566666662693024
0.0526315793395042
0.0750000029802322
0.5
0.0526315793395042
-0.09375
0.483333319425583
0.0526315793395042
~
0.0187500007450581
0.566666662693024
0.0526315793395042
0.0750000029802322
0.5
0.0526315793395042
-0.09375
0.483333319425583
0.0526315793395042
~
0.0187500007450581
0.566666662693024
0.0526315793395042
0.0750000029802322
0.5
0.0526315793395042
-0.09375
0.483333319425583
0.0526315793395042
~
0.0187500007450581
0.566666662693024
0.0526315793395042
0.0750000029802322
0.5
0.0526315793395042
-0.09375
0.483333319425583
0.0526315793395042
~
0.0187500007450581
0.566666662693024
0.0526315793395042
0.0750000029802322
0.483333319425583
0.0526315793395042
-0.0874999985098839
0.474999994039536
0.0526315793395042
~
0.0187500007450581
0.566666662693024
0.0526315793395042
0.0750000029802322
0.483333319425583
0.0526315793395042
-0.0874999985098839
0.474999994039536
0.0526315793395042
~
0.0187500007450581
0.566666662693024
0.0526315793395042
0.0750000029802322
0.483333319425583
0.0526315793395042
-0.0874999985098839
0.474999994039536
0.0526315793395042
~
0.0187500007450581
0.566666662693024
0.0526315793395042
0.0750000029802322
0.483333319425583
0.0526315793395042
-0.0874999985098839
0.474999994039536
0.0526315793395042
~
0.0187500007450581
0.566666662693024
0.0526315793395042
0.0750000029802322
0.483333319425583
0.0526315793395042
-0.0874999985098839
0.474999994039536
0.0526315793395042
~
0.0187500007450581
0.574999988079071
0.0526315793395042
0.0812499970197678
0.491666674613953
0.0526315793395042
-0.0812499970197678
0.474999994039536
0.0526315793395042
~
0.0187500007450581
0.574999988079071
0.0526315793395042
0.0812499970197678
0.491666674613953
0.0526315793395042
-0.0812499970197678
0.474999994039536
0.0526315793395042
~
0.0187500007450581
0.574999988079071
0.0526315793395042
0.0812499970197678
0.491666674613953
0.0526315793395042
-0.0812499970197678
0.474999994039536
0.0526315793395042
~
0.0187500007450581
0.574999988079071
0.0526315793395042
0.0812499970197678
0.491666674613953
0.0526315793395042
-0.0812499970197678
0.474999994039536
0.0526315793395042
~
0.0125000001862645
0.566666662693024
0.0526315793395042
0.0812499970197678
0.491666674613953
0.0526315793395042
-0.025000000372529
0.100000001490116
0.0526315793395042
-0.100000001490116
0.458333343267441
0.0526315793395042
~
0.0125000001862645
0.566666662693024
0.0526315793395042
0.0812499970197678
0.491666674613953
0.0526315793395042
-0.025000000372529
0.100000001490116
0.0526315793395042
-0.100000001490116
0.458333343267441
0.0526315793395042
~
0.0125000001862645
0.566666662693024
0.0526315793395042
0.0812499970197678
0.491666674613953
0.0526315793395042
-0.025000000372529
0.100000001490116
0.0526315793395042
-0.100000001490116
0.458333343267441
0.0526315793395042
~
0.0125000001862645
0.566666662693024
0.0526315793395042
0.0812499970197678
0.491666674613953
0.0526315793395042
-0.025000000372529
0.100000001490116
0.0526315793395042
-0.100000001490116
0.458333343267441
0.0526315793395042
~
0.0125000001862645
0.566666662693024
0.0526315793395042
0.0812499970197678
0.491666674613953
0.0526315793395042
-0.025000000372529
0.100000001490116
0.0526315793395042
-0.100000001490116
0.458333343267441
0.0526315793395042
~
0
0.566666662693024
0.0526315793395042
0.0874999985098839
0.483333319425583
0.0526315793395042
-0.100000001490116
0.483333319425583
0.0526315793395042
~
0
0.566666662693024
0.0526315793395042
0.0874999985098839
0.483333319425583
0.0526315793395042
-0.100000001490116
0.483333319425583
0.0526315793395042
~
0
0.566666662693024
0.0526315793395042
0.0874999985098839
0.483333319425583
0.0526315793395042
-0.100000001490116
0.483333319425583
0.0526315793395042
~
0
0.566666662693024
0.0526315793395042
0.0874999985098839
0.483333319425583
0.0526315793395042
-0.100000001490116
0.483333319425583
0.0526315793395042
~
0
0.566666662693024
0.0526315793395042
0.0874999985098839
0.483333319425583
0.0526315793395042
-0.100000001490116
0.483333319425583
0.0526315793395042
~
0.0187500007450581
0.566666662693024
0.0526315793395042
0.09375
0.483333319425583
0.0526315793395042
-0.09375
0.466666668653488
0.0526315793395042
~
0.0187500007450581
0.566666662693024
0.0526315793395042
0.09375
0.483333319425583
0.0526315793395042
-0.09375
0.466666668653488
0.0526315793395042
~
0.0187500007450581
0.566666662693024
0.0526315793395042
0.09375
0.483333319425583
0.0526315793395042
-0.09375
0.466666668653488
0.0526315793395042
~
0.0187500007450581
0.566666662693024
0.0526315793395042
0.09375
0.483333319425583
0.0526315793395042
-0.09375
0.466666668653488
0.0526315793395042
~
0.0187500007450581
0.566666662693024
0.0526315793395042
0.09375
0.483333319425583
0.0526315793395042
-0.09375
0.466666668653488
0.0526315793395042
~
0.025000000372529
0.566666662693024
0.0526315793395042
0.09375
0.474999994039536
0.0526315793395042
-0.03125
0.116666667163372
0.0526315793395042
-0.0874999985098839
0.458333343267441
0.0526315793395042
~
0.025000000372529
0.566666662693024
0.0526315793395042
0.09375
0.474999994039536
0.0526315793395042
-0.03125
0.116666667163372
0.0526315793395042
-0.0874999985098839
0.458333343267441
0.0526315793395042
~
0.025000000372529
0.566666662693024
0.0526315793395042
0.09375
0.474999994039536
0.0526315793395042
-0.03125
0.116666667163372
0.0526315793395042
-0.0874999985098839
0.458333343267441
0.0526315793395042
~
0.03125
0.574999988079071
0.0526315793395042
0.100000001490116
0.483333319425583
0.0526315793395042
-0.0125000001862645
0.116666667163372
0.0526315793395042
0.0687500014901161
0.216666668653488
0.0526315793395042
-0.0874999985098839
0.466666668653488
0.0526315793395042
~
0.03125
0.574999988079071
0.0526315793395042
0.100000001490116
0.483333319425583
0.0526315793395042
-0.0125000001862645
0.116666667163372
0.0526315793395042
0.0687500014901161
0.216666668653488
0.0526315793395042
-0.0874999985098839
0.466666668653488
0.0526315793395042
~
----
@four
0
0.600000023841858
0.0526315793395042
0.0625
0.516666650772095
0.0526315793395042
0.168750002980232
0.416666656732559
0.0526315793395042
-0.106250002980232
0.474999994039536
0.0526315793395042
~
0
0.600000023841858
0.0526315793395042
0.0625
0.516666650772095
0.0526315793395042
0.168750002980232
0.416666656732559
0.0526315793395042
-0.106250002980232
0.474999994039536
0.0526315793395042
~
0
0.600000023841858
0.0526315793395042
0.0625
0.516666650772095
0.0526315793395042
0.168750002980232
0.416666656732559
0.0526315793395042
-0.106250002980232
0.474999994039536
0.0526315793395042
~
0
0.600000023841858
0.0526315793395042
0.0625
0.516666650772095
0.0526315793395042
0.168750002980232
0.416666656732559
0.0526315793395042
-0.106250002980232
0.474999994039536
0.0526315793395042
~
0
0.600000023841858
0.0526315793395042
0.0625
0.516666650772095
0.0526315793395042
0.168750002980232
0.416666656732559
0.0526315793395042
-0.106250002980232
0.474999994039536
0.0526315793395042
~
0
0.600000023841858
0.0526315793395042
0.0625
0.516666650772095
0.0526315793395042
0.168750002980232
0.416666656732559
0.0526315793395042
-0.106250002980232
0.474999994039536
0.0526315793395042
~
0.0125000001862645
0.616666674613953
0.0526315793395042
0.0687500014901161
0.533333361148834
0.0526315793395042
0.162499994039536
0.425000011920929
0.0526315793395042
-0.100000001490116
0.483333319425583
0.0526315793395042
~
0.0125000001862645
0.616666674613953
0.0526315793395042
0.0687500014901161
0.533333361148834
0.0526315793395042
0.162499994039536
0.425000011920929
0.0526315793395042
-0.100000001490116
0.483333319425583
0.0526315793395042
~
0.0125000001862645
0.616666674613953
0.0526315793395042
0.0687500014901161
0.533333361148834
0.0526315793395042
0.162499994039536
0.425000011920929
0.0526315793395042
-0.100000001490116
0.483333319425583
0.0526315793395042
~
0.0125000001862645
0.616666674613953
0.0526315793395042
0.0687500014901161
0.533333361148834
0.0526315793395042
0.162499994039536
0.425000011920929
0.0526315793395042
-0.100000001490116
0.483333319425583
0.0526315793395042
~
0.0125000001862645
0.616666674613953
0.0526315793395042
0.0687500014901161
0.533333361148834
0.0526315793395042
0.162499994039536
0.425000011920929
0.0526315793395042
-0.100000001490116
0.483333319425583
0.0526315793395042
~
-0.00625000009313226
0.625
0.0526315793395042
0.0687500014901161
0.533333361148834
0.0526315793395042
0.15625
0.425000011920929
0.0526315793395042
-0.100000001490116
0.466666668653488
0.0526315793395042
~
-0.00625000009313226
0.625
0.0526315793395042
0.0687500014901161
0.533333361148834
0.0526315793395042
0.15625
0.425000011920929
0.0526315793395042
-0.100000001490116
0.466666668653488
0.0526315793395042
~
-0.00625000009313226
0.625
0.0526315793395042
0.0687500014901161
0.533333361148834
0.0526315793395042
0.15625
0.425000011920929
0.0526315793395042
-0.100000001490116
0.466666668653488
0.0526315793395042
~
-0.00625000009313226
0.625
0.0526315793395042
0.0687500014901161
0.533333361148834
0.0526315793395042
0.15625
0.425000011920929
0.0526315793395042
-0.100000001490116
0.466666668653488
0.0526315793395042
~
-0.00625000009313226
0.625
0.0526315793395042
0.0687500014901161
0.533333361148834
0.0526315793395042
0.15625
0.425000011920929
0.0526315793395042
-0.100000001490116
0.466666668653488
0.0526315793395042
~
-0.00625000009313226
0.616666674613953
0.0526315793395042
0.0687500014901161
0.541666686534882
0.0526315793395042
0.15625
0.441666662693024
0.0526315793395042
-0.106250002980232
0.483333319425583
0.0526315793395042
~
-0.00625000009313226
0.616666674613953
0.0526315793395042
0.0687500014901161
0.541666686534882
0.0526315793395042
0.15625
0.441666662693024
0.0526315793395042
-0.106250002980232
0.483333319425583
0.0526315793395042
~
-0.00625000009313226
0.616666674613953
0.0526315793395042
0.0687500014901161
0.541666686534882
0.0526315793395042
0.15625
0.441666662693024
0.0526315793395042
-0.106250002980232
0.483333319425583
0.0526315793395042
~
-0.00625000009313226
0.616666674613953
0.0526315793395042
0.0687500014901161
0.541666686534882
0.0526315793395042
0.15625
0.441666662693024
0.0526315793395042
-0.106250002980232
0.483333319425583
0.0526315793395042
~
-0.00625000009313226
0.616666674613953
0.0526315793395042
0.0687500014901161
0.541666686534882
0.0526315793395042
0.15625
0.441666662693024
0.0526315793395042
-0.106250002980232
0.483333319425583
0.0526315793395042
~
-0.00625000009313226
0.616666674613953
0.0526315793395042
0.0687500014901161
0.541666686534882
0.0526315793395042
0.15625
0.449999988079071
0.0526315793395042
-0.112499997019768
0.508333325386047
0.0526315793395042
~
-0.00625000009313226
0.625
0.0526315793395042
0.0687500014901161
0.541666686534882
0.0526315793395042
0.15625
0.416666656732559
0.0526315793395042
-0.100000001490116
0.483333319425583
0.0526315793395042
~
-0.00625000009313226
0.625
0.0526315793395042
0.0687500014901161
0.541666686534882
0.0526315793395042
0.15625
0.416666656732559
0.0526315793395042
-0.100000001490116
0.483333319425583
0.0526315793395042
~
-0.00625000009313226
0.625
0.0526315793395042
0.0687500014901161
0.541666686534882
0.0526315793395042
0.15625
0.416666656732559
0.0526315793395042
-0.100000001490116
0.483333319425583
0.0526315793395042
~
0.0125000001862645
0.616666674613953
0.0526315793395042
0.0687500014901161
0.550000011920929
0.0526315793395042
0.174999997019768
0.441666662693024
0.0526315793395042
-0.100000001490116
0.474999994039536
0.0526315793395042
~
0.0125000001862645
0.616666674613953
0.0526315793395042
0.0687500014901161
0.550000011920929
0.0526315793395042
0.174999997019768
0.441666662693024
0.0526315793395042
-0.100000001490116
0.474999994039536
0.0526315793395042
~
0.00625000009313226
0.608333349227905
0.0526315793395042
0.0687500014901161
0.533333361148834
0.0526315793395042
0.168750002980232
0.416666656732559
0.0526315793395042
-0.100000001490116
0.483333319425583
0.0526315793395042
~
0.00625000009313226
0.608333349227905
0.0526315793395042
0.0687500014901161
0.533333361148834
0.0526315793395042
0.168750002980232
0.416666656732559
0.0526315793395042
-0.100000001490116
0.483333319425583
0.0526315793395042
~
0
0.616666674613953
0.0526315793395042
0.0625
0.524999976158142
0.0526315793395042
0.168750002980232
0.441666662693024
0.0526315793395042
-0.100000001490116
0.483333319425583
0.0526315793395042
~
0
0.616666674613953
0.0526315793395042
0.0625
0.524999976158142
0.0526315793395042
0.168750002980232
0.441666662693024
0.0526315793395042
-0.100000001490116
0.483333319425583
0.0526315793395042
~
0
0.616666674613953
0.0526315793395042
0.0625
0.524999976158142
0.0526315793395042
0.168750002980232
0.441666662693024
0.0526315793395042
-0.100000001490116
0.483333319425583
0.0526315793395042
~
0
0.616666674613953
0.0526315793395042
0.0625
0.524999976158142
0.0526315793395042
0.168750002980232
0.441666662693024
0.0526315793395042
-0.100000001490116
0.483333319425583
0.0526315793395042
~
0
0.616666674613953
0.0526315793395042
0.0625
0.524999976158142
0.0526315793395042
0.168750002980232
0.441666662693024
0.0526315793395042
-0.100000001490116
0.483333319425583
0.0526315793395042
~
----
@five
0.0437499992549419
0.649999976158142
0.0526315793395042
0.09375
0.558333337306976
0.0526315793395042
0.1875
0.425000011920929
0.0526315793395042
0.150000005960464
0.025000000372529
0.0526315793395042
-0.137500002980232
0.266666680574417
0.0526315793395042
-0.0750000029802322
0.550000011920929
0.0526315793395042
~
0.0437499992549419
0.649999976158142
0.0526315793395042
0.09375
0.558333337306976
0.0526315793395042
0.1875
0.425000011920929
0.0526315793395042
0.150000005960464
0.025000000372529
0.0526315793395042
-0.137500002980232
0.266666680574417
0.0526315793395042
-0.0750000029802322
0.550000011920929
0.0526315793395042
~
0.0437499992549419
0.649999976158142
0.0526315793395042
0.09375
0.550000011920929
0.0526315793395042
0.1875
0.416666656732559
0.0526315793395042
-0.15625
0.275000005960464
0.0526315793395042
-0.0750000029802322
0.550000011920929
0.0526315793395042
~
0.0437499992549419
0.649999976158142
0.0526315793395042
0.09375
0.550000011920929
0.0526315793395042
0.1875
0.416666656732559
0.0526315793395042
-0.15625
0.275000005960464
0.0526315793395042
-0.0750000029802322
0.550000011920929
0.0526315793395042
~
0.0437499992549419
0.649999976158142
0.0526315793395042
0.09375
0.550000011920929
0.0526315793395042
0.1875
0.416666656732559
0.0526315793395042
-0.15625
0.275000005960464
0.0526315793395042
-0.0750000029802322
0.550000011920929
0.0526315793395042
~
0.0437499992549419
0.649999976158142
0.0526315793395042
0.09375
0.550000011920929
0.0526315793395042
0.1875
0.416666656732559
0.0526315793395042
-0.15625
0.275000005960464
0.0526315793395042
-0.0750000029802322
0.550000011920929
0.0526315793395042
~
0.0437499992549419
0.649999976158142
0.0526315793395042
0.09375
0.550000011920929
0.0526315793395042
0.1875
0.416666656732559
0.0526315793395042
-0.15625
0.275000005960464
0.0526315793395042
-0.0750000029802322
0.550000011920929
0.0526315793395042
~
0.0437499992549419
0.658333361148834
0.0526315793395042
0.100000001490116
0.566666662693024
0.0526315793395042
0.193749994039536
0.433333337306976
0.0526315793395042
0.143749997019768
0.00833333376795053
0.0526315793395042
-0.143749997019768
0.283333331346512
0.0526315793395042
-0.0750000029802322
0.574999988079071
0.0526315793395042
~
0.0437499992549419
0.658333361148834
0.0526315793395042
0.100000001490116
0.566666662693024
0.0526315793395042
0.193749994039536
0.433333337306976
0.0526315793395042
0.143749997019768
0.00833333376795053
0.0526315793395042
-0.143749997019768
0.283333331346512
0.0526315793395042
-0.0750000029802322
0.574999988079071
0.0526315793395042
~
0.0437499992549419
0.658333361148834
0.0526315793395042
0.100000001490116
0.566666662693024
0.0526315793395042
0.193749994039536
0.433333337306976
0.0526315793395042
0.143749997019768
0.00833333376795053
0.0526315793395042
-0.143749997019768
0.283333331346512
0.0526315793395042
-0.0750000029802322
0.574999988079071
0.0526315793395042
~
0.0437499992549419
0.658333361148834
0.0526315793395042
0.100000001490116
0.566666662693024
0.0526315793395042
0.193749994039536
0.433333337306976
0.0526315793395042
0.143749997019768
0.00833333376795053
0.0526315793395042
-0.143749997019768
0.283333331346512
0.0526315793395042
-0.0750000029802322
0.574999988079071
0.0526315793395042
~
0.0437499992549419
0.658333361148834
0.0526315793395042
0.100000001490116
0.566666662693024
0.0526315793395042
0.193749994039536
0.433333337306976
0.0526315793395042
0.143749997019768
0.00833333376795053
0.0526315793395042
-0.143749997019768
0.283333331346512
0.0526315793395042
-0.0750000029802322
0.574999988079071
0.0526315793395042
~
0.0375000014901161
0.658333361148834
0.0526315793395042
0.106250002980232
0.574999988079071
0.0526315793395042
0.193749994039536
0.441666662693024
0.0526315793395042
0.143749997019768
0.00833333376795053
0.0526315793395042
-0.143749997019768
0.275000005960464
0.0526315793395042
-0.0687500014901161
0.558333337306976
0.0526315793395042
~
0.0437499992549419
0.658333361148834
0.0526315793395042
0.100000001490116
0.574999988079071
0.0526315793395042
0.193749994039536
0.433333337306976
0.0526315793395042
0.150000005960464
0.0333333350718021
0.0526315793395042
-0.143749997019768
0.283333331346512
0.0526315793395042
-0.0750000029802322
0.558333337306976
0.0526315793395042
~
0.0437499992549419
0.658333361148834
0.0526315793395042
0.100000001490116
0.574999988079071
0.0526315793395042
0.193749994039536
0.433333337306976
0.0526315793395042
-0.15625
0.300000011920929
0.0526315793395042
-0.0687500014901161
0.550000011920929
0.0526315793395042
~
0.0437499992549419
0.658333361148834
0.0526315793395042
0.100000001490116
0.574999988079071
0.0526315793395042
0.193749994039536
0.433333337306976
0.0526315793395042
-0.15625
0.300000011920929
0.0526315793395042
-0.0687500014901161
0.550000011920929
0.0526315793395042
~
0.0437499992549419
0.658333361148834
0.0526315793395042
0.100000001490116
0.574999988079071
0.0526315793395042
0.193749994039536
0.433333337306976
0.0526315793395042
-0.15625
0.300000011920929
0.0526315793395042
-0.0687500014901161
0.550000011920929
0.0526315793395042
~
0.0437499992549419
0.658333361148834
0.0526315793395042
0.100000001490116
0.574999988079071
0.0526315793395042
0.193749994039536
0.433333337306976
0.0526315793395042
-0.15625
0.300000011920929
0.0526315793395042
-0.0687500014901161
0.550000011920929
0.0526315793395042
~
0.0437499992549419
0.658333361148834
0.0526315793395042
0.100000001490116
0.574999988079071
0.0526315793395042
0.193749994039536
0.433333337306976
0.0526315793395042
-0.15625
0.300000011920929
0.0526315793395042
-0.0687500014901161
0.550000011920929
0.0526315793395042
~
0.0437499992549419
0.658333361148834
0.0526315793395042
0.100000001490116
0.574999988079071
0.0526315793395042
0.193749994039536
0.433333337306976
0.0526315793395042
-0.15625
0.300000011920929
0.0526315793395042
-0.0687500014901161
0.550000011920929
0.0526315793395042
~
0.0500000007450581
0.658333361148834
0.0526315793395042
0.112499997019768
0.600000023841858
0.0526315793395042
0.206249997019768
0.441666662693024
0.0526315793395042
-0.150000005960464
0.283333331346512
0.0526315793395042
-0.0625
0.541666686534882
0.0526315793395042
~
0.0500000007450581
0.658333361148834
0.0526315793395042
0.112499997019768
0.600000023841858
0.0526315793395042
0.206249997019768
0.441666662693024
0.0526315793395042
-0.150000005960464
0.283333331346512
0.0526315793395042
-0.0625
0.541666686534882
0.0526315793395042
~
0.0500000007450581
0.649999976158142
0.0526315793395042
0.106250002980232
0.550000011920929
0.0526315793395042
0.1875
0.425000011920929
0.0526315793395042
-0.137500002980232
0.283333331346512
0.0526315793395042
-0.0625
0.550000011920929
0.0526315793395042
~
0.0500000007450581
0.649999976158142
0.0526315793395042
0.106250002980232
0.550000011920929
0.0526315793395042
0.1875
0.425000011920929
0.0526315793395042
-0.137500002980232
0.283333331346512
0.0526315793395042
-0.0625
0.550000011920929
0.0526315793395042
~
0.0500000007450581
0.649999976158142
0.0526315793395042
0.106250002980232
0.550000011920929
0.0526315793395042
0.1875
0.425000011920929
0.0526315793395042
-0.137500002980232
0.283333331346512
0.0526315793395042
-0.0625
0.550000011920929
0.0526315793395042
~
0.0500000007450581
0.649999976158142
0.0526315793395042
0.106250002980232
0.550000011920929
0.0526315793395042
0.1875
0.425000011920929
0.0526315793395042
-0.137500002980232
0.283333331346512
0.0526315793395042
-0.0625
0.550000011920929
0.0526315793395042
~
0.0437499992549419
0.649999976158142
0.0526315793395042
0.106250002980232
0.591666638851166
0.0526315793395042
0.1875
0.433333337306976
0.0526315793395042
0.15625
0.025000000372529
0.0526315793395042
-0.150000005960464
0.275000005960464
0.0526315793395042
-0.0750000029802322
0.550000011920929
0.0526315793395042
~
0.1875
0.433333337306976
0.0526315793395042
-0.143749997019768
0.275000005960464
0.0526315793395042
-0.0687500014901161
0.516666650772095
0.0526315793395042
0.0375000014901161
0.591666638851166
0.0526315793395042
~
0.1875
0.433333337306976
0.0526315793395042
-0.143749997019768
0.275000005960464
0.0526315793395042
-0.0687500014901161
0.516666650772095
0.0526315793395042
0.0375000014901161
0.591666638851166
0.0526315793395042
~
0.1875
0.433333337306976
0.0526315793395042
-0.143749997019768
0.275000005960464
0.0526315793395042
-0.0687500014901161
0.516666650772095
0.0526315793395042
0.0375000014901161
0.591666638851166
0.0526315793395042
~
0.1875
0.433333337306976
0.0526315793395042
-0.143749997019768
0.275000005960464
0.0526315793395042
-0.0687500014901161
0.516666650772095
0.0526315793395042
0.0375000014901161
0.591666638851166
0.0526315793395042
~
0.0687500014901161
0.625
0.0526315793395042
0.125
0.524999976158142
0.0526315793395042
0.206249997019768
0.408333331346512
0.0526315793395042
0.174999997019768
0.0166666675359011
0.0526315793395042
-0.125
0.275000005960464
0.0526315793395042
-0.0437499992549419
0.516666650772095
0.0526315793395042
~
0.0687500014901161
0.625
0.0526315793395042
0.125
0.524999976158142
0.0526315793395042
0.206249997019768
0.408333331346512
0.0526315793395042
0.174999997019768
0.0166666675359011
0.0526315793395042
-0.125
0.275000005960464
0.0526315793395042
-0.0437499992549419
0.516666650772095
0.0526315793395042
~
0.0687500014901161
0.625
0.0526315793395042
0.125
0.524999976158142
0.0526315793395042
0.206249997019768
0.408333331346512
0.0526315793395042
0.174999997019768
0.0166666675359011
0.0526315793395042
-0.125
0.275000005960464
0.0526315793395042
-0.0437499992549419
0.516666650772095
0.0526315793395042
~
----
@RockOn
0.443749994039536
0.550000011920929
-0.0802631601691246
~
0.449999988079071
0.558333337306976
-0.0802631601691246
0.612500011920929
0.491666674613953
-0.0780263170599937
~
0.449999988079071
0.558333337306976
-0.0802631601691246
0.612500011920929
0.491666674613953
-0.0780263170599937
~
0.449999988079071
0.558333337306976
-0.0802631601691246
0.612500011920929
0.491666674613953
-0.0780263170599937
~
0.449999988079071
0.558333337306976
-0.0802631601691246
0.612500011920929
0.491666674613953
-0.0780263170599937
~
0.449999988079071
0.558333337306976
-0.0802631601691246
0.612500011920929
0.491666674613953
-0.0780263170599937
~
0.449999988079071
0.558333337306976
-0.079868420958519
0.600000023841858
0.508333325386047
-0.0782894715666771
~
0.449999988079071
0.558333337306976
-0.079868420958519
0.600000023841858
0.508333325386047
-0.0782894715666771
~
0.449999988079071
0.558333337306976
-0.079868420958519
0.600000023841858
0.508333325386047
-0.0782894715666771
~
0.449999988079071
0.558333337306976
-0.079868420958519
0.600000023841858
0.508333325386047
-0.0782894715666771
~
0.449999988079071
0.558333337306976
-0.079868420958519
0.600000023841858
0.508333325386047
-0.0782894715666771
~
0.456250011920929
0.566666662693024
-0.0802631601691246
0.618749976158142
0.508333325386047
-0.0782894715666771
~
0.456250011920929
0.566666662693024
-0.0802631601691246
0.618749976158142
0.508333325386047
-0.0782894715666771
~
0.456250011920929
0.566666662693024
-0.0802631601691246
0.618749976158142
0.508333325386047
-0.0782894715666771
~
0.456250011920929
0.566666662693024
-0.0802631601691246
0.618749976158142
0.508333325386047
-0.0782894715666771
~
0.456250011920929
0.566666662693024
-0.0802631601691246
0.618749976158142
0.508333325386047
-0.0782894715666771
~
0.456250011920929
0.566666662693024
-0.0810526311397552
0.612500011920929
0.466666668653488
-0.0782894715666771
~
0.456250011920929
0.566666662693024
-0.0810526311397552
0.612500011920929
0.466666668653488
-0.0782894715666771
~
0.456250011920929
0.566666662693024
-0.0810526311397552
0.612500011920929
0.466666668653488
-0.0782894715666771
~
0.456250011920929
0.566666662693024
-0.0810526311397552
0.612500011920929
0.466666668653488
-0.0782894715666771
~
0.456250011920929
0.566666662693024
-0.0810526311397552
0.612500011920929
0.466666668653488
-0.0782894715666771
~
0.456250011920929
0.558333337306976
-0.0802631601691246
0.606249988079071
0.449999988079071
-0.0786842107772827
0.556249976158142
-0.058333333581686
-0.0818421021103859
~
0.456250011920929
0.558333337306976
-0.0802631601691246
0.606249988079071
0.449999988079071
-0.0786842107772827
0.556249976158142
-0.058333333581686
-0.0818421021103859
~
0.456250011920929
0.558333337306976
-0.0802631601691246
0.606249988079071
0.449999988079071
-0.0786842107772827
0.556249976158142
-0.058333333581686
-0.0818421021103859
~
0.456250011920929
0.558333337306976
-0.0802631601691246
0.606249988079071
0.449999988079071
-0.0786842107772827
0.556249976158142
-0.058333333581686
-0.0818421021103859
~
0.456250011920929
0.558333337306976
-0.0802631601691246
0.618749976158142
0.516666650772095
-0.0794736817479134
~
0.456250011920929
0.558333337306976
-0.0802631601691246
0.618749976158142
0.516666650772095
-0.0794736817479134
~
0.456250011920929
0.558333337306976
-0.0802631601691246
0.618749976158142
0.516666650772095
-0.0794736817479134
~
0.456250011920929
0.558333337306976
-0.0806578919291496
0.625
0.5
-0.0794736817479134
~
0.456250011920929
0.558333337306976
-0.0806578919291496
0.625
0.5
-0.0794736817479134
~
0.456250011920929
0.558333337306976
-0.0806578919291496
0.625
0.5
-0.0794736817479134
~
0.456250011920929
0.558333337306976
-0.0806578919291496
0.625
0.5
-0.0794736817479134
~
0.456250011920929
0.558333337306976
-0.0802631601691246
0.618749976158142
0.516666650772095
-0.0794736817479134
~
0.456250011920929
0.558333337306976
-0.0802631601691246
0.618749976158142
0.516666650772095
-0.0794736817479134
~
----
@Thumbsup
0.025000000372529
0.25
0.0526315793395042
~
0.025000000372529
0.25
0.0526315793395042
~
0.025000000372529
0.25
0.0526315793395042
~
0.025000000372529
0.25
0.0526315793395042
~
0.025000000372529
0.25
0.0526315793395042
~
~
~
~
~
~
~
~
~
~
~
~
~
~
~
~
~
~
~
0.0125000001862645
0.375
0.0526315793395042
~
0.0125000001862645
0.375
0.0526315793395042
~
0.0125000001862645
0.375
0.0526315793395042
~
0.0125000001862645
0.375
0.0526315793395042
~
0.0125000001862645
0.375
0.0526315793395042
~
0.00625000009313226
0.441666662693024
0.0526315793395042
~
0.00625000009313226
0.441666662693024
0.0526315793395042
~
0.00625000009313226
0.441666662693024
0.0526315793395042
~
0.00625000009313226
0.441666662693024
0.0526315793395042
~
0.00625000009313226
0.441666662693024
0.0526315793395042
~
-0.00625000009313226
0.458333343267441
0.0526315793395042
~
----
@Thumbsdown
0.0125000001862645
0.200000002980232
0.0526315793395042
~
0.025000000372529
0.233333334326744
0.0526315793395042
~
0.025000000372529
0.233333334326744
0.0526315793395042
~
0.025000000372529
0.233333334326744
0.0526315793395042
~
0.025000000372529
0.233333334326744
0.0526315793395042
~
0.025000000372529
0.233333334326744
0.0526315793395042
~
0.0687500014901161
0.524999976158142
0.0526315793395042
0.03125
0.533333361148834
0.0526315793395042
0.025000000372529
0.233333334326744
0.0526315793395042
~
0.0687500014901161
0.524999976158142
0.0526315793395042
0.03125
0.533333361148834
0.0526315793395042
0.025000000372529
0.233333334326744
0.0526315793395042
~
0.0687500014901161
0.524999976158142
0.0526315793395042
0.03125
0.533333361148834
0.0526315793395042
0.025000000372529
0.233333334326744
0.0526315793395042
~
0.0687500014901161
0.524999976158142
0.0526315793395042
0.03125
0.533333361148834
0.0526315793395042
0.025000000372529
0.233333334326744
0.0526315793395042
~
0.0687500014901161
0.524999976158142
0.0526315793395042
0.03125
0.533333361148834
0.0526315793395042
0.025000000372529
0.233333334326744
0.0526315793395042
~
0.03125
0.258333325386047
0.0526315793395042
~
0.03125
0.258333325386047
0.0526315793395042
~
0.03125
0.258333325386047
0.0526315793395042
~
0.03125
0.258333325386047
0.0526315793395042
~
0.03125
0.258333325386047
0.0526315793395042
~
0.0687500014901161
0.533333361148834
0.0526315793395042
0.025000000372529
0.233333334326744
0.0526315793395042
~
0.0687500014901161
0.533333361148834
0.0526315793395042
0.025000000372529
0.233333334326744
0.0526315793395042
~
0.0687500014901161
0.533333361148834
0.0526315793395042
0.025000000372529
0.233333334326744
0.0526315793395042
~
0.0687500014901161
0.533333361148834
0.0526315793395042
0.025000000372529
0.233333334326744
0.0526315793395042
~
0.0687500014901161
0.533333361148834
0.0526315793395042
0.025000000372529
0.233333334326744
0.0526315793395042
~
0.0625
0.524999976158142
0.0526315793395042
0.0187500007450581
0.224999994039536
0.0526315793395042
~
0.0625
0.524999976158142
0.0526315793395042
0.0187500007450581
0.224999994039536
0.0526315793395042
~
0.0625
0.524999976158142
0.0526315793395042
0.0187500007450581
0.224999994039536
0.0526315793395042
~
0.0625
0.524999976158142
0.0526315793395042
0.0187500007450581
0.224999994039536
0.0526315793395042
~
0.0625
0.524999976158142
0.0526315793395042
0.0187500007450581
0.224999994039536
0.0526315793395042
~
0.0125000001862645
0.224999994039536
0.0526315793395042
~
0.0125000001862645
0.224999994039536
0.0526315793395042
~
0.0125000001862645
0.224999994039536
0.0526315793395042
~
0.0125000001862645
0.224999994039536
0.0526315793395042
~
0.0125000001862645
0.224999994039536
0.0526315793395042
~
0.0625
0.524999976158142
0.0526315793395042
0.0125000001862645
0.233333334326744
0.0526315793395042
~
0.0625
0.524999976158142
0.0526315793395042
0.0125000001862645
0.233333334326744
0.0526315793395042
~
0.0625
0.524999976158142
0.0526315793395042
0.0125000001862645
0.233333334326744
0.0526315793395042
~
----