@Alone
-0.925177371014511
-1.44067899668486
-0.659708479359411
-0.924455160628377
-1.21740860427948
-0.526377940199714
-0.861505576885925
-0.610384809006067
-0.240904092330509
0.574104778509207
-0.769788270270276
-0.0179946126753765
0.592885437601042
-1.38799541227208
-0.151918975372969
0.558774893976475
-1.62136212442955
-0.273844583650779
~
-0.940233526454725
-1.43525443079359
-0.663052491597792
-0.921007534388418
-1.2165108503572
-0.52952169629817
-0.860702729720934
-0.608854282536197
-0.239232138866611
0.576073880171472
-0.770045329844134
-0.0191392483479915
0.589726945645406
-1.38643552787961
-0.163901651078601
0.55573077413584
-1.6198047148954
-0.286113765404897
~
-0.955244314118785
-1.44880195447708
-0.683933698434871
-0.92414380805426
-1.23170354356021
-0.548878436465453
-0.866788221181168
-0.619130418663575
-0.250903963436056
0.582138072548571
-0.784093083413495
-0.0302601194050633
0.585143913437917
-1.39994317381138
-0.201400971207794
0.557567030953597
-1.63713901487255
-0.322334726032669
~
-0.876111805218764
-1.44619593213755
-0.707204929136823
-0.912486510192378
-1.22818283077262
-0.562410615687677
-0.858198091737267
-0.621017157631112
-0.261312999217746
0.579829597978185
-0.788481372179439
-0.0425723180523116
0.583190836464606
-1.39692399072135
-0.224662842332342
0.555304049755667
-1.62746350674893
-0.354069205582085
~
-0.801592405303691
-1.41088264149731
-0.742642517547757
-0.890241056792155
-1.21812395137094
-0.585473667243042
-0.84161291235238
-0.622006903795333
-0.278309989152277
0.584029738594561
-0.792498751679592
-0.0627090681341616
0.560329336050278
-1.38401640083462
-0.288138744886789
0.559270782462854
-1.62062795708471
-0.405315028107593
~
-0.788556408152641
-1.39152332787353
-0.765187583110948
-0.892056635824409
-1.19285614056816
-0.625152153186476
-0.846932188233612
-0.635396550200674
-0.305338996907142
0.575787735512113
-0.803394138479945
-0.0919451914242351
0.571305882563327
-1.38976091666285
-0.333669806214082
0.576781314742994
-1.62255019171303
-0.458449916417938
~
-0.811192103367654
-1.39837439883563
-0.834977549071711
-0.886346267773932
-1.19529065024598
-0.683845862558125
-0.850791675063905
-0.645729459812168
-0.325855687629407
0.581136824783227
-0.802006042283153
-0.113513959468932
0.574244527542913
-1.37936459942121
-0.377490981463424
0.588302412271581
-1.60755018805411
-0.509648391936133
~
-0.758278918250659
-1.36553628107592
-0.832518434455124
-0.900858483297026
-1.15911481481845
-0.761319671855434
-0.837634582098074
-0.644186022098158
-0.337007476305199
0.59588028904796
-0.784247566390388
-0.128842922062197
0.579778203303082
-1.34370149926362
-0.413639692861165
0.603797033179178
-1.56493829943554
-0.549600770783123
~
-0.763822887795194
-1.15908139496628
-0.869011959514302
-0.930514276101842
-0.974423523509326
-0.893205598528719
-0.812501394713207
-0.632436406884318
-0.33192240697828
0.593321821648786
-0.735472693219511
-0.141070820483308
0.577611228802287
-1.25470422630156
-0.449188924166675
0.61476171941685
-1.4016655787401
-0.535474705864603
~
-0.882759999665222
-1.10231541478617
-0.889605244781201
-1.0209127935067
-0.901217930499147
-0.823735746707654
-0.804329314109021
-0.600183144862332
-0.325461988631968
0.621629398137003
-0.73586620767507
-0.157556126250319
0.616956396089668
-1.25329444931164
-0.483695258858016
0.645635340048456
-1.40804925448539
-0.584288133115057
~
-0.857203184422528
-0.97414424792202
-0.834996362649974
-0.987311024659031
-0.786887595595164
-0.767708967878375
-0.733192200544401
-0.526586615607302
-0.311220868539942
0.604599603241619
-0.6632271240913
-0.164377459579589
0.597719560073281
-1.15111485725689
-0.469254397304331
0.625535927958565
-1.34700421266882
-0.601065874747883
~
-1.0900303809382
-0.203327271001915
-1.54611066255571
-1.07082707788257
-0.468933382805867
-1.15122393794969
-0.784300314480304
-0.548614833817398
-0.365233025801849
0.680083463840949
-0.70921273020942
-0.185213941655192
0.704828835568078
-1.23195889134966
-0.507913862000617
0.723038504746239
-1.43518861728972
-0.659388478538034
~
-1.18647496224152
-0.031753511079431
-1.52444774685383
-1.21070007889048
-0.548631727391967
-1.00034312837591
-0.885920526155308
-0.535996390292208
-0.448595792580498
0.690008243336882
-0.731710449702397
-0.198703469681058
0.738344670810908
-1.26300335663611
-0.530557826231063
0.744557633720357
-1.46487454665362
-0.693618125529134
~
-1.27790408764987
0.153207027619992
-1.56856977586794
-1.29854261838869
-0.565830387355934
-1.09660684531048
-0.968838472170888
-0.522371037204221
-0.523029737586609
0.719598900993337
-0.767302096534313
-0.212328472065391
0.788665614583966
-1.31229266858579
-0.561001815358802
0.786678668751266
-1.51811111608938
-0.733610428608363
~
-1.29057498537672
0.253090726521743
-1.57220393858908
-1.23072153152433
-0.254409184357919
-1.11573962293471
-0.98613580757905
-0.496413845885449
-0.546563078171791
0.722872610764268
-0.77002602956786
-0.218287026540203
0.795121178973949
-1.30806594833882
-0.582738754497458
0.789270526234534
-1.51503412313658
-0.75528053409987
~
-1.24590093858183
0.312315603064227
-1.52953683673601
-1.21481273140484
-0.199861298422514
-1.12691202283383
-0.997413204904968
-0.471359387761488
-0.577805066870239
0.715044633831831
-0.750106892336457
-0.21567733116546
0.792744500646915
-1.27197761983252
-0.577405956660839
0.783406876016011
-1.47218834348228
-0.748422507585953
~
-1.24030904609024
0.378332425253069
-1.53861711939545
-1.21257071349922
-0.172023287357484
-1.11556745900759
-0.987698544425576
-0.466920320379736
-0.583498264142495
0.713049207675501
-0.752478200596081
-0.223970737047566
0.801453275076236
-1.27244684032078
-0.585026019347962
0.786423852962018
-1.4690051629927
-0.759359043065418
~
-1.21948869418021
0.406864390308222
-1.54112409755971
-1.20489131389773
-0.138366218023038
-1.09704641201674
-0.976446095301695
-0.457121783945323
-0.585123440453044
0.709387260811319
-0.750692707773115
-0.224022339905677
0.808695705274749
-1.26600303677375
-0.584273061450656
0.783714308949701
-1.45888646035761
-0.75976586696128
~
-1.21700106245303
0.432305103071935
-1.56419062413802
-1.20964964357556
-0.119854759339834
-1.0949563944549
-0.976337587658191
-0.45418713725446
-0.591087557520382
0.699871355043177
-0.757840032146072
-0.229502536089197
0.812127999584474
-1.27573156743116
-0.588738321016172
0.787750268480617
-1.46927921926636
-0.765803706928122
~
-1.20297117462726
0.446554442581485
-1.57361227937004
-1.14623659157696
0.12657781143017
-1.22105167659241
-0.88887259158576
-0.121241914014909
-0.678029217681262
0.697210681288273
-0.761235408044449
-0.229928324816645
0.81337606557184
-1.27924103780156
-0.587084604684097
0.791636648943902
-1.47138407230133
-0.765727701952127
~
-1.19996974314311
0.463694421943678
-1.58764282528828
-1.1710690957903
0.0500130870071062
-1.1989283054092
-0.985800776744543
-0.409553355011103
-0.655880865027663
0.690084349415281
-0.763683051983034
-0.228308555653919
0.816432293338256
-1.28245272201933
-0.58649591490687
0.798311538669017
-1.47550342419829
-0.766334484141108
~
-1.1907771682474
0.472413940679427
-1.59329514106249
-1.16657420364047
0.0555733394074139
-1.20361482778316
-0.976141078800804
-0.40929158843346
-0.649675889565032
0.686572527625326
-0.765770979126512
-0.226979856547533
0.820978765075988
-1.28600190859694
-0.57889601698317
0.803598102028958
-1.47792450703406
-0.759685836150477
~
-1.17968226540637
0.476032954079983
-1.59624504505707
-1.15942147303186
0.0571773402714568
-1.20480303050492
-0.980033784465966
-0.396631655503008
-0.669788403077378
0.683187752048408
-0.763745234191779
-0.224723003046021
0.822338219008204
-1.28546101843599
-0.569021414512571
0.805653660163582
-1.47707327734058
-0.749138225400903
~
-1.17495148584298
0.476973414245137
-1.59610129533258
-1.15528022322653
0.0595690925005046
-1.20534656329727
-0.976875270569059
-0.392690666589542
-0.671894613413339
0.678261846250469
-0.759870383249491
-0.221596092285233
0.820745402938372
-1.28461611569754
-0.557087422087597
0.805168977903515
-1.47745103872391
-0.735253369474113
~
-1.17238594765581
0.485547928640036
-1.60706988873051
-1.16065398399137
0.0658964928263622
-1.21369647975434
-0.985294187278834
-0.39317824606618
-0.67286250648
0.678453987229232
-0.764511753192654
-0.218425227591662
0.822357431833119
-1.29237717222373
-0.554218722406876
0.807596524540342
-1.48889824924606
-0.730182476020568
~
-1.16047659951908
0.48811978933983
-1.60992513940222
-1.15445696025863
0.0712357054991729
-1.21772790857881
-0.990305194677955
-0.355833150407456
-0.705821296536895
0.677681952112436
-0.76389605785948
-0.217375608102411
0.831626867845255
-1.29313811156534
-0.54429969985145
0.813795533610771
-1.48977443394089
-0.71930774507591
~
-1.14447064104626
0.481828773960525
-1.60928875286143
-1.13873374681802
0.0868043475221138
-1.23157365754119
-0.98676626867614
-0.332462281012451
-0.72032067114394
0.673659555594104
-0.761150322765377
-0.218152013015734
0.828874030662939
-1.28896952488362
-0.541358970624254
0.811635758938322
-1.48613056052016
-0.714030586854166
~
-1.12299249858156
0.489015950141352
-1.61439039282897
-1.120834498632
0.116737913921411
-1.25821372372492
-0.985283409250382
-0.313426528897006
-0.731285227467802
0.67831860039687
-0.763704697556339
-0.216264788287213
0.828376629678056
-1.29054285339644
-0.541850352922283
0.811949820676663
-1.48826286381569
-0.713157854784108
~
-1.10962930093831
0.488400848696829
-1.61276275681623
-1.10573404036938
0.171902704502512
-1.32391085245431
-0.981803392060658
-0.302086286701682
-0.738767656823282
0.680824631359402
-0.765669097923344
-0.215076402513323
0.827098891150856
-1.28990797496777
-0.54349302493971
0.811879066352295
-1.48764971305388
-0.7135722659805
~
-1.09335348890287
0.486898932391806
-1.60679543441386
-1.09338481027566
0.191445106672634
-1.34159050603773
-0.976626348325687
-0.295972183712358
-0.742272771026439
0.674369120874371
-0.761484263307534
-0.216177540641065
0.82024825374896
-1.28290638777855
-0.543265778573121
0.806011778063358
-1.48039386459162
-0.711562808595143
~
-1.07097170478751
0.488074498357311
-1.60256183708104
-1.07818549694535
0.205242126057816
-1.35240044819343
-0.966847187730219
-0.287582051415556
-0.744393862714584
0.663586805691633
-0.752355219735664
-0.218337981640283
0.808816938308132
-1.27004105513922
-0.542039604536799
0.795474704665504
-1.4668669130448
-0.707863528157287
~
-1.0560019799339
0.491785855475199
-1.60416034146933
-1.06433711869599
0.22357208309313
-1.37314350662788
-0.95613689547604
-0.273660437417545
-0.755901801549752
0.660982008540643
-0.747229661818081
-0.216917788182349
0.801745077992824
-1.2633964660521
-0.541550579675784
0.789039196601858
-1.45995113198552
-0.706348519583865
~
----
@RockOn
-0.684226889965427
-1.35112194648511
-1.07078579217633
-0.664698758883897
-1.13625523669826
-0.914309730243673
-0.754091082790234
-0.673697771491532
-0.428864527449185
0.669631065620954
-0.733558404898322
-0.236573873113
0.726330884507575
-1.27242533356417
-0.633698385621401
0.744894457563999
-1.48906449551818
-0.78783063298987
~
-0.68170041322377
-1.34881479518335
-1.06716168910958
-0.662237847371474
-1.1343088003044
-0.911132288446064
-0.750706608633918
-0.671991874485814
-0.427263834778117
0.67079781829057
-0.732598594668271
-0.236902369420371
0.724877093310256
-1.27087443085054
-0.632832321635777
0.743574293965684
-1.48703563334091
-0.786655070760444
~
-0.676676009147507
-1.34735355628818
-1.06605333672858
-0.661095234990252
-1.13362769306909
-0.909365955132984
-0.749224402002175
-0.672056751669969
-0.426460410377425
0.670450834949637
-0.731261005375046
-0.236569185805118
0.721798428076213
-1.26851049221021
-0.632210506480732
0.741983216259674
-1.48444430652317
-0.785304148811992
~
-0.675858233568248
-1.35018903377368
-1.06795987488984
-0.659337819668557
-1.13623374626617
-0.910631924828566
-0.751837286072182
-0.674142309652151
-0.426844907912505
0.672451494079657
-0.732710409796926
-0.236526620548692
0.722549621712602
-1.27157850638395
-0.632764211180928
0.741784091484244
-1.48767673762507
-0.786820902761401
~
-0.677911520878481
-1.35149063985996
-1.06752688191947
-0.661065685179801
-1.13743817937887
-0.910136984696689
-0.753710138693712
-0.675136667230865
-0.426093350329208
0.671625335256808
-0.73226459384456
-0.235974394630443
0.720901145542013
-1.2707794089075
-0.633472059804113
0.741869561462364
-1.4871470712572
-0.787157458717746
~
-0.679304330292666
-1.35268014965263
-1.06724439203221
-0.662108585961241
-1.13867432246432
-0.909807195605667
-0.754471870496872
-0.676444746527717
-0.425581276635637
0.671386372188398
-0.729400683235367
-0.235157126347146
0.7205592254196
-1.26825016374804
-0.632232197839703
0.742733902076719
-1.48479758749642
-0.785516932820236
~
-0.677840075348742
-1.35083206244759
-1.06578680632914
-0.661002023929181
-1.13711820665125
-0.908585854125682
-0.752952012139235
-0.675598749973178
-0.424989656363453
0.670975632602169
-0.727311800713724
-0.23557539069508
0.720498547389624
-1.26508153315341
-0.632429600875245
0.742491536397047
-1.48158048740224
-0.785118553543009
~
-0.678803640694797
-1.35181793171389
-1.06648183108695
-0.662010510482176
-1.13781988950135
-0.909397399012228
-0.754077925962808
-0.676437216562019
-0.425098433392023
0.670603271850822
-0.726647148801725
-0.235845367672497
0.719603404680178
-1.26399151916102
-0.634123834948082
0.742207655265484
-1.48086083031751
-0.786470000029403
~
-0.673566343690807
-1.34531407423176
-1.06533316635551
-0.657911341535599
-1.13293637418832
-0.907877537116557
-0.749222568969637
-0.674072730321468
-0.425058831522684
0.669160484365486
-0.723341755766104
-0.236909107112628
0.71878073387691
-1.25778620301754
-0.634207667957549
0.741812258868495
-1.47405913872364
-0.785326986150168
~
-0.683737917140813
-1.340462100294
-1.07187953287608
-0.66149134312049
-1.13040512503295
-0.912295283371251
-0.749069708861133
-0.67455544361209
-0.426043741092883
0.668919759432443
-0.721803988733691
-0.237109261602858
0.719741539919305
-1.25617246416672
-0.633884262391729
0.740714075067131
-1.47123658814032
-0.786833421598501
~
-0.700790719782112
-1.30828606765424
-1.10912236885753
-0.67124785958364
-1.11003847275504
-0.936339582044254
-0.751892934055368
-0.675804844203893
-0.428363224104218
0.669448674106759
-0.720369891774786
-0.237072693875204
0.720606751361731
-1.25372906009075
-0.634813639055318
0.738860933465731
-1.46809405081967
-0.788901819145591
~
-0.657637918658549
-1.1194582725829
-1.56052918786652
-0.682815486138249
-1.10147932996815
-0.957815024275005
-0.756831594223941
-0.678333089639804
-0.43429033060165
0.676994715368985
-0.724578054723974
-0.238410864894643
0.728076848184474
-1.259380900446
-0.640031927694982
0.746961884243377
-1.47532651381236
-0.79412701925811
~
-0.564967019908324
-0.970866571606082
-1.75008571518617
-0.713953755995846
-0.818405142867703
-1.2127669056909
-0.641824463626623
-0.524920246602474
-0.600999330253648
0.680828604620805
-0.721056579098888
-0.236620803284785
0.737656720215285
-1.25785560572113
-0.635400501488274
0.752921591043461
-1.47303706305683
-0.791309954708613
~
-0.531010529430271
-0.660759476084975
-1.71554438177511
-0.945866336253339
-0.831999368128499
-1.03544456127011
-0.762882218992788
-0.55108705676914
-0.438896236337272
0.685659152300687
-0.723918817543762
-0.237484640926116
0.746604033101866
-1.26315304884794
-0.637074599300466
0.757987054911656
-1.47804773831494
-0.795641575210704
~
-0.495609185363831
-0.505156594029779
-1.70130610557262
-0.995162041241065
-0.77389656653644
-1.1027548503162
-0.790645699078943
-0.468735795074746
-0.520216294741584
0.692659706073817
-0.728471894396991
-0.239035771605644
0.762985046361148
-1.27385198483211
-0.637300569471192
0.768652404619134
-1.48881726761394
-0.799626596411732
~
-0.499652349576681
-0.336975938529745
-1.68796769814899
-0.595717552408316
-0.304356835478958
-1.26775471362038
-0.870544132531553
-0.422559212919784
-0.470719968311417
0.697548083981507
-0.737176128692719
-0.239707955190593
0.771985864644882
-1.28905302009632
-0.642899172122297
0.775749240194033
-1.50595624900392
-0.808498476378422
~
-0.535146071451367
-0.220320457033732
-1.72233222487038
-0.561439102876962
-0.233936806942903
-1.67655076541504
-0.516064743043582
-0.106244812880305
-0.940418013562644
0.708223894987193
-0.76644883930675
-0.244512511772661
0.786447361420591
-1.33425954489748
-0.665429594341387
0.789933493119129
-1.55869153389065
-0.83661539189523
~
-0.638061232816682
-0.151448730934703
-1.83855818795377
-0.715646025579615
-0.357436129323022
-1.51256845294855
-0.803761082461063
-0.712155863600945
-0.54555563512671
0.720002002038253
-0.831122231134336
-0.261337126297925
0.804293426171949
-1.43518797596583
-0.714114789214369
0.808542561728519
-1.675962523961
-0.895577471046052
~
-0.686173195402493
-0.111638695038595
-1.89361019324231
-0.703459696568835
-0.25549616495436
-1.64024464490419
-0.642768707085193
-0.532198144044374
-0.620080217928788
0.716562980827008
-0.856263233988234
-0.266186749172347
0.80445396995629
-1.47327610005256
-0.730418588017392
0.810373375280669
-1.7225747738417
-0.912012417578609
~
-0.725135687871179
-0.0760442584402451
-1.94248252818775
-0.734180259826005
-0.286384059066102
-1.69565007736788
-0.617055781984992
-0.789004045457061
-0.759567126975317
0.71529617768642
-0.867253404881893
-0.267232190326964
0.802290918372446
-1.49354142801647
-0.736357026410459
0.809759178378873
-1.74947457315376
-0.915619438395549
~
-0.76240402081573
-0.0496906829230919
-1.98961269515385
-0.772475286511752
-0.284366093647614
-1.70898457520573
-0.635158954644181
-0.799028481353728
-0.765061973146477
0.712330768171431
-0.887401744601051
-0.265903220539359
0.802645523438953
-1.5227716856232
-0.740924427240426
0.81170447186357
-1.78476727280958
-0.919307198580094
~
-0.774712262715311
-0.0309386465959787
-2.01311112201124
-0.87638005290951
-0.18460557689874
-1.79977755953432
-1.05150025319596
-0.5686359971211
-0.799900094729318
0.710232167515982
-0.885688944893781
-0.264435924080458
0.796742712875695
-1.51995608980475
-0.740861709376147
0.806493737063527
-1.78269205189903
-0.917909080738719
~
-0.795669671638096
-0.0138108656401047
-2.05103878209477
-0.85992792751086
-0.0763280392130481
-2.04051888453302
-1.00798704622256
-0.342284755535386
-0.992960046404748
0.708846562606602
-0.893806871617239
-0.265879158246719
0.80023221924977
-1.53276634622193
-0.7394593009557
0.808997557528514
-1.79464506481624
-0.919995921077144
~
-0.809173512581614
-0.0102483548336946
-2.08257260102728
-0.87747693559176
-0.0773709675012963
-2.06090948433712
-0.999905808327471
-0.329671955811699
-1.00582493442372
0.706505438077532
-0.894376236105261
-0.266770694289948
0.799996470125399
-1.53359818625381
-0.740243954346723
0.808916053240737
-1.79531933851117
-0.921484331425316
~
-0.792615146424188
-0.00374226402464924
-2.06699211846952
-0.887091744879473
-0.120463187296658
-1.90022452892805
-1.05004350467356
-0.436683411508912
-0.889185367757402
0.702394259877395
-0.877737862428251
-0.262592919725353
0.797678359976863
-1.5058041344828
-0.72722688195962
0.806570530246045
-1.76216380301135
-0.906706010651503
~
-0.77769048032224
0.00106272122230429
-2.04861664209349
-0.859369800108758
-0.0840327621640769
-1.95777523074302
-0.989598873447773
-0.370413515427139
-0.949499365429165
0.697561579098271
-0.864709001930811
-0.259401733253121
0.795096926475485
-1.48268384925502
-0.717229909474435
0.80265950008913
-1.7340520478207
-0.895887525224059
~
-0.764880819639095
0.00302099102608475
-2.03261781604204
-0.840519142798424
-0.070587435191502
-1.98853352960184
-0.956572975979908
-0.321082708844997
-0.980241201056717
0.694349060366184
-0.856437687774709
-0.2559240364333
0.799950625941968
-1.47100485060312
-0.70188394120445
0.804525649481097
-1.7164992034653
-0.883372254319978
~
-0.740691904137175
0.000332912834898214
-2.00018646939943
-0.818562777087828
-0.0801201172197985
-1.93744779608271
-0.945994467075121
-0.347244747867498
-0.953144934936675
0.69175816035878
-0.84429983948556
-0.2500443818414
0.803199420553146
-1.44973394858588
-0.685004411054327
0.80578015838097
-1.69006505081363
-0.865237681055682
~
-0.737060818813194
-0.0019444873724595
-1.99941032723683
-0.849272860723387
-0.134456778290045
-1.79517390166756
-1.0368565831659
-0.441730024030006
-0.834436608438203
0.692960912536585
-0.844184634108744
-0.248572519628955
0.805879822152093
-1.44882918169505
-0.682994272119952
0.808496909807743
-1.68903076974048
-0.863146881328941
~
-0.736794003137257
-0.00298672033712149
-1.99974587320705
-0.822756372697117
-0.0974368297847082
-1.90501301064884
-0.963653156847604
-0.375260667683573
-0.927360677954029
0.691820726387396
-0.840506303226803
-0.246075270833085
0.803952135173675
-1.44515590976751
-0.679930411069924
0.80799968046454
-1.68567017424565
-0.859599041376419
~
-0.737007132137299
-0.000623287562773161
-1.99554408643254
-0.822667092526578
-0.0879951836205267
-1.91898961395924
-0.964367730690584
-0.355053022311285
-0.939555023657983
0.69118422017034
-0.837924422067709
-0.242285756417429
0.804201407612804
-1.44132047709524
-0.676230968260848
0.807717396630498
-1.68210747392089
-0.855221533241019
~
-0.738821607272126
0.000248754815818965
-1.99687732049767
-0.826307103664406
-0.0817552960776301
-1.9157461367472
-0.965282090346549
-0.358985385047671
-0.93861935630971
0.691658507308326
-0.838190124142061
-0.241678863192673
0.802618462678407
-1.44101829134141
-0.677376688378638
0.80632854843386
-1.68257604960796
-0.855669257880485
~
----
@THumbsup
-0.0647020800732039
0.137444113033982
-0.854369808248142
-0.119886784646199
0.0383341647950305
-0.82518039133306
-0.721145019532296
-0.553752716040813
-0.625007725704399
0.886620495069712
-0.0601274967988149
-0.857094882694265
0.344764126818996
0.0972018096610308
-1.5409818211648
0.315668221580335
0.135468584712265
-1.60209649027842
~
-0.079787214641963
0.285175016754629
-0.506759881680855
-0.128604810183047
0.108824166100336
-0.587087934491196
-0.661350173243077
-0.496638107749825
-0.475774836679115
0.827279630044756
-0.023997175288162
-0.891493054179789
0.204901924261574
0.184520024955056
-1.37775192629086
0.168077472301777
0.25109044308444
-1.4016476987796
~
-0.0376593602983454
-1.13398599466748
-0.596393645547273
-0.18984213370902
-0.986284910062244
-0.582108685058603
-0.646390440445518
-0.543181818192848
-0.50408251898898
0.875553058284876
-0.120204415591345
-0.668264987961156
0.315368611269339
0.128622209564989
-1.3105306827734
0.141730043025136
0.229654313840518
-1.49363884581582
~
-0.623171685774904
-0.0219520305970057
0.0843439458450841
-0.684054489694209
-0.195341387447178
0.016580623088901
-0.618774342092261
-0.527994330652515
-0.513291038795787
0.808456012208902
-0.149055509396999
-0.685502001450659
0.258681469611984
0.113305843400532
-1.31436633552176
0.0684129448650905
0.238787384798283
-1.50235956578641
~
-0.632084539908778
-0.00533060117044632
0.135367787633107
-0.692817366069204
-0.178292781127753
0.0677713032467225
-0.589222109740327
-0.5296666888698
-0.521525869209002
0.79090051788247
-0.0920583068196377
-0.677515697447475
0.225688838666152
0.165179600889413
-1.29099564994459
0.0420966948839287
0.272598055615973
-1.46216816695771
~
-0.632927135503511
-0.0184505662351956
0.178925930291871
-0.693563973439819
-0.191139413605447
0.11143668030593
-0.576005175207238
-0.538785181875918
-0.509050047233313
0.780188440401251
-0.12865566050672
-0.696348885796024
0.210280743977749
0.124837912125568
-1.30496089835581
0.0265997308097819
0.230357420748471
-1.46952100221626
~
-0.638560851191283
-0.0254454440548675
0.169779097678971
-0.699198833206907
-0.198137599791977
0.102287902927751
-0.569313069416697
-0.537694999978342
-0.512098552841146
0.775330070742706
-0.120676490806345
-0.691704698927996
0.201553133395576
0.123331634963729
-1.30069798299816
0.0158493333520186
0.23107937147402
-1.47203773742411
~
-0.555603501200402
-0.0526955398883866
0.0727318564369061
-0.616244002967061
-0.225394763980531
0.00523811514677751
-0.559207037749927
-0.535419184151054
-0.517078127995389
0.777435313475048
-0.103370100337572
-0.681527463855052
0.20616991901754
0.13305526633541
-1.29629610008168
0.0115383008646371
0.231456456591912
-1.47370459727314
~
-0.764652532757783
-0.180103323683192
0.138452010738497
-0.657074823227896
-0.246310990834521
-0.0102204071539692
-0.556285717817107
-0.529259692489082
-0.525727100613826
0.781156115691381
-0.0797625603215261
-0.680738057916624
0.208868970226824
0.14685448191921
-1.29847892970625
0.0108638735358145
0.238256130836667
-1.4776033056676
~
-0.732741533695519
-0.156941278730056
0.130849615269114
-0.631390299085467
-0.22456787614996
-0.0215247007578026
-0.555053989365699
-0.524695667494448
-0.531906786770732
0.782660738775688
-0.0681168793258626
-0.683765485242929
0.209384971845729
0.153141978233887
-1.30271474845608
0.0129098447558792
0.241420901128517
-1.48283318998082
~
-0.732552167935242
-0.171556163339605
0.142425549966686
-0.596456746059764
-0.199851992793059
0.0055194103666194
-0.556964309087892
-0.524130602317772
-0.53254062935501
0.786215230966541
-0.0608324537061813
-0.688454537866102
0.209461122544842
0.155562078298901
-1.30592844926048
0.0158099894159241
0.242292455718169
-1.48448521196131
~
-0.683591175213905
-0.0858414815998851
0.248995682480865
-0.653331125711805
-0.198213826599512
0.0487466425320362
-0.562550977205506
-0.535330835097355
-0.517438885574546
0.799587404447424
-0.0619988965915157
-0.675282875017618
0.222616590517063
0.156582155841443
-1.29188736706247
0.0319996702904834
0.243239799799789
-1.46795898140697
~
-0.852090851214713
-0.109408014974986
0.0679286004141189
-0.720625183669126
-0.253478689556722
0.0621949874229409
-0.613748816343045
-0.57852826425606
-0.442314193376976
0.826674736398107
-0.0591173662612374
-0.647247819672366
0.247572880944002
0.163312774204323
-1.26046370777603
0.0625541995277004
0.256920876089271
-1.43862761147328
~
-0.760050509357704
-0.0848501790119219
0.180988386962776
-0.828564714245223
-0.254053768463451
0.112063145502485
-0.718468183958227
-0.59089434414518
-0.370791348548141
0.848186980096785
-0.00680877710066384
-0.617311526869968
0.289852549570403
0.23982660276738
-1.2412505215748
0.121160595971481
0.321340024778533
-1.39616450805331
~
-0.784228991921265
0.179245223118535
0.268610141885357
-0.857389072191043
0.0112112762442442
0.201691401587171
-0.808996757519371
-0.525079604134666
-0.0853134540667798
0.858124379476728
0.0330353215699012
-0.59708350870515
0.348306098462526
0.316525670231909
-1.24788107417231
0.145333408161727
0.356745065359277
-1.37502239811588
~
-0.808569820643387
0.150682093005351
0.259398504126194
-0.8823672675968
-0.0164716297848695
0.191137726091367
-0.803482933195632
-0.556169801717367
-0.0838011889761395
0.863931501067882
0.0401727175727079
-0.58954340399357
0.346110750759315
0.314564485088553
-1.23767606533546
0.156947907722768
0.371409895125633
-1.35875473555293
~
-0.880481815218248
0.113861337282364
0.272062170247937
-0.870626691744707
-0.0711632579536558
0.175284196263158
-0.841061268321309
-0.626237017160329
-0.0804885259630371
0.862881396626017
0.0456454442410215
-0.588269925536561
0.340673649480468
0.31803177944445
-1.23354814889971
0.172207120316292
0.382876921428211
-1.34195111493124
~
-0.884105696169214
0.110376494686437
0.276427682896191
-0.871959051175265
-0.0745490332230602
0.179698898175344
-0.835519063190649
-0.629325590450166
-0.0759271052649621
0.865989667111913
0.0521566876114249
-0.583028783177533
0.352590942006641
0.336354232195099
-1.23044575639656
0.189340658720668
0.395441164601092
-1.33168104870551
~
-0.882543945993461
0.118431333769576
0.253770937795745
-0.871746220184178
-0.0677305332579496
0.159244088514865
-0.839353095759107
-0.626216081337748
-0.0897786484714419
0.871711079342771
0.092996917486257
-0.589791585540661
0.354111555722653
0.380178633032904
-1.23235273624784
0.196709631738651
0.43543064953181
-1.33572596108572
~
-0.738455670685638
0.0936441558009284
0.115218907133192
-0.818682360580987
0.0515103187308912
0.106024834507873
-0.812915182098487
-0.513040001454711
-0.132639433801024
0.913931943806537
0.263815673112734
-0.604257663909334
0.399387776720722
0.544080544116542
-1.2526384383791
0.240261294794356
0.603276284482172
-1.35938644269108
~
-0.936943567492118
0.0800282227491504
0.292439401751575
-0.910009890937197
-0.0973703586936911
0.18511048475352
-0.829208808269665
-0.629566103022216
-0.102330755608386
0.859589467091984
0.0566063508516568
-0.586684077913883
0.311826914663532
0.309518140421185
-1.21801959897165
0.167178427957791
0.384487056457939
-1.32750170057515
~
-0.910353785545133
0.0943278231440012
0.260941114906998
-0.889707616724757
-0.0863158449956139
0.157678151126774
-0.827769163266398
-0.628246849414459
-0.117565231113909
0.859625417845277
0.0812542660138794
-0.575517640415019
0.326392485925178
0.336034073975265
-1.21917903353273
0.180228629952703
0.414209674120195
-1.33743542076149
~
-0.910809856221923
0.100330952328285
0.251910296994303
-0.890230682414281
-0.0817953003488573
0.151240650335257
-0.828493107988583
-0.628174045129591
-0.116222779722757
0.857619270103052
0.0822613669631992
-0.576796504915455
0.33507380424326
0.339045215729841
-1.22890316278381
0.180911800189789
0.413711245885245
-1.34084628678105
~
-0.905636125610664
0.10824073498049
0.2374144638195
-0.884376555179007
-0.0771252727914745
0.142959285785811
-0.820597896886808
-0.633223243104596
-0.10586158635069
0.858160987152152
0.0857214211905574
-0.57527320677763
0.349948847268158
0.356900717205808
-1.23324578900592
0.193625601826282
0.418391418135607
-1.34377310327677
~
-0.773226506163752
-0.0427182815774735
0.118058997113136
-0.86494662673702
-0.0664264188276569
0.115486454860565
-0.817986812057799
-0.633199200846424
-0.114923353474144
0.841210080004239
0.141080019755054
-0.557514682868836
0.354678238497857
0.392585830021143
-1.24056599308389
0.20962440261233
0.454478259734729
-1.36054220625026
~
-0.756374040553549
-0.019568158880591
0.106097128628394
-0.843304731545275
-0.0585271028722323
0.092551740747387
-0.811803277281517
-0.632618389842047
-0.124064643609449
0.850604644038183
0.16679004393583
-0.5676414329009
0.365212909500668
0.41704095253051
-1.25205263218148
0.230104873764333
0.475181552579132
-1.37263181364093
~
-0.744522630971108
0.0139528588669641
0.098911641612032
-0.832820892733783
-0.0211720210922312
0.0866544339810507
-0.796347569407325
-0.595633170813094
-0.128466831922153
0.870395004003837
0.19418908232667
-0.58715743226456
0.374078906209836
0.446558996015917
-1.26244955975623
0.241523361422005
0.505210703950751
-1.38204076051182
~
-0.739643255274729
0.0241687070800457
0.0980411337528943
-0.828486712157839
-0.0104865187525731
0.086045970625894
-0.789836084438991
-0.584730996205187
-0.129264430158557
0.865062917422445
0.206349156025729
-0.579599718433484
0.388537369877375
0.45406833969504
-1.27152163725769
0.247700818209134
0.512193788839816
-1.38502601145441
~
-0.744222943181032
0.0381046572215795
0.104574461280092
-0.833854281073816
-0.0027969958198664
0.0912398128935278
-0.789925904965264
-0.574401107182384
-0.129205483606698
0.862011895572613
0.218592929262493
-0.578626554101454
0.390597856520553
0.461880351666281
-1.27586567060657
0.248014023745068
0.521562548374863
-1.38715621862651
~
-0.744922255924382
0.0517888698697226
0.105663345567424
-0.83493155265553
0.0096749923460499
0.0920679241513799
-0.788904904961508
-0.561307265800268
-0.129393743831745
0.859816510165343
0.232690966433663
-0.576686203781119
0.385829949304128
0.46871196413006
-1.27470803491734
0.25031046382805
0.534222375496837
-1.38831416294322
~
-0.744279477729542
0.0545283365209653
0.104118618077655
-0.834093552433825
0.0115541242483028
0.0899516168616399
-0.788629906617144
-0.559782163691584
-0.130822255669496
0.861060746240485
0.237368612080703
-0.58347429057179
0.377653383906343
0.468405011148562
-1.2764293822561
0.252130662011594
0.535733407753277
-1.39084240802949
~
-0.741070487271147
0.0534082280569618
0.0987297439731298
-0.830560205327138
0.00976664819032125
0.0838957526951506
-0.786315188922724
-0.562247197319927
-0.135476776505817
0.860258054944057
0.201827220969768
-0.545261121316224
0.401382968474126
0.453140173492659
-1.24819445915215
0.256475833103683
0.53406751929814
-1.39608533246352
~
----
@Thumbsdown
-0.959994117655313
-0.088790791762789
-1.3922771682373
-1.08071114109506
-0.386002017013153
-0.957865097798592
-0.919605151865161
-0.53018522724886
-0.287144816781741
0.676357177937648
-0.705920426557776
-0.284714815928767
0.712499553220691
-1.22576445107299
-0.679628722082162
0.713275117132479
-1.41836491708382
-0.861863875460896
~
-0.958086717853617
0.0405741706150815
-1.30500103632294
-1.11163619474153
-0.25869067709998
-0.973296442424541
-0.934424704146537
-0.409117543721185
-0.268439895109637
0.67208944654183
-0.70671254325088
-0.288535623184064
0.713628705313069
-1.22514420875899
-0.681365378088812
0.715111410305309
-1.41661202890018
-0.863604304660067
~
-0.98689280219161
0.260982744379318
-1.25213790175735
-1.0445182335768
0.0851454658039696
-1.12037255189734
-1.04999377972231
-0.424945380634725
-0.41542027915384
0.667853463330211
-0.719626057679299
-0.294142087443357
0.715991134210557
-1.23248310348893
-0.691897051554941
0.717877442955561
-1.42350591984448
-0.873935144264864
~
-1.04851906001403
0.540848402188663
-1.16982166200051
-1.06903610772868
0.145150068535715
-1.05907040289874
-1.07467156619127
-0.337431868692917
-0.513848576745766
0.663932773388412
-0.717775368229757
-0.295163262018924
0.716573900662011
-1.22562645189178
-0.690715790775975
0.718691429910052
-1.41478244376288
-0.871744878261218
~
-1.06565212542707
0.611700427187236
-1.19154280214354
-1.10602486286213
0.151389508204671
-0.978106570086407
-1.03529512029485
-0.397082723090607
-0.431819943916997
0.663550299073198
-0.716818252465768
-0.295968512729923
0.716325919939442
-1.22460947401595
-0.690233188711918
0.717898800538159
-1.41307726363834
-0.87150565608416
~
-1.07109150784217
0.615079412661924
-1.20096307915291
-1.13069160683821
0.18296088807288
-0.96914946327453
-1.06095649577941
-0.372066499116085
-0.450762341442277
0.665381514372253
-0.720913420871997
-0.297309667359752
0.717719407597109
-1.22844284778305
-0.6932650192327
0.720528766244659
-1.41710239350286
-0.874712875491119
~
-0.962264878336638
0.413694241682301
-1.19320023346593
-1.08378946293347
0.144590743280772
-1.01675518055428
-1.10753842931759
-0.32475679456884
-0.508173326295387
0.661072391630665
-0.719482618800185
-0.297080402013173
0.712148511093175
-1.22846460804954
-0.688909706330664
0.717907874116497
-1.41646594556225
-0.870163093506202
~
-0.954967281277639
-0.00735790124682752
-1.27988609206726
-1.11365453458728
-0.284220812799286
-1.03480002287832
-1.05225587586862
-0.46581861289303
-0.40321246647703
0.657282089160792
-0.727218792456967
-0.297796414504579
0.708696772727395
-1.24272169786082
-0.685797453606128
0.715580858695678
-1.43267772861258
-0.866796234167081
~
-0.930026703406424
-0.512086740696745
-1.6073944113803
-0.928724182657232
-0.540815355152605
-1.24123523912582
-0.950201372375606
-0.571377497978623
-0.350117449595794
0.653136285605613
-0.731860428305987
-0.291480322069755
0.6986051376083
-1.26274643878282
-0.669047878651779
0.7093481783851
-1.45313170581577
-0.853231756171661
~
-0.867248829994617
-1.12195077275933
-1.39414344165845
-0.755717143312805
-0.993173630615595
-0.994573528037485
-0.864893132523159
-0.611060627267262
-0.331116464613647
0.64922835269395
-0.717063737571258
-0.278246210112478
0.689161926571762
-1.24624213516298
-0.649952699020799
0.699652769317096
-1.43664530382004
-0.831197686910482
~
-0.868793634264748
-1.35130280437535
-0.977962993276461
-0.834240052124631
-1.1266555705161
-0.833779095514131
-0.830711601447495
-0.668548490314452
-0.346854523823657
0.652057695946342
-0.735871400591384
-0.280860803313227
0.676758202148148
-1.28203854616875
-0.655210115876129
0.689881761724154
-1.47836227487749
-0.838878323279491
~
-0.83137510183198
-1.42659259446596
-0.959486192258166
-0.827895088928333
-1.20181301223702
-0.805579679224071
-0.782604144432529
-0.689246906712044
-0.370778382729262
0.653766653771982
-0.745394718872736
-0.281765429603428
0.671226304366726
-1.29794806092095
-0.661624095683362
0.687696683828974
-1.49693031914973
-0.84698855526968
~
-0.786352357362336
-1.43001217582733
-0.913234977079963
-0.792076519219311
-1.21407125651919
-0.752051447797913
-0.748226643054475
-0.680580930384511
-0.35823664689253
0.657909232465703
-0.731982603664707
-0.278935334347225
0.67865075993811
-1.27804671827736
-0.655487956765466
0.693252842479784
-1.4755774763783
-0.838277031823273
~
-0.773600704146011
-1.4513478684199
-0.878226157820523
-0.783952340867909
-1.23994763194657
-0.709360723280225
-0.731131809534888
-0.693409751118253
-0.331213222236234
0.678994169413584
-0.728690723596302
-0.276770294080346
0.679184822112125
-1.25940921579581
-0.682721114271987
0.7071179438814
-1.464629825155
-0.857125809075887
~
-0.768870948204865
-1.45413309894615
-0.850872755964167
-0.778150818764404
-1.23818053617777
-0.690155176350663
-0.719076771503169
-0.694775880335749
-0.314539157761208
0.685196315338664
-0.718851946578541
-0.279148382282294
0.691127830860964
-1.24918776108483
-0.679548806277938
0.710405864893711
-1.4536436340958
-0.853841570175808
~
-0.781504734087161
-1.46614417578146
-0.817642339634905
-0.784082196412919
-1.25006801429513
-0.658137651702745
-0.712669142203971
-0.698901791876222
-0.301429207774594
0.693906454983501
-0.709421476021815
-0.28196689127186
0.70187570180491
-1.24043654107951
-0.678006476013584
0.715819523774673
-1.44335665130063
-0.853409416767855
~
-0.832709779147466
-1.35496123509344
-0.921017035275091
-0.825455249330507
-1.22082537231333
-0.68863401912993
-0.722441572837301
-0.712821760097075
-0.275197087218881
0.700812755806297
-0.706141468606713
-0.285949123058466
0.711183331788671
-1.23781359756531
-0.680263897130224
0.720896649633805
-1.44089299254837
-0.855510738868595
~
-0.861737777334307
-1.07321794921629
-0.909456256986329
-0.749869375597305
-1.07974827518239
-0.776816877821584
-0.74397147224241
-0.703206741524071
-0.225289372255101
0.706351482692936
-0.69934765869048
-0.289369135543993
0.730341441270863
-1.22976534105554
-0.680333792603574
0.728736515179252
-1.43276972356226
-0.854391187472354
~
-0.999052990355009
-0.640265269103033
-1.37476809753994
-0.905273800653398
-1.02781211920731
-0.68831724041145
-0.750590261767305
-0.618693959396103
-0.191994324833978
0.708108995857351
-0.689968754582919
-0.293032431452842
0.736579780778296
-1.22042137833875
-0.677291156503703
0.726757871980678
-1.42007513931882
-0.852777337224891
~
-1.04374492900585
-0.49124499886974
-1.40226307550504
-0.994177168640305
-0.54873516941092
-1.07100366094129
-0.779090382901611
-0.602465039622362
-0.205021142193317
0.70941788414639
-0.685031499983571
-0.297020457542554
0.739900654016895
-1.21511034426967
-0.681634534920586
0.725356613182767
-1.41504610146723
-0.856582035013171
~
-1.08226543986699
-0.318958428534476
-1.42563876816081
-1.07606144542747
-0.54926674794742
-1.05836868631373
-0.952537030306851
-0.592984802908711
-0.318473872998622
0.712391905703495
-0.701507112072344
-0.309635938325117
0.747508320842642
-1.23634224235744
-0.698738175116643
0.730791283012835
-1.43823938401989
-0.87545456322856
~
-1.14794382512395
-0.135261110544129
-1.34774208844995
-1.15032795535242
-0.439201797710709
-0.985502066372099
-0.936318483797279
-0.550916192583753
-0.28731345552562
0.708961782518739
-0.706619091824448
-0.313508966237647
0.745069240931341
-1.24143466836599
-0.703642156164525
0.730036884500306
-1.44194843541185
-0.882433667760522
~
-1.17845543329512
0.102675057119862
-1.30864554999157
-1.1698672324932
-0.195698339039988
-1.03469347910214
-1.00960866536318
-0.496200616906913
-0.363362719833339
0.707850622388772
-0.724565852934982
-0.319931193578561
0.749378003889171
-1.25743763779218
-0.715561807540353
0.735917885027194
-1.45729886334485
-0.896257249153222
~
-1.17775880686829
0.20908461551114
-1.30070665928251
-1.17508745559526
0.0306641182976851
-1.11476230424519
-1.02570347956729
-0.473711121428358
-0.382297132739389
0.702962665886149
-0.749727743406031
-0.33243509018913
0.758231776319448
-1.28008326242793
-0.731560044121715
0.745306544260709
-1.48007715525019
-0.912875734319287
~
-1.16778971112635
0.301377270613925
-1.25066651789454
-1.25275905723585
-0.00866816132792777
-0.970737247561276
-1.09588862328659
-0.399156103097146
-0.447088523603136
0.70018365598209
-0.755479818980565
-0.336120636531691
0.759092025556296
-1.28399461882021
-0.735818773002841
0.746273780332625
-1.48400982091441
-0.91654988457024
~
-1.19333054125267
0.61238998186616
-1.21086883929908
-1.19696363353161
0.436307468913155
-1.16230564852748
-1.19505750031468
-0.211760445488895
-0.55196250270562
0.697212802407547
-0.750967577769616
-0.333929186194605
0.755302785228022
-1.27612325943209
-0.731048846153225
0.742802670716327
-1.47447475237601
-0.911145021594716
~
-1.19242373082865
0.825317166656652
-1.13968131439443
-1.21493289647709
0.508183733431092
-1.0440870616169
-1.20366265710525
-0.218474572658137
-0.536769724407603
0.697987051491246
-0.746100658042441
-0.329950496460703
0.753764981976092
-1.27156495619797
-0.727161521518566
0.742030964458103
-1.46974112422502
-0.907599412914708
~
-1.23343581167121
0.6698469555889
-1.00664674303326
-1.27794674262803
0.478951126802869
-0.986759085011288
-1.20627173003972
-0.0904467163803126
-0.563924380119265
0.699321640929287
-0.738845207022634
-0.325631317083082
0.749529851294941
-1.26078663413461
-0.721238321222522
0.737893539817126
-1.45768075700285
-0.900547156714945
~
-1.27289995509908
0.85119128772383
-1.1350702094276
-1.2327026729401
0.702161484762924
-1.01398423964533
-1.20854300251535
-0.0461429150349563
-0.561594661090554
0.698353611115827
-0.731793501603877
-0.320990887086926
0.748024073704705
-1.25040603479797
-0.716392997046084
0.735112254917524
-1.44550107367232
-0.895894091988114
~
-1.2948999909274
1.16948336667089
-1.35252700218733
-1.14856319809016
0.869250177912223
-1.05925361086861
-1.01364438968005
0.21638133306173
-0.556092861184996
0.6975572328388
-0.719847431171339
-0.312345316682696
0.743059015156689
-1.23254856315747
-0.70387781635138
0.730352553499555
-1.42516793794072
-0.881648423651462
~
-1.28767264088547
1.16581802702272
-1.344318795252
-1.14513126221771
0.871397225497919
-1.05844751158827
-1.0365113399583
0.223121712101003
-0.574159032544499
0.698671702949144
-0.718545102846594
-0.309803793683056
0.742986724889732
-1.23047805331556
-0.701793899229934
0.730838740845627
-1.4228314812316
-0.879579040390037
~
-1.23911886915205
1.01750996409924
-1.19030371695381
-1.15446784722418
0.860183485761151
-1.0574779788961
-1.05873780160626
0.182783765837942
-0.582702641243686
0.697805950560391
-0.723908256406589
-0.301660627260571
0.742163510314071
-1.23659115522504
-0.698223162345309
0.731932432535692
-1.42986461362884
-0.877070500526425
~
----
@age
-1.13488896331446
-0.653509446158676
-1.11529585677749
-0.948808338357661
-1.09273805287853
-0.637495069655456
-0.678961983223835
-0.682351703288582
-0.181059509391125
0.720957401170621
-0.699247536866935
-0.266759291297835
0.765006092104504
-1.24989434810069
-0.638895055507861
0.758182348966991
-1.45366853075585
-0.816406436607824
~
-1.07959680104534
-0.385599128687451
-1.07235604025903
-1.01362319512992
-0.811913645367838
-0.740106876321749
-0.677164810196593
-0.676945466164079
-0.171875331357533
0.723983670860729
-0.693523016552445
-0.274015320765501
0.769970727086855
-1.24208803594104
-0.644723334139365
0.762186468724187
-1.44293501902789
-0.824051331961025
~
-0.957678592471515
-0.194843400450635
-1.10102803238514
-1.00457851528008
-0.824128324508193
-0.751101160520427
-0.709386580854735
-0.644409666185906
-0.174292791890355
0.724387789642574
-0.689070998061573
-0.287809271989871
0.767960236734117
-1.23083757188482
-0.665751730184908
0.756404445621746
-1.43280923359114
-0.842310466531949
~
-0.827839635635753
-0.116506974904594
-1.18906840146208
-1.04370172385055
-0.776004479601816
-0.778349024853743
-0.762728610716181
-0.608273366455182
-0.187381660670716
0.726382957584964
-0.689903405422656
-0.298013026579134
0.767517213677155
-1.2300549769765
-0.683293390724536
0.753124272374223
-1.43372857918004
-0.859201483117589
~
-0.74299525302073
-0.115260472492785
-1.31235143875251
-1.10700421354582
-0.625193961620883
-0.831837121965004
-0.798481626241039
-0.609483834372956
-0.217084438605908
0.72853369323823
-0.704482980304758
-0.307874804605554
0.771602478553393
-1.25195028955196
-0.702975581856791
0.758393046685791
-1.45521634987835
-0.886558491534258
~
-0.673344888765382
-0.17614770971149
-1.45746858533315
-1.15712837766527
-0.590842944882124
-0.941605716695891
-0.859414239621271
-0.639545616586487
-0.306815310699417
0.731399902940541
-0.726035615335535
-0.319185102524231
0.775975358502538
-1.2859633226534
-0.721040252621892
0.762194910642724
-1.49265756874726
-0.909379919105771
~
-0.596329617081773
-0.243417743885478
-1.55593416133597
-0.958773521839008
-0.500221567246402
-1.27087230673472
-0.551530095194896
-0.136994568757083
-0.856658553528044
0.711547954898996
-0.727451730868133
-0.317484029565282
0.758434175289396
-1.28210494770804
-0.71540269542453
0.74679520713071
-1.48471273389478
-0.904478191947928
~
-0.534012728952023
-0.341122069162783
-1.66290678663301
-0.938086039268657
-0.514314345108341
-1.19458910861583
-0.95997502516885
-0.366324939679289
-0.422805074666358
0.703116852872431
-0.742254358544948
-0.309635026982662
0.758987202706958
-1.30657013668857
-0.701260297802305
0.741309353527454
-1.50944014999499
-0.892835825608865
~
-0.468084097492176
-0.461980804379771
-1.73151734340586
-0.710757700388704
-0.459860253880493
-1.40662797813336
-0.843284937690184
-0.431471007565058
-0.479983310038818
0.696485025100995
-0.741648893976742
-0.295338589894072
0.755147383274478
-1.3083736006087
-0.675900880638972
0.734247084616994
-1.50860084915893
-0.86797013945722
~
-0.421633138212177
-0.571923228958828
-1.75846232494729
-0.625403707133543
-0.542246958795811
-1.45329430967063
-0.775686418373468
-0.430413586031438
-0.537693054097886
0.690884789083402
-0.737651636172406
-0.284368903310536
0.7515014999452
-1.30673866546518
-0.658420452503093
0.732833012477547
-1.51275274314394
-0.843848702605617
~
-0.375168331434414
-0.676465140003549
-1.7960072328334
-0.422022899041399
-0.581199601339791
-1.54945070228837
-0.594189440880246
-0.348574030907607
-0.668540350008359
0.689411159706821
-0.730883314664704
-0.27450135018597
0.746699230547461
-1.29660259393142
-0.645852808443729
0.727889386298269
-1.50494293499944
-0.825867565801277
~
-0.352409726706477
-0.720260842665102
-1.79008795906172
-0.495934177821676
-0.586893644363333
-1.4318376632857
-0.58556549723554
-0.356711663615121
-0.663355848033939
0.688772073392218
-0.725439777702975
-0.268133646501989
0.749499979480971
-1.29017569908673
-0.63315652229896
0.726788208581842
-1.49493457444759
-0.814538867934928
~
-0.3442085724444
-0.737406270932943
-1.78443132358753
-0.501253973580609
-0.593212410006387
-1.41136953301564
-0.591747732272575
-0.367694334447764
-0.6671355487813
0.688443477216342
-0.72116132596844
-0.266379026056829
0.749801293173919
-1.28308642843659
-0.629993705277881
0.725294873782608
-1.48783132646466
-0.809297154344131
~
-0.346948874916341
-0.739254682293033
-1.76365656865821
-0.59318978530329
-0.585732718820915
-1.30097089089921
-0.594157535504566
-0.369178229756579
-0.654219720729492
0.688235097528441
-0.71227349249444
-0.263390998637619
0.744080269946548
-1.26969771676967
-0.625708006767067
0.722746429377365
-1.47333749407995
-0.803574264191279
~
-0.34738689880002
-0.735272064195175
-1.74246966096874
-0.533816845889627
-0.584241615931465
-1.33034410642898
-0.603286365450886
-0.373895620128738
-0.655967363721401
0.689327661054424
-0.699355888662574
-0.262166044950852
0.741715456754439
-1.24914687276837
-0.624462657713441
0.717659012881613
-1.45078681378691
-0.800030115752762
~
-0.398121006120018
-0.708984774502205
-1.71230252732328
-0.61320858516176
-0.58077968346452
-1.26096788544547
-0.610624659487977
-0.365886290739973
-0.625103136913092
0.692399439517832
-0.68923055555576
-0.264619539265355
0.739828407780211
-1.23679790057079
-0.624115250014412
0.71482939875591
-1.43472739629776
-0.801468673996132
~
-0.449203852233801
-0.678539748548013
-1.70063865934616
-0.636567208763478
-0.573844248824393
-1.25716336824574
-0.623071492537139
-0.375910371643922
-0.618176454874205
0.697321070453048
-0.683639182232799
-0.270576765285924
0.74139288011526
-1.22934712585201
-0.629065816317081
0.71549510186425
-1.42639827999971
-0.805841650187387
~
-0.526238327024736
-0.64352296692801
-1.65977310284361
-0.671669575477275
-0.570708212581145
-1.25484685062033
-0.635771912349533
-0.39620906815433
-0.591869247918355
0.699552342759335
-0.677537606317026
-0.271697692062627
0.745243808501599
-1.21934047046393
-0.627782584001018
0.718550286041329
-1.41626085870675
-0.80184716013233
~
-0.578268309116707
-0.631893834070778
-1.61859343818769
-0.617102773339842
-0.550760003114535
-1.2600096065047
-0.648044124696072
-0.39460103295467
-0.562582712584672
0.700587491621924
-0.675268225456575
-0.272802140206147
0.747885265823428
-1.21449539951434
-0.627512141729966
0.723054865778918
-1.41048577239136
-0.801208548473945
~
-0.7030906961286
-0.64808314563171
-1.57172132095162
-0.68000375912711
-0.577252304172864
-1.39706655150401
-0.681075445468127
-0.415835698378057
-0.529016768720074
0.703613165509495
-0.673843162276391
-0.27214182879394
0.747030989927449
-1.21162369666075
-0.627293458562158
0.722733751189066
-1.40581458329816
-0.802263744552182
~
-0.824074644138004
-0.702809700791293
-1.51979690971556
-0.792785652436746
-0.624264933425667
-1.35835761015244
-0.705488939778642
-0.466319486002248
-0.496587340696574
0.70596245901159
-0.671328832317339
-0.271813222085527
0.745858703760701
-1.20903272892809
-0.624237496302635
0.722366144502935
-1.40229595254732
-0.799298163530982
~
-0.920370516105082
-0.775378100656248
-1.451423918681
-0.885816412587472
-0.696439912622934
-1.29034659816057
-0.717564890755923
-0.501516602552491
-0.466387753403373
0.707997236049649
-0.669782947437538
-0.273683047329436
0.747862220421154
-1.20810572681068
-0.622180133413528
0.725530559613636
-1.40178019462398
-0.796054968487122
~
-0.994694066029165
-0.861901190793356
-1.34334649037085
-0.925934954023739
-0.806699005451409
-1.06018903920779
-0.721313606443204
-0.668183269619896
-0.219358383568572
0.70904580565056
-0.669358376273115
-0.276464293799893
0.746422378674999
-1.20618128038419
-0.625795830775937
0.725277129145517
-1.39873389180248
-0.800450343253444
~
-1.0280185239832
-0.898946204853248
-1.28651471773013
-0.867550929624158
-1.07886866821902
-0.76470518024124
-0.700564335344179
-0.672994491347713
-0.206926064081666
0.708560591130168
-0.667745469698252
-0.279018729565593
0.744163923917388
-1.20256388624317
-0.629279381657066
0.722895609973248
-1.39499258310064
-0.803225739752387
~
-1.04033125494677
-0.905690760607698
-1.2612796724073
-0.925397956244855
-0.823190746042105
-0.895270804095435
-0.68620201735727
-0.672660813659355
-0.198813063253098
0.71125864555635
-0.668124479650442
-0.281685493739666
0.74674994527631
-1.20348756245464
-0.63201459011205
0.722076713959542
-1.39700259809634
-0.804596166387975
~
-1.0254851263513
-0.828359665829506
-1.2350363453491
-0.909870295809152
-0.789241916723342
-0.892020167614199
-0.673701132548332
-0.671008516159611
-0.195396510268745
0.712440272594087
-0.663547339662945
-0.28389444593106
0.745254873327111
-1.19727759995278
-0.633111948558402
0.71885930158662
-1.39146768611863
-0.803361638219725
~
-0.969627904460897
-0.676353712355603
-1.24705812669659
-0.861433038741131
-0.648889560105188
-0.907668304657576
-0.670929342288358
-0.670548491577657
-0.194033501978543
0.712287382346114
-0.661788692073506
-0.285618395936731
0.744874483126533
-1.19484994755608
-0.634554640905495
0.717753228638639
-1.38927639855714
-0.803958363435222
~
-0.876960575337042
-0.560748259707816
-1.28960055211507
-0.822721054715617
-0.603470128174398
-0.931934553074978
-0.67689513497312
-0.660288764409049
-0.207675321350286
0.709219057373996
-0.654368512410178
-0.28797726763461
0.741995403920091
-1.18321678542394
-0.63344230301277
0.715139309372867
-1.37689141363159
-0.800391847526057
~
-0.736524899892576
-0.442729756431192
-1.38827501936259
-0.773342308062928
-0.534735934189402
-0.991952363055345
-0.714709446805457
-0.680554434908681
-0.27434160128078
0.707904258571027
-0.652856639650431
-0.289075951010658
0.74108911770772
-1.18049365833788
-0.634559232616327
0.713837998205081
-1.37472682510373
-0.800148521483081
~
-0.623730729808803
-0.400471161496683
-1.45705361005107
-0.632214609666885
-0.388219549121096
-1.07364990780161
-0.779261792087217
-0.50886281132282
-0.307471755920095
0.704416141540259
-0.658469682879769
-0.290783778576737
0.740048756518764
-1.18860521962089
-0.637747733906684
0.712659258048419
-1.38588900742223
-0.801622269413939
~
-0.535500123503897
-0.392351151410997
-1.5375432645817
-0.642418130572397
-0.450409688289045
-1.20501707560772
-0.788283573621746
-0.486109253128438
-0.346947645713887
0.696747549701392
-0.66316059432449
-0.291573127477494
0.727510377319972
-1.19840930296536
-0.635354006957874
0.703692034519027
-1.39630258693908
-0.800783175294981
~
-0.432613050895638
-0.426997896897495
-1.60410087779505
-0.75944439783422
-0.53165930697574
-1.20932991191899
-0.725995018792646
-0.393237069769731
-0.508966520119517
0.695009647496485
-0.667851499022341
-0.288053489475947
0.727553921110995
-1.20752367401444
-0.628198631874837
0.703668340537989
-1.40500118396743
-0.795470091855889
~
----
@tocome
-0.419577371514428
-0.408706455086826
-2.07176347272585
-0.591144487697744
-0.439772700736619
-1.76743382717424
-0.858211704120853
-0.43844443178838
-0.853276200180992
0.705986975455401
-0.791149517679146
-0.240359813063704
0.761331041550722
-1.38375414397553
-0.601489899662814
0.767356511707091
-1.59814417157573
-0.788785763072176
~
-0.633423656607469
-0.537693546930553
-2.0276342363022
-0.731765493457308
-0.544958191723921
-1.41110342189696
-0.752105774281491
-0.492548741637463
-0.476977620553775
0.695099980898178
-0.772345391826456
-0.239128685385092
0.74704468545744
-1.35407157088184
-0.5932346784536
0.754560821234103
-1.56569153486862
-0.7755107949042
~
-0.890922711236162
-0.89107111730467
-1.86504650156352
-0.842821193249322
-0.730734896642118
-1.50732001869185
-0.713362659294816
-0.458815761378068
-0.632292540552359
0.691002075155879
-0.763747962601103
-0.240337683144684
0.740005932971564
-1.33894044320303
-0.593978890934238
0.748715092077457
-1.54856863410458
-0.774732317785295
~
-0.843334998532453
-1.09111118479407
-1.24124945871941
-0.739462763910026
-1.04742340601705
-0.991989618004772
-0.803522371869879
-0.650473041598592
-0.444633329870792
0.678635741235772
-0.744810821928182
-0.233063468293097
0.722303386943259
-1.30823297217933
-0.591524641643819
0.731666791986846
-1.51491808186328
-0.770472165000165
~
-0.92570408132029
-1.19937399975064
-1.11676744135001
-0.83104625118617
-1.15930041311185
-0.876967851962435
-0.802038338261397
-0.680325188114597
-0.403241486954356
0.677008520243925
-0.739735458595427
-0.235519399389557
0.719699182786151
-1.29892878299378
-0.599325743766327
0.728917890126867
-1.50282689783807
-0.780799001233636
~
-0.845971251947713
-1.32117726529596
-0.931510959460952
-0.882205318211125
-1.20895164626629
-0.794312993020578
-0.793415822564993
-0.692530176613584
-0.379137789745177
0.673133788611032
-0.735553237717007
-0.243854597062229
0.704781913136458
-1.28693614564198
-0.61657407558833
0.716016127731036
-1.49084870100183
-0.796210841080691
~
-0.816325093503144
-1.3580282719183
-0.86099524619504
-0.826341102975672
-1.23922083013088
-0.748978425565209
-0.783763523506369
-0.697717272543188
-0.36632040532469
0.669438375939793
-0.734272394066142
-0.254495557939516
0.700973332259127
-1.28081492504696
-0.63037527962937
0.710732728847186
-1.4838602482087
-0.809549443232036
~
-0.789855554663713
-1.47189443244144
-0.859189675553094
-0.802172976542376
-1.26224911743449
-0.68871107538906
-0.768882272403837
-0.695451007760893
-0.3503460851544
0.667856052464115
-0.733027048228301
-0.262577804878856
0.691558848652891
-1.27397934287092
-0.645744955708944
0.706327130507481
-1.47916576302688
-0.821376037407294
~
-0.768038081029137
-1.47226100308111
-0.836130555115256
-0.787875271828944
-1.2614640079532
-0.669170288768793
-0.755376416230521
-0.694176464999984
-0.336063768259237
0.667031893391205
-0.728374764638742
-0.26445866165747
0.684107541405342
-1.2665466363508
-0.648488700156413
0.702000482175206
-1.47115636445489
-0.823186384634872
~
-0.757704573050166
-1.46488533764937
-0.833140805024672
-0.77628947936811
-1.25221833445915
-0.668440550826501
-0.739338165274908
-0.688328717865117
-0.329489994385766
0.668728019189762
-0.726423936093559
-0.267106213566358
0.681615292330126
-1.26420063750935
-0.651900270300564
0.701594168799428
-1.46833796955622
-0.826907761684408
~
-0.756217062183789
-1.46826701621526
-0.840244882694958
-0.775522190992126
-1.25583029067899
-0.673455655530103
-0.736885469867832
-0.690821981358791
-0.330843315799352
0.675606247581444
-0.72769504471815
-0.268691013790159
0.684638944824998
-1.26806550440176
-0.654812816505309
0.703585034044247
-1.4724937244465
-0.83136524173833
~
-0.753749884103632
-1.45792081707358
-0.858828472363158
-0.778670070048068
-1.24604763821255
-0.692112772383768
-0.735899398842199
-0.69038073162736
-0.333557331212877
0.676936193216802
-0.72665530497228
-0.270487157462298
0.684719576341556
-1.26706444129251
-0.656472283423763
0.703708843029413
-1.47118237175578
-0.833335493617599
~
-0.713497639586265
-1.42976060956997
-0.916412936188185
-0.702859313189567
-1.19390884942097
-0.78204057822384
-0.735327323241156
-0.69179724660378
-0.340801814323852
0.682607991641682
-0.729893037840107
-0.274779237847947
0.691162062999682
-1.27244540844751
-0.661533923583382
0.712255257137546
-1.47780727196927
-0.838103289403042
~
-0.687537526124378
-1.40947633405737
-0.953792437705585
-0.679983382598799
-1.17900696744413
-0.809231090897585
-0.737121842263486
-0.692217074933398
-0.350418068244043
0.684037540409075
-0.728949635903803
-0.275695976077825
0.693362602773559
-1.27289671561108
-0.662588762462308
0.712979610973549
-1.47932069127305
-0.838871182714801
~
-0.668107636468525
-1.3868603843394
-0.997684396960884
-0.6680453347623
-1.16565178298066
-0.838024875451255
-0.735099273667123
-0.688755891034726
-0.367111470838099
0.685307641228085
-0.729019443319111
-0.279363244840031
0.696006394928094
-1.27476671920345
-0.66638079096668
0.70973823509981
-1.4810702494825
-0.844354511155843
~
-0.645532866060884
-1.36162199490785
-1.03430343832467
-0.652901850560042
-1.14995678309281
-0.862476620471014
-0.729351318207813
-0.67932656203795
-0.386596523562769
0.68296439603764
-0.730048417755331
-0.284004619369454
0.698653698329225
-1.27911421665316
-0.665284686259408
0.709895086385732
-1.48356628877922
-0.845434106541449
~
-0.635816620861021
-1.34539055466225
-1.06140197008599
-0.640772830834089
-1.1384524745721
-0.883259911145009
-0.725991426998116
-0.671122672015608
-0.404121484866334
0.679731179516555
-0.735658201621403
-0.287708560869837
0.703176846991526
-1.28504135843034
-0.669769981836262
0.711864131486357
-1.48886289263831
-0.851329260129597
~
-0.639540494817811
-1.34653978197701
-1.08511961155384
-0.641870321410539
-1.14167259134157
-0.902197382445326
-0.731308984331196
-0.672297826582132
-0.420379382528785
0.678780186980452
-0.738262432051035
-0.288323956672811
0.709226687387668
-1.2921128853643
-0.6699391442133
0.714540751776432
-1.49529710086261
-0.854666947845588
~
-0.636402908920115
-1.34204021323205
-1.09540356949588
-0.636108287313906
-1.1375825553678
-0.912606015124124
-0.730148758006773
-0.669004559236619
-0.432316563989947
0.671285100589953
-0.741970067046282
-0.288949073612614
0.710835124699937
-1.29460919790941
-0.669766481014837
0.713800978555682
-1.4966883305822
-0.855166508007646
~
-0.635830026732526
-1.34101256851322
-1.0993835586308
-0.635437716470451
-1.13625650723085
-0.916482984328127
-0.729240003568427
-0.665009040131404
-0.437995216433827
0.669204487657038
-0.74118611112866
-0.285189027890302
0.668988210541171
-1.29900618674908
-0.661147206901209
0.701654213338541
-1.41078060939236
-0.822464748636485
~
-0.635251678236583
-1.33974727835638
-1.10012073903975
-0.635065404948566
-1.13331435175885
-0.919427881438149
-0.729099224264929
-0.661826735709255
-0.442099544722356
0.664901954518142
-0.741062742437663
-0.284368247952692
0.673524684520263
-1.29729108278788
-0.66171843187902
0.70022675521069
-1.48469393639976
-0.860292649837259
~
-0.639865712502605
-1.34715861451613
-1.09239609271737
-0.638149310127385
-1.13610504114261
-0.91725535887282
-0.729202293611249
-0.660155864829842
-0.444597589567748
0.662050723076239
-0.741599980440454
-0.28276595926713
0.667181722371917
-1.29247782185155
-0.668137250698767
0.700567774396072
-1.40877402052975
-0.815029930620358
~
-0.646219640934599
-1.35322533456738
-1.08091413942504
-0.640393059577486
-1.13754409350195
-0.912451251315884
-0.728395899568601
-0.658735710869394
-0.444331928272184
0.658186131707794
-0.740936906968207
-0.280978328358324
0.67162922597728
-1.29516087601847
-0.658247138459784
0.699095415202212
-1.47958155889686
-0.858663595266064
~
-0.650976663107765
-1.35846012383027
-1.07308718845226
-0.643234927083322
-1.14090076211734
-0.907489634478255
-0.732684610903172
-0.661141020746079
-0.441600455779422
0.654034997490593
-0.739316967424524
-0.282186738781994
0.681097407691206
-1.29355207959416
-0.657527062962671
0.69635724012874
-1.48528373765895
-0.852002149901964
~
-0.65271927417304
-1.36164927942481
-1.06846316307871
-0.642040828868577
-1.14218711795123
-0.905552790174778
-0.733384869943933
-0.663594422085551
-0.438834264689414
0.651863448151074
-0.74001103436679
-0.284904858863817
0.671045529961966
-1.29062972987538
-0.666513315432301
0.694783894535448
-1.48059835708537
-0.861874317111288
~
-0.652572515540451
-1.36129203368453
-1.06530961014746
-0.640930258379661
-1.14133753988384
-0.903478063775519
-0.72993324098183
-0.663103313097876
-0.43682226395568
0.652351560677183
-0.737563413677833
-0.283297356909748
0.663922853039641
-1.28405292328128
-0.670566258308628
0.691283676874692
-1.40384694913018
-0.817120385256117
~
-0.609344400893798
-1.35860721363366
-1.06417443995837
-0.640560223084216
-1.14083089571305
-0.902065973508569
-0.727763423296435
-0.66351278051806
-0.43437230944396
0.652351128473174
-0.737607225674719
-0.283906390936972
0.658477011586305
-1.282162242099
-0.6738831837763
0.691301790696374
-1.40191920367195
-0.81706069566644
~
-0.617671380519896
-1.35615992283418
-1.05947052347657
-0.63687381750022
-1.13670012037145
-0.899207025136292
-0.723439678595845
-0.661041634336407
-0.432874886677885
0.651462080481962
-0.734493133102384
-0.284328795421413
0.656497229418285
-1.27622699451631
-0.674625415194371
0.688258697777904
-1.39586060518788
-0.817534197307751
~
-0.61927712432653
-1.35973637018805
-1.06128085960018
-0.63939422747464
-1.14138703685259
-0.898923350237414
-0.725046746193532
-0.663599384122675
-0.43330367490618
0.651075040183349
-0.73633739242438
-0.285958119653144
0.674354067683448
-1.28256883120719
-0.67034709056026
0.690774207601992
-1.47747318043762
-0.860567485789902
~
-0.630538940278995
-1.36475485366407
-1.06249145107391
-0.644937305538097
-1.14494482760475
-0.900128411569336
-0.72982471686376
-0.665079821808127
-0.433825155437679
0.650898293818807
-0.737856823254809
-0.286472698752297
0.659528572458324
-1.28312050543609
-0.676484546733161
0.687097271384693
-1.40017574003809
-0.820102340071984
~
-0.639202378769016
-1.37248798186209
-1.0671356302857
-0.646052876777545
-1.15128893059636
-0.90555726067889
-0.731130681422783
-0.673330064818423
-0.435906658109586
0.651101887112802
-0.738495481001682
-0.285790069004935
0.679903975354295
-1.28846595080071
-0.668943074878317
0.69071786627409
-1.48397191087433
-0.860630660188876
~
-0.648529879888748
-1.37383168360469
-1.06389824691273
-0.647291359294233
-1.15172951261985
-0.903455110684453
-0.731322979442538
-0.672385708531893
-0.435170593920856
0.651808724318794
-0.739588244065917
-0.2851336057095
0.683636554108276
-1.289834651689
-0.667534558879221
0.692342532280798
-1.48690825381707
-0.857690405372294
~
-0.652346903766521
-1.37560794121303
-1.06481673901261
-0.646210707809795
-1.15366254058714
-0.904755615523006
-0.731316480699787
-0.675807254625159
-0.436063667564031
0.652349519714279
-0.739305571528163
-0.282931317702929
0.682620286190098
-1.28795189175349
-0.66672922104358
0.691651300835671
-1.48682812108367
-0.854568657784695
~
----