@twofingers
-0.425000011920929
0.616666674613953
0.0526315793395042
-0.3125
0.558333337306976
0.0526315793395042
-0.40625
0.291666656732559
0.0526315793395042
~
-0.431250005960464
0.608333349227905
0.0526315793395042
-0.324999988079071
0.558333337306976
0.0526315793395042
~
-0.431250005960464
0.608333349227905
0.0526315793395042
-0.324999988079071
0.558333337306976
0.0526315793395042
~
-0.431250005960464
0.608333349227905
0.0526315793395042
-0.324999988079071
0.558333337306976
0.0526315793395042
~
-0.431250005960464
0.608333349227905
0.0526315793395042
-0.324999988079071
0.558333337306976
0.0526315793395042
~
-0.431250005960464
0.608333349227905
0.0526315793395042
-0.324999988079071
0.558333337306976
0.0526315793395042
~
-0.431250005960464
0.625
0.0526315793395042
-0.318749994039536
0.566666662693024
0.0526315793395042
~
-0.431250005960464
0.625
0.0526315793395042
-0.318749994039536
0.566666662693024
0.0526315793395042
~
-0.431250005960464
0.625
0.0526315793395042
-0.318749994039536
0.566666662693024
0.0526315793395042
~
-0.431250005960464
0.625
0.0526315793395042
-0.318749994039536
0.566666662693024
0.0526315793395042
~
-0.431250005960464
0.625
0.0526315793395042
-0.318749994039536
0.566666662693024
0.0526315793395042
~
-0.431250005960464
0.633333325386047
0.0526315793395042
-0.324999988079071
0.566666662693024
0.0526315793395042
-0.418749988079071
0.308333337306976
0.0526315793395042
~
-0.431250005960464
0.633333325386047
0.0526315793395042
-0.324999988079071
0.566666662693024
0.0526315793395042
-0.418749988079071
0.308333337306976
0.0526315793395042
~
-0.431250005960464
0.633333325386047
0.0526315793395042
-0.324999988079071
0.566666662693024
0.0526315793395042
-0.418749988079071
0.308333337306976
0.0526315793395042
~
-0.431250005960464
0.633333325386047
0.0526315793395042
-0.324999988079071
0.566666662693024
0.0526315793395042
-0.418749988079071
0.308333337306976
0.0526315793395042
~
-0.431250005960464
0.633333325386047
0.0526315793395042
-0.324999988079071
0.566666662693024
0.0526315793395042
-0.418749988079071
0.308333337306976
0.0526315793395042
~
-0.431250005960464
0.633333325386047
0.0526315793395042
-0.324999988079071
0.583333313465118
0.0526315793395042
-0.412499994039536
0.308333337306976
0.0526315793395042
~
-0.431250005960464
0.633333325386047
0.0526315793395042
-0.324999988079071
0.583333313465118
0.0526315793395042
-0.412499994039536
0.308333337306976
0.0526315793395042
~
-0.431250005960464
0.633333325386047
0.0526315793395042
-0.324999988079071
0.583333313465118
0.0526315793395042
-0.412499994039536
0.308333337306976
0.0526315793395042
~
-0.431250005960464
0.633333325386047
0.0526315793395042
-0.324999988079071
0.583333313465118
0.0526315793395042
-0.412499994039536
0.308333337306976
0.0526315793395042
~
-0.431250005960464
0.633333325386047
0.0526315793395042
-0.324999988079071
0.583333313465118
0.0526315793395042
-0.412499994039536
0.308333337306976
0.0526315793395042
~
-0.4375
0.633333325386047
0.0526315793395042
-0.324999988079071
0.566666662693024
0.0526315793395042
~
-0.4375
0.633333325386047
0.0526315793395042
-0.324999988079071
0.566666662693024
0.0526315793395042
~
-0.4375
0.633333325386047
0.0526315793395042
-0.324999988079071
0.566666662693024
0.0526315793395042
~
-0.4375
0.633333325386047
0.0526315793395042
-0.324999988079071
0.566666662693024
0.0526315793395042
~
-0.4375
0.633333325386047
0.0526315793395042
-0.324999988079071
0.566666662693024
0.0526315793395042
~
-0.431250005960464
0.633333325386047
0.0526315793395042
-0.324999988079071
0.574999988079071
0.0526315793395042
-0.456250011920929
0.258333325386047
0.0526315793395042
~
-0.431250005960464
0.633333325386047
0.0526315793395042
-0.324999988079071
0.574999988079071
0.0526315793395042
-0.456250011920929
0.258333325386047
0.0526315793395042
~
-0.431250005960464
0.633333325386047
0.0526315793395042
-0.324999988079071
0.574999988079071
0.0526315793395042
-0.456250011920929
0.258333325386047
0.0526315793395042
~
-0.431250005960464
0.633333325386047
0.0526315793395042
-0.324999988079071
0.574999988079071
0.0526315793395042
-0.456250011920929
0.258333325386047
0.0526315793395042
~
-0.431250005960464
0.633333325386047
0.0526315793395042
-0.324999988079071
0.574999988079071
0.0526315793395042
-0.456250011920929
0.258333325386047
0.0526315793395042
~
-0.431250005960464
0.633333325386047
0.0526315793395042
-0.331250011920929
0.574999988079071
0.0526315793395042
~
-0.431250005960464
0.633333325386047
0.0526315793395042
-0.331250011920929
0.574999988079071
0.0526315793395042
~
-0.431250005960464
0.633333325386047
0.0526315793395042
-0.331250011920929
0.574999988079071
0.0526315793395042
~
----