@twofingers
-0.3125
0.574999988079071
0.0526315793395042
-0.200000002980232
0.541666686534882
0.0526315793395042
~
-0.306250005960464
0.574999988079071
0.0526315793395042
-0.193749994039536
0.541666686534882
0.0526315793395042
~
-0.306250005960464
0.574999988079071
0.0526315793395042
-0.193749994039536
0.541666686534882
0.0526315793395042
~
-0.306250005960464
0.574999988079071
0.0526315793395042
-0.193749994039536
0.541666686534882
0.0526315793395042
~
-0.306250005960464
0.574999988079071
0.0526315793395042
-0.193749994039536
0.541666686534882
0.0526315793395042
~
-0.306250005960464
0.574999988079071
0.0526315793395042
-0.193749994039536
0.541666686534882
0.0526315793395042
~
-0.306250005960464
0.574999988079071
0.0526315793395042
-0.193749994039536
0.541666686534882
0.0526315793395042
~
-0.306250005960464
0.574999988079071
0.0526315793395042
-0.193749994039536
0.541666686534882
0.0526315793395042
~
-0.306250005960464
0.574999988079071
0.0526315793395042
-0.193749994039536
0.541666686534882
0.0526315793395042
~
-0.300000011920929
0.566666662693024
0.0526315793395042
-0.181250005960464
0.524999976158142
0.0526315793395042
-0.231250002980232
-0.025000000372529
0.0526315793395042
~
-0.300000011920929
0.566666662693024
0.0526315793395042
-0.181250005960464
0.524999976158142
0.0526315793395042
-0.231250002980232
-0.025000000372529
0.0526315793395042
~
-0.300000011920929
0.566666662693024
0.0526315793395042
-0.181250005960464
0.524999976158142
0.0526315793395042
-0.231250002980232
-0.025000000372529
0.0526315793395042
~
-0.300000011920929
0.566666662693024
0.0526315793395042
-0.181250005960464
0.524999976158142
0.0526315793395042
-0.231250002980232
-0.025000000372529
0.0526315793395042
~
-0.300000011920929
0.566666662693024
0.0526315793395042
-0.181250005960464
0.524999976158142
0.0526315793395042
-0.231250002980232
-0.025000000372529
0.0526315793395042
~
-0.293749988079071
0.574999988079071
0.0526315793395042
-0.181250005960464
0.533333361148834
0.0526315793395042
-0.256249994039536
0.291666656732559
0.0526315793395042
-0.200000002980232
0.00833333376795053
0.0526315793395042
~
-0.293749988079071
0.574999988079071
0.0526315793395042
-0.181250005960464
0.533333361148834
0.0526315793395042
-0.256249994039536
0.291666656732559
0.0526315793395042
-0.200000002980232
0.00833333376795053
0.0526315793395042
~
-0.293749988079071
0.574999988079071
0.0526315793395042
-0.181250005960464
0.533333361148834
0.0526315793395042
-0.256249994039536
0.291666656732559
0.0526315793395042
-0.200000002980232
0.00833333376795053
0.0526315793395042
~
-0.293749988079071
0.574999988079071
0.0526315793395042
-0.181250005960464
0.533333361148834
0.0526315793395042
-0.256249994039536
0.291666656732559
0.0526315793395042
-0.200000002980232
0.00833333376795053
0.0526315793395042
~
-0.293749988079071
0.574999988079071
0.0526315793395042
-0.181250005960464
0.533333361148834
0.0526315793395042
-0.256249994039536
0.291666656732559
0.0526315793395042
-0.200000002980232
0.00833333376795053
0.0526315793395042
~
-0.287499994039536
0.574999988079071
0.0526315793395042
-0.181250005960464
0.524999976158142
0.0526315793395042
-0.181250005960464
0.0166666675359011
0.0526315793395042
~
-0.287499994039536
0.574999988079071
0.0526315793395042
-0.181250005960464
0.524999976158142
0.0526315793395042
-0.181250005960464
0.0166666675359011
0.0526315793395042
~
-0.287499994039536
0.574999988079071
0.0526315793395042
-0.181250005960464
0.524999976158142
0.0526315793395042
-0.181250005960464
0.0166666675359011
0.0526315793395042
~
-0.287499994039536
0.574999988079071
0.0526315793395042
-0.181250005960464
0.524999976158142
0.0526315793395042
-0.181250005960464
0.0166666675359011
0.0526315793395042
~
-0.287499994039536
0.574999988079071
0.0526315793395042
-0.181250005960464
0.524999976158142
0.0526315793395042
-0.181250005960464
0.0166666675359011
0.0526315793395042
~
-0.293749988079071
0.566666662693024
0.0526315793395042
-0.1875
0.524999976158142
0.0526315793395042
-0.181250005960464
0.00833333376795053
0.0526315793395042
~
-0.293749988079071
0.566666662693024
0.0526315793395042
-0.1875
0.524999976158142
0.0526315793395042
-0.181250005960464
0.00833333376795053
0.0526315793395042
~
-0.293749988079071
0.566666662693024
0.0526315793395042
-0.1875
0.524999976158142
0.0526315793395042
-0.181250005960464
0.00833333376795053
0.0526315793395042
~
-0.293749988079071
0.566666662693024
0.0526315793395042
-0.1875
0.524999976158142
0.0526315793395042
-0.181250005960464
0.00833333376795053
0.0526315793395042
~
-0.300000011920929
0.574999988079071
0.0526315793395042
-0.193749994039536
0.533333361148834
0.0526315793395042
-0.268750011920929
0.300000011920929
0.0526315793395042
-0.212500005960464
0.0166666675359011
0.0526315793395042
~
-0.300000011920929
0.574999988079071
0.0526315793395042
-0.193749994039536
0.533333361148834
0.0526315793395042
-0.268750011920929
0.300000011920929
0.0526315793395042
-0.212500005960464
0.0166666675359011
0.0526315793395042
~
-0.300000011920929
0.574999988079071
0.0526315793395042
-0.193749994039536
0.533333361148834
0.0526315793395042
-0.268750011920929
0.300000011920929
0.0526315793395042
-0.212500005960464
0.0166666675359011
0.0526315793395042
~
-0.300000011920929
0.574999988079071
0.0526315793395042
-0.193749994039536
0.533333361148834
0.0526315793395042
-0.268750011920929
0.300000011920929
0.0526315793395042
-0.212500005960464
0.0166666675359011
0.0526315793395042
~
-0.300000011920929
0.574999988079071
0.0526315793395042
-0.193749994039536
0.533333361148834
0.0526315793395042
-0.268750011920929
0.300000011920929
0.0526315793395042
-0.212500005960464
0.0166666675359011
0.0526315793395042
~
-0.300000011920929
0.574999988079071
0.0526315793395042
-0.1875
0.524999976158142
0.0526315793395042
-0.212500005960464
0.025000000372529
0.0526315793395042
~
-0.300000011920929
0.574999988079071
0.0526315793395042
-0.1875
0.524999976158142
0.0526315793395042
-0.212500005960464
0.025000000372529
0.0526315793395042
~
----