@RockOn
-1.22668419594045
-1.47372080533104
0.355375700139345
-1.14104994826908
-1.27586752702232
0.359087293995659
-0.998409516223846
-0.427581783264079
0.371911458245395
0.658682490531838
-0.808338998314462
-0.477207185612387
0.770123780547848
-1.2584415168629
-1.05483167990338
0.809239149930018
-1.3814358700169
-1.22756068486177
~
-1.22679355715524
-1.47152741577765
0.355294730908365
-1.14088701741792
-1.27400893421464
0.358812382000366
-0.997964806522498
-0.42658079281342
0.371581181850244
0.657045089012777
-0.80850490775263
-0.477669485876348
0.767855694272409
-1.25827323850116
-1.05507322991652
0.806478780750385
-1.38122140736403
-1.22769379158609
~
-1.22780922083451
-1.46989927310653
0.35559703860711
-1.14131772402263
-1.27281311898014
0.35888736828605
-0.99811851689752
-0.425193800867327
0.371595732526526
0.65487217942163
-0.809457676558869
-0.477568277858772
0.765288913227044
-1.25838908283564
-1.05528906335795
0.803848372197645
-1.38116036361216
-1.22784313900571
~
-1.22954786621774
-1.47000548220487
0.356002380769182
-1.14146573785261
-1.27357606481069
0.358917191650718
-0.998617773773486
-0.424575191840093
0.371891904974826
0.654562769626128
-0.810372354321341
-0.478013593960179
0.764060025935901
-1.25982145360588
-1.05595116300873
0.802253325602856
-1.38266130161517
-1.22858701508835
~
-1.22981049710327
-1.46938351668336
0.355848253975135
-1.14104510666429
-1.27330742872433
0.3584674260051
-0.99817896712866
-0.4246924843898
0.372113970708401
0.653837015445496
-0.810986422018916
-0.477939038451914
0.763420996949121
-1.26012669987585
-1.05619587156246
0.801284514839207
-1.38292657622525
-1.22887631011361
~
-1.22991061456114
-1.46759316143133
0.355328300654569
-1.14051948924717
-1.27194548330364
0.357659385914449
-0.997505816457355
-0.424422864233717
0.372231874351486
0.652658550783298
-0.811073653851643
-0.478390710926189
0.761882653348566
-1.26034252138188
-1.05628892934489
0.799574301729643
-1.38309591540068
-1.22887279691269
~
-1.22982969293809
-1.46704724715646
0.354893608782908
-1.13990194708323
-1.27170913821362
0.357105899717056
-0.996508117262522
-0.425233616881336
0.372564154395444
0.652417919084582
-0.811208556251986
-0.47852374349779
0.761241604313227
-1.26075475055969
-1.05628172875465
0.798772226717378
-1.38348689005574
-1.22884234497779
~
-1.23061564815876
-1.46664045255693
0.354524696969872
-1.13958048938831
-1.27186828286412
0.356673445481367
-0.996735464789933
-0.425578637801914
0.372459288186364
0.651708832254636
-0.811415937191621
-0.478643882671557
0.760442581093406
-1.26112347170285
-1.05634904692915
0.79780203837925
-1.3839761481864
-1.22880118229013
~
-1.23014630515757
-1.46793321419639
0.354602797425996
-1.139060055367
-1.27307720249328
0.356279146511835
-0.997123676651407
-0.425939950538534
0.372680333804074
0.65157714502986
-0.81211836459893
-0.479032471061049
0.760236775306368
-1.26222680953624
-1.05711967815315
0.797724072922908
-1.38494955001819
-1.2297528360526
~
-1.23032537062836
-1.46566093526484
0.354233372007499
-1.13837913265869
-1.27136393488772
0.35557429127914
-0.99672577412191
-0.425013537604166
0.372385382504851
0.651039312676986
-0.812003411300047
-0.479871008406626
0.759244250263939
-1.26155055231635
-1.05815719612405
0.796821631459836
-1.38407598178989
-1.23073384845545
~
-1.23176206885298
-1.46579340939932
0.354303455466102
-1.13927454988983
-1.27171408019225
0.355339533674135
-0.997091851956258
-0.424692553446815
0.372427551881444
0.64996171813224
-0.812754427098554
-0.480311013349233
0.758123983882475
-1.26235643741738
-1.05899149254868
0.795882019006824
-1.38476060769301
-1.23165700591873
~
-1.23207896494643
-1.46569860985342
0.354508196890363
-1.13928156836047
-1.27174867947122
0.355041819912488
-0.996652735847886
-0.425376992322378
0.372904711502341
0.650395476323474
-0.813442674194288
-0.47957839280005
0.757845093423
-1.26229965785812
-1.05936429955554
0.795665571625402
-1.38454255039397
-1.2321488237743
~
-1.23446533981128
-1.46758461723089
0.354759702962645
-1.14086491112066
-1.27371570207877
0.354958141756058
-0.997495347292466
-0.42619309804337
0.373411663762943
0.650669713744101
-0.814861083404641
-0.479787714837476
0.758223968367429
-1.26390798257755
-1.0609180786116
0.796177209130058
-1.38612817124429
-1.23403085314428
~
-1.23532602912593
-1.46828413005206
0.354711494436246
-1.14137920384491
-1.27448016528027
0.354627430534277
-0.998197577264571
-0.42690742842892
0.37372280320506
0.650554379968312
-0.814991380539845
-0.480078221709727
0.758492215648059
-1.26462560281294
-1.06133142396527
0.796630957172718
-1.38679468508065
-1.23455431526821
~
-1.23636489201957
-1.47007992112858
0.355041252476358
-1.1431641095906
-1.2756348814112
0.354251787985306
-0.99978572866254
-0.427337782687378
0.3736091308679
0.650653198310774
-0.815297460179439
-0.481743860435155
0.758658641255718
-1.26606638278925
-1.06346107133285
0.797036687850687
-1.3881791008942
-1.23698777179843
~
-1.24274723007755
-1.47476305874366
0.356458934801307
-1.14893069141979
-1.27989644362697
0.355523809648808
-1.00284464286991
-0.427196163188808
0.374402564398034
0.650294057179472
-0.818248749433728
-0.48269996852215
0.758533177581525
-1.27036549293673
-1.06646067910117
0.797109029321727
-1.39288035457814
-1.24046484598558
~
-1.24227468061532
-1.47397205469375
0.356816208721282
-1.14870036445915
-1.27906122249578
0.354926562836566
-1.00278474263289
-0.426706146143182
0.37410614536588
0.650042887583532
-0.818364478466936
-0.483218220249374
0.757947592944221
-1.27001462362284
-1.06743833623735
0.79664159377307
-1.39230907935581
-1.24149799265929
~
-1.24235700796963
-1.47527891188739
0.356826557514948
-1.14901321159361
-1.28021245526875
0.354860157654107
-1.00236493242988
-0.42724100409948
0.374756106081668
0.649771486060224
-0.818850899845702
-0.483372429199729
0.758150362407104
-1.27130491395656
-1.06727872192726
0.796873048199984
-1.39347747527335
-1.24146894033899
~
-1.24249078068768
-1.47658954330785
0.357070202561215
-1.14931693373924
-1.28133998294392
0.354774519360949
-1.00253401959773
-0.427709076529589
0.374873935495284
0.650856087972072
-0.819138566988904
-0.483361253503724
0.758956190105256
-1.27248514325171
-1.0672698502412
0.797620827775138
-1.39463266075025
-1.24160889046468
~
-1.24084171942853
-1.47797866135742
0.358131370437061
-1.14922886425496
-1.28199375678727
0.354969246400731
-1.00223762337185
-0.428109541927063
0.375585846283296
0.651663406242495
-0.819748632468261
-0.48232252961745
0.759048202006232
-1.27340278755045
-1.06641867085924
0.797837736311459
-1.39556318725862
-1.24073210702276
~
-1.24042440685292
-1.4759432560387
0.357480002586668
-1.14854619576316
-1.28036600890705
0.354277219911166
-1.00179753287214
-0.427391100243801
0.375015108381944
0.650994305962662
-0.81917468173429
-0.482120766020971
0.757849126388244
-1.27280726069853
-1.06543639992503
0.796715959162622
-1.39493102845859
-1.23944067655214
~
-1.24090727459931
-1.47611524508255
0.357459168433464
-1.14871076747746
-1.28070049389972
0.354288044386222
-1.00170568526783
-0.427534539488507
0.375177872565242
0.651286013025483
-0.819538658028957
-0.482028752861829
0.75805926482642
-1.27333613727919
-1.06543212692166
0.796863916906087
-1.39557557302984
-1.23935424309329
~
-1.24185836043069
-1.47725456503136
0.357666606948513
-1.14927661630052
-1.28192510619423
0.354483443109467
-1.0016221674312
-0.427743173566378
0.375742800083312
0.651932458584766
-0.82011383478997
-0.482279962156763
0.758435096104647
-1.27451570544144
-1.06588452613346
0.797338010401383
-1.39682821493279
-1.23984231530842
~
-1.24231129057778
-1.47759128316668
0.357897626239137
-1.14954750161912
-1.28234006683034
0.354531726496494
-1.00138369881086
-0.427890126196852
0.376144800308883
0.652087083382043
-0.820370812805592
-0.4827027021525
0.758521521415682
-1.27541195557027
-1.0660890621127
0.797432803142979
-1.39764889789777
-1.2401106547388
~
-1.2423368263309
-1.47793361339372
0.3583231207272
-1.14953524736872
-1.28271447610966
0.3547207311807
-1.00126256896397
-0.427916563163049
0.376419698490996
0.652198340678698
-0.820639200897387
-0.482898958582805
0.75879472268882
-1.27599081442673
-1.06620626786946
0.797665058581472
-1.39824968928263
-1.2402105777544
~
-1.24131822035078
-1.47559978769427
0.358014381703847
-1.14846531254778
-1.2806516108388
0.354353075186416
-1.00074846436499
-0.427027849597977
0.3763908096075
0.652668446644376
-0.819806603106789
-0.483214151659186
0.758111464058318
-1.27445692268765
-1.06657534828654
0.798476548653104
-1.39611328054058
-1.24038644796288
~
-1.24125629449819
-1.47660622858666
0.358587749829549
-1.14893210636582
-1.28131986880943
0.35468838629858
-1.00101689375138
-0.427267864194456
0.376852848689681
0.653641345357135
-0.81990432254527
-0.483666570035677
0.75909728345414
-1.2750245251239
-1.06725562573519
0.80056989854625
-1.39623139650059
-1.2412230615929
~
-1.24060334692352
-1.47542238252979
0.358200557963645
-1.14806066902423
-1.28040497957631
0.354555009894282
-1.0005880979236
-0.427068126116536
0.376886580986796
0.654194589515969
-0.819196759547875
-0.483918888419595
0.758842597177195
-1.27428321628334
-1.06723419730615
0.801253487141458
-1.3949506200389
-1.24115916165778
~
-1.23995284040384
-1.4746848712105
0.358322935179188
-1.14751540566378
-1.27973462085699
0.354790037432671
-1.00005257081781
-0.426745925941213
0.377143629304453
0.655444104227921
-0.818631443639802
-0.484161655315073
0.759144726743384
-1.27372968695373
-1.06740019012469
0.80239910389745
-1.393760632091
-1.24142441713044
~
-1.2403571621514
-1.4752377978934
0.35906261226359
-1.14821883177391
-1.28004959517772
0.355513606340569
-1.00053533174344
-0.426386022389523
0.377668020032759
0.65674375043792
-0.818919821725201
-0.484578100051016
0.760161053461691
-1.27409569632857
-1.06844461614134
0.80405296654487
-1.39382899395265
-1.24262241023672
~
-1.23929129570022
-1.47360838554485
0.358805419463194
-1.14672501647694
-1.27883785637311
0.355647946784904
-0.999776835528959
-0.425683178933055
0.377903405252946
0.657138984422343
-0.818509379659791
-0.484674213155743
0.761521411656308
-1.27263216500694
-1.06857132575967
0.80486202745726
-1.39244356371713
-1.24258521453311
~
-1.2358422208739
-1.46848596368329
0.358811844940278
-1.14358957654558
-1.27428294131841
0.355438439589752
-0.997472369458851
-0.423212508168139
0.377642855295151
0.657252597876054
-0.816529291688884
-0.485237750169258
0.760641491722474
-1.26883638241185
-1.06815001933262
0.804122109634514
-1.38828261689055
-1.24158246308966
~
-1.23714000971599
-1.46936824216812
0.359472157674921
-1.14477096990155
-1.27508805136495
0.356276061191263
-0.998219203487109
-0.423288134306178
0.378054985121801
0.657988048253993
-0.816797018793659
-0.485567485723896
0.76240025345927
-1.26910403561258
-1.06905638391548
0.806201371495916
-1.38838822931223
-1.24266453008696
~
----