@RockOn
-0.993820592812101
0.654547617942396
-1.52673420978626
-1.07574211105209
0.335510415892424
-1.34056895308073
-0.980150270161166
-0.192996761451375
-0.754553580353647
0.798838892448898
-0.911447056802795
-0.173565728060592
0.922188413084108
-1.48382013041354
-0.665849752191151
1.08993913480658
-1.63643359577737
-0.751764992841245
~
-0.993050324020689
0.654919695049221
-1.52758319969177
-1.07555143413506
0.335540563696815
-1.34100168882497
-0.980537613267777
-0.192747627985776
-0.755381074821115
0.796784786131168
-0.912080638221222
-0.173846675172396
0.920685783640321
-1.48363845829361
-0.666696709075972
1.08877920168594
-1.63577807184389
-0.75250377054579
~
-0.991596962146011
0.654766964169957
-1.52831024930801
-1.07453679458486
0.334991511430212
-1.34116548531994
-0.981277309877546
-0.192444193048954
-0.758067448114478
0.795129406915434
-0.912620848530838
-0.173617576695004
0.920934754867566
-1.48431306096664
-0.665920609942633
1.08941047214533
-1.63605215176188
-0.751670436919293
~
-0.993893883246594
0.656961396438068
-1.53566028862259
-1.07723171490566
0.335397928714445
-1.34693752502985
-0.989689459773119
-0.192749279362827
-0.773557877421281
0.797163174523849
-0.916808759007341
-0.172331677867372
0.927980298111097
-1.49131936264603
-0.665897084722777
1.09763160278069
-1.64342270318878
-0.752010708594169
~
-0.994673116570717
0.657250180614021
-1.53810224401589
-1.07801636583663
0.335298380380945
-1.34919321852135
-0.990403678882409
-0.193525064615927
-0.775920626489414
0.795450628718759
-0.918572261795072
-0.170182415731334
0.927759825540065
-1.49227523271877
-0.665890920360117
1.09788268266507
-1.64423197352101
-0.752062585598629
~
-0.995441666990231
0.65769057333937
-1.54106409569252
-1.07883334299995
0.334678299988435
-1.35162989384368
-0.990739259590031
-0.195244771339258
-0.776676861779371
0.793802353524645
-0.919074847375874
-0.168613753721052
0.927768528470287
-1.49469188265347
-0.6634676549674
1.09842477884404
-1.64656684049982
-0.749747980065979
~
-0.995253075721976
0.658475475297425
-1.53997854113209
-1.07822057969948
0.335131423715752
-1.35061192395675
-0.989923752908846
-0.194631853821264
-0.775969038607311
0.792018805526312
-0.919347601503738
-0.166022558377346
0.924101478144028
-1.49392729721219
-0.662154973467492
1.0948851472008
-1.64544208284992
-0.748379773596017
~
-0.995030202577661
0.659153700763138
-1.5399219760123
-1.07841629186573
0.335445057986997
-1.35044136251611
-0.988095588791308
-0.187430784171982
-0.767151799008708
0.789944947066968
-0.91960081487731
-0.162888473551385
0.922201001547989
-1.49219526744931
-0.660909289413274
1.09300789821217
-1.64345944248516
-0.747113279990894
~
-0.995164606256823
0.659089572642388
-1.53997245020854
-1.07937226083266
0.334886972656284
-1.35067351771259
-0.987776015127567
-0.190431676452672
-0.768489076057875
0.788976424308029
-0.919679265438457
-0.161655038866019
0.921196919991593
-1.4925128254378
-0.659084538911065
1.09202496141836
-1.64360369899055
-0.74529907731382
~
-0.994944793744733
0.660380346207606
-1.54019310941722
-1.07847333437727
0.336603278741799
-1.35101230795846
-0.986529197859755
-0.189413982835383
-0.76796014502086
0.789899967304132
-0.920919745605204
-0.160451274339743
0.921281564396446
-1.49347297034391
-0.659001891827791
1.09223165337892
-1.64450753495361
-0.745269302019539
~
-0.99615111216334
0.662424978498622
-1.54327735700344
-1.07902527995331
0.339704998387645
-1.35431852981223
-0.986864923159467
-0.188880726085343
-0.769563778533999
0.793096064026319
-0.923676781825654
-0.159663224581383
0.923457436671912
-1.49640646871768
-0.660466139651387
1.09472881516111
-1.6476161496362
-0.74689444142615
~
-0.995352981578874
0.661352067525844
-1.5437281927819
-1.07769543686396
0.338517339946395
-1.35267618368321
-0.985110578432432
-0.191296661928389
-0.769554541558543
0.790909415034645
-0.923319115265392
-0.159130860495001
0.922516608274682
-1.49426182432785
-0.659896705161707
1.09353312110592
-1.64518205988187
-0.746195855936091
~
-0.997524289193933
0.665184877652204
-1.55008355663296
-1.07949540227792
0.341876554480785
-1.35685298860859
-0.985610570138795
-0.183940938307907
-0.765632062866929
0.795896858326506
-0.927468552481409
-0.158196573793294
0.926994792347526
-1.49829922122995
-0.66322664225133
1.0985692234879
-1.64963778910703
-0.749802616479047
~
-0.998309865902477
0.664476392964102
-1.55601788539645
-1.08076903069862
0.340898378339337
-1.36265795984594
-0.987006922945471
-0.189605382408954
-0.774285586741488
0.798102934274877
-0.928958034393418
-0.157003267116118
0.927656329995094
-1.49992761718593
-0.664063034821792
1.09948850642357
-1.65141799496355
-0.750761609658242
~
-0.998199123987422
0.661904004669442
-1.56385658339418
-1.08636669169632
0.329785608761154
-1.36809129441565
-0.987583500178337
-0.190526241721042
-0.780677811087808
0.797510819771649
-0.930402144705648
-0.157139718369885
0.928486722055945
-1.49982974917983
-0.665925402792123
1.1003569010131
-1.65130800002688
-0.752638956461884
~
-0.996220401351203
0.619005854283712
-1.58887503294875
-1.08963865367361
0.320563771309184
-1.39480090593526
-0.990943634257096
-0.18013575436604
-0.806992292519148
0.797229393809982
-0.929869165035006
-0.154597853639981
0.928713734037704
-1.4976460337911
-0.663666011807049
1.10036884818666
-1.64889477437239
-0.750261781135613
~
-0.985639505192303
0.52420810872196
-1.64221958570219
-1.0941309674238
0.240707121578798
-1.4593727325716
-0.994991788982284
-0.207551562598183
-0.826829443072056
0.79789049312997
-0.930293436130978
-0.152267683856677
0.932369824342613
-1.49842974077984
-0.660951406173654
1.1041577698395
-1.64976286557038
-0.747604615203216
~
-0.989209155045582
0.268830411537498
-1.69167576875847
-1.10469444221011
-0.0229147248179035
-1.58296637294775
-1.01473801140657
-0.245188807457645
-0.832641772985522
0.797648553099726
-0.929398901143395
-0.147965208881816
0.928913799144256
-1.49610425472065
-0.658171932839765
1.10056364734452
-1.64728152343905
-0.744749238565462
~
-0.917686879327221
0.000628306878652127
-1.75555314299812
-0.990726829833666
-0.115223529759778
-1.67548793677644
-1.03463434266422
-0.459897371323771
-0.783841110568713
0.78461887929621
-0.900852633339502
-0.135285230885361
0.912006963191425
-1.45540133967543
-0.642989630167812
1.08105630260832
-1.60426412152631
-0.728247888632525
~
-0.876030953047677
-0.427618464861862
-1.74544924779728
-0.872580123801532
-0.454100982347337
-1.6466749499612
-0.902051118259003
-0.404415766326846
-0.626982348633242
0.772159191366235
-0.877569910605905
-0.126376608511243
0.899253947046155
-1.42371530817603
-0.625867419149296
1.06573006806554
-1.57029539006106
-0.709818102618678
~
-0.864903580529504
-0.816469068126617
-1.48084484174848
-0.971656266728224
-0.928772064949131
-1.23878777143583
-0.892670807628308
-0.510949003408594
-0.621180719418868
0.763608853152949
-0.860816219218469
-0.116501842283668
0.890475945797043
-1.40011321817559
-0.61108430156103
1.05512671047795
-1.5450725957532
-0.694106997890641
~
-0.86322667891189
-1.24802864891309
-1.43485982092308
-0.901181743743068
-1.08214460457269
-1.16816882163013
-0.872722859293506
-0.596071132053207
-0.604735178714295
0.764925537126011
-0.848582087349353
-0.110138218062579
0.884726510301813
-1.3913803530661
-0.599110706540032
0.993592391022117
-1.56982557652768
-0.703905273511057
~
-0.889790536206985
-1.42140516408761
-1.21016314375095
-0.875919638307934
-1.2641531298529
-1.03648143422488
-0.71670057069099
-0.802353347392222
-0.470510106932344
0.768866913935085
-0.846605270473814
-0.113084603570266
0.884478803349778
-1.39851437385942
-0.596597511204428
0.98235393998203
-1.5795898234837
-0.709371952737079
~
-0.847089689659263
-1.45654562222359
-0.985440727962671
-0.830171262063939
-1.27247667616087
-0.836351279922442
-0.690148376348375
-0.735964426409033
-0.326645726921246
0.774102281120969
-0.856304119517463
-0.124847232027788
0.894177274202924
-1.41797616392384
-0.609796927065603
0.988797218726687
-1.60190773783013
-0.726465102697073
~
-0.841056332048846
-1.54772953001845
-0.886501167568937
-0.822337506241749
-1.36556572977605
-0.729824940574431
-0.69134334093956
-0.745611311139956
-0.312438205640536
0.784439433004022
-0.871771598969944
-0.139964509721078
0.908841936105233
-1.44315666568901
-0.630138896097513
1.00168809372605
-1.63016478532638
-0.750508985096398
~
-0.798788919623904
-1.6382107401074
-0.943677452094959
-0.778594130097947
-1.45475652957963
-0.787000054751213
-0.695481598704505
-0.757722089760003
-0.288139414056946
0.789401607240908
-0.879181831206291
-0.162589534279842
0.918980994341014
-1.45611225855194
-0.650389311767112
1.00799480063778
-1.64380744852106
-0.77471969823724
~
-0.819984441053817
-1.71405641811893
-1.01413184676187
-0.800303326503917
-1.53155936522141
-0.858527752624192
-0.730934421367357
-0.957140953309149
-0.361310807577748
0.789494835558944
-0.870244283978746
-0.187742274593425
0.922100039731322
-1.44374992626321
-0.671813579561
0.966301815136895
-1.63491847369136
-0.818266300818464
~
-0.82705262742398
-1.69511178151633
-1.01283285034907
-0.8076953601547
-1.51427417535524
-0.85880619060674
-0.721109387170716
-0.946128580052874
-0.368318574886692
0.785001779711388
-0.856771979760321
-0.211510646459958
0.921222757336159
-1.41969967316129
-0.696181299188936
0.96662974987775
-1.60734219732004
-0.842972307061699
~
-0.89283505204921
-1.68465721261108
-1.03381882986885
-0.87352375660999
-1.50313329242461
-0.879463882887451
-0.719503832071134
-0.950172623294053
-0.384202911985421
0.789942391620758
-0.853677544633236
-0.22979894324858
0.92334563447018
-1.41017275513602
-0.727277056515723
0.967813341639661
-1.59567107774297
-0.878288331484582
~
-0.846145314226618
-1.50127370283741
-0.8925979217201
-0.826733511918996
-1.31903723113613
-0.737644710043088
-0.708806415333361
-0.743556650710823
-0.254651396759281
0.781915848521181
-0.845149752039735
-0.237286896085211
0.918745557219158
-1.3988019940398
-0.742344589773028
0.964355521048266
-1.58335282261286
-0.895820863513749
~
-0.82888734712316
-1.52025194053942
-0.936350368689081
-0.80948066203237
-1.33838215924607
-0.781722197788501
-0.703459502733892
-0.740022700373774
-0.267587106218952
0.775051942450864
-0.830812942502393
-0.240025784888043
0.909005837651843
-1.37966525992811
-0.749540883083609
0.953657156328104
-1.56261607295521
-0.904529641206658
~
-0.81657123873423
-1.53143769063825
-0.977798564641486
-0.797157308859617
-1.34953033810325
-0.823139574013459
-0.766080864391337
-0.720324955466227
-0.320397430982759
0.773415126582705
-0.775745088482838
-0.195691176405608
0.885541665361061
-1.32205386271806
-0.714367666689929
0.929533483534325
-1.3366110083214
-0.690239736487463
~
----