@tumbup
-0.137500002980232
0.758333325386047
0.0526315793395042
0
0.691666662693024
0.0526315793395042
~
-0.137500002980232
0.758333325386047
0.0526315793395042
0
0.691666662693024
0.0526315793395042
~
-0.137500002980232
0.75
0.0526315793395042
0.00625000009313226
0.699999988079071
0.0526315793395042
-0.09375
0.449999988079071
0.0526315793395042
-0.243750005960464
0.541666686534882
0.0526315793395042
~
-0.137500002980232
0.75
0.0526315793395042
0.00625000009313226
0.699999988079071
0.0526315793395042
-0.09375
0.449999988079071
0.0526315793395042
-0.243750005960464
0.541666686534882
0.0526315793395042
~
-0.137500002980232
0.75
0.0526315793395042
0.00625000009313226
0.699999988079071
0.0526315793395042
-0.09375
0.449999988079071
0.0526315793395042
-0.243750005960464
0.541666686534882
0.0526315793395042
~
-0.137500002980232
0.75
0.0526315793395042
0.00625000009313226
0.699999988079071
0.0526315793395042
-0.09375
0.449999988079071
0.0526315793395042
-0.243750005960464
0.541666686534882
0.0526315793395042
~
-0.137500002980232
0.75
0.0526315793395042
0.00625000009313226
0.699999988079071
0.0526315793395042
-0.09375
0.449999988079071
0.0526315793395042
-0.243750005960464
0.541666686534882
0.0526315793395042
~
-0.131249994039536
0.75
0.0526315793395042
0
0.708333313465118
0.0526315793395042
-0.243750005960464
0.524999976158142
0.0526315793395042
~
-0.131249994039536
0.75
0.0526315793395042
0
0.708333313465118
0.0526315793395042
-0.243750005960464
0.524999976158142
0.0526315793395042
~
-0.131249994039536
0.75
0.0526315793395042
0
0.708333313465118
0.0526315793395042
-0.243750005960464
0.524999976158142
0.0526315793395042
~
-0.131249994039536
0.75
0.0526315793395042
0
0.708333313465118
0.0526315793395042
-0.243750005960464
0.524999976158142
0.0526315793395042
~
-0.131249994039536
0.75
0.0526315793395042
0
0.708333313465118
0.0526315793395042
-0.243750005960464
0.524999976158142
0.0526315793395042
~
-0.131249994039536
0.75
0.0526315793395042
0
0.699999988079071
0.0526315793395042
-0.243750005960464
0.524999976158142
0.0526315793395042
~
-0.131249994039536
0.75
0.0526315793395042
0
0.699999988079071
0.0526315793395042
-0.243750005960464
0.524999976158142
0.0526315793395042
~
-0.131249994039536
0.75
0.0526315793395042
0
0.699999988079071
0.0526315793395042
-0.243750005960464
0.524999976158142
0.0526315793395042
~
-0.131249994039536
0.75
0.0526315793395042
0
0.699999988079071
0.0526315793395042
-0.243750005960464
0.524999976158142
0.0526315793395042
~
-0.131249994039536
0.75
0.0526315793395042
0
0.699999988079071
0.0526315793395042
-0.243750005960464
0.524999976158142
0.0526315793395042
~
-0.131249994039536
0.75
0.0526315793395042
0.00625000009313226
0.691666662693024
0.0526315793395042
~
-0.131249994039536
0.75
0.0526315793395042
0.00625000009313226
0.691666662693024
0.0526315793395042
~
-0.131249994039536
0.75
0.0526315793395042
0.00625000009313226
0.691666662693024
0.0526315793395042
~
-0.131249994039536
0.75
0.0526315793395042
0.00625000009313226
0.691666662693024
0.0526315793395042
~
-0.125
0.758333325386047
0.0526315793395042
0.00625000009313226
0.691666662693024
0.0526315793395042
-0.237499997019768
0.516666650772095
0.0526315793395042
~
-0.125
0.758333325386047
0.0526315793395042
0.00625000009313226
0.691666662693024
0.0526315793395042
-0.237499997019768
0.516666650772095
0.0526315793395042
~
-0.125
0.758333325386047
0.0526315793395042
0.00625000009313226
0.691666662693024
0.0526315793395042
-0.237499997019768
0.516666650772095
0.0526315793395042
~
-0.131249994039536
0.758333325386047
0.0526315793395042
0.00625000009313226
0.708333313465118
0.0526315793395042
~
-0.131249994039536
0.758333325386047
0.0526315793395042
0.00625000009313226
0.708333313465118
0.0526315793395042
~
-0.131249994039536
0.758333325386047
0.0526315793395042
0.00625000009313226
0.708333313465118
0.0526315793395042
~
-0.131249994039536
0.758333325386047
0.0526315793395042
0.00625000009313226
0.708333313465118
0.0526315793395042
~
-0.131249994039536
0.758333325386047
0.0526315793395042
0.00625000009313226
0.708333313465118
0.0526315793395042
~
-0.125
0.766666650772095
0.0526315793395042
0.00625000009313226
0.708333313465118
0.0526315793395042
-0.237499997019768
0.533333361148834
0.0526315793395042
~
-0.125
0.766666650772095
0.0526315793395042
0.00625000009313226
0.708333313465118
0.0526315793395042
-0.237499997019768
0.533333361148834
0.0526315793395042
~
-0.125
0.766666650772095
0.0526315793395042
0.00625000009313226
0.708333313465118
0.0526315793395042
-0.237499997019768
0.533333361148834
0.0526315793395042
~
-0.125
0.766666650772095
0.0526315793395042
0.00625000009313226
0.708333313465118
0.0526315793395042
-0.237499997019768
0.533333361148834
0.0526315793395042
~
-0.125
0.766666650772095
0.0526315793395042
0.00625000009313226
0.708333313465118
0.0526315793395042
-0.237499997019768
0.533333361148834
0.0526315793395042
~
----