@Head - Rotate to Left
-0.0330065143546829
-0.706748564433621
-0.743250764703846
-0.21767306814646
-0.693386842551897
-0.648901089728983
-0.771672627656493
-0.653301625974077
-0.327788263171402
0.737673455086628
-0.780693550922971
-0.0742202774532892
0.826090100462124
-1.29492311601537
-0.453443181083446
0.825510894385915
-1.48663003884588
-0.615901623179505
~
-0.033087329923452
-0.70178625075904
-0.739479337680113
-0.218267634128425
-0.689538176998923
-0.645983113939003
-0.773808444883177
-0.652793955718573
-0.327432558332292
0.737509957321512
-0.780887595888496
-0.074185777254837
0.825942584902252
-1.29488081646076
-0.453774203652792
0.825743270023088
-1.48665081129312
-0.616217128887971
~
-0.0376019818946207
-0.710791349400988
-0.744620069256834
-0.221967080910976
-0.696179599952177
-0.64981037420839
-0.775062276095187
-0.652344351605744
-0.327317652462762
0.737497299792385
-0.781167332894003
-0.0744035161260005
0.826271935113712
-1.29519134619811
-0.453984154772814
0.827019852344593
-1.48747052952126
-0.615919122064744
~
-0.0500593704798346
-0.740507378807015
-0.760262098596424
-0.231688353533584
-0.718324706675707
-0.6615779813435
-0.776575200804847
-0.651776690281782
-0.327451788035622
0.737141943093216
-0.781273968845345
-0.0751713732743956
0.82666374366064
-1.29560757615439
-0.454454799798207
0.828551000883724
-1.48844802356457
-0.615888067292783
~
-0.0573800035799948
-0.75295052651772
-0.768235046043457
-0.237559617115375
-0.727453153715456
-0.667566207563274
-0.778098406762544
-0.650961035308666
-0.327475809849014
0.736084116276008
-0.781935174678636
-0.0765395612101
0.830037581372541
-1.29719765154584
-0.453619650142574
0.831308905816124
-1.48996178715275
-0.615338968252139
~
-0.0589433754033382
-0.753880346252044
-0.769292253980357
-0.239119716415473
-0.727952672459076
-0.668506091718652
-0.779648739451878
-0.650169600098145
-0.328046086220054
0.736699830636612
-0.782194743568294
-0.0761263604606301
0.829987378152261
-1.29734853403993
-0.454164197306885
0.831261444460251
-1.49006946126194
-0.616193639292178
~
-0.0592130106205557
-0.752891356741043
-0.770748293141406
-0.2397147479887
-0.727141899772593
-0.669842358787759
-0.781219909036472
-0.649893477810583
-0.328967257911919
0.738007701811016
-0.782684501271632
-0.0751601024081388
0.831335398065255
-1.2981497950624
-0.45451926373016
0.832527468989508
-1.49099999438009
-0.617052221890676
~
-0.0615464837180838
-0.749136197466924
-0.772890162707436
-0.242057177922485
-0.724022404920612
-0.671266961458626
-0.78358920941388
-0.648680976159867
-0.328190963469276
0.737564782672065
-0.780630707326226
-0.0717189885851146
0.832458091880474
-1.29855351219531
-0.448496118143654
0.8343353102221
-1.49065167983243
-0.61249651331587
~
-0.0641281525026532
-0.743273089966373
-0.775813010312381
-0.245040799064201
-0.719707522822594
-0.673289086871187
-0.787778738748843
-0.649010872658755
-0.327401628646113
0.737380102479534
-0.780094945493355
-0.0673860001735713
0.831366218673387
-1.29999588045697
-0.444866131602358
0.833571413224867
-1.49195995408898
-0.610216939100693
~
-0.0654735703604178
-0.738875998739189
-0.779420062884581
-0.246935810096751
-0.716516543220029
-0.676205579723474
-0.7913224778742
-0.649438228094102
-0.328123011627893
0.736822063661632
-0.78050608509502
-0.0616355711989196
0.828927974614522
-1.30260720449267
-0.440166440628696
0.831800529623368
-1.49425330285881
-0.607205421816347
~
-0.0644282707893589
-0.746487992587371
-0.781946154243521
-0.246407057336377
-0.721540033194103
-0.679091493846951
-0.792343313845139
-0.646696206580446
-0.33198738746868
0.73574420857345
-0.782079513966412
-0.0586434967064726
0.827009777234813
-1.30524880123814
-0.438979302912304
0.829548198133879
-1.49685900945206
-0.607166620508716
~
-0.315986634023997
-0.277578175297658
-0.877594487335195
-0.399742018511978
-0.403999399985485
-0.925797087578692
-0.749772239811926
-0.643827081203324
-0.418234760913672
0.7431561394384
-0.803934092377002
-0.0911099863118886
0.823792623569236
-1.33052381016023
-0.470543331115867
0.82883227312776
-1.51821011346368
-0.643579397291784
~
-0.129148570556635
-0.412731799440358
-0.975351116413935
-0.362820722174457
-0.489973768372096
-0.937214899058497
-0.750594243437183
-0.649814693868379
-0.425313221317571
0.743460198033353
-0.807694040836126
-0.096045584089383
0.824382888838308
-1.33365760459861
-0.476330990738701
0.827281010887075
-1.52225712788911
-0.648513742503514
~
-0.078028925416623
-0.538500338415115
-1.119173645225
-0.247334001805247
-0.526832429403554
-1.03666423343314
-0.79280082664559
-0.582107689199227
-0.346027726438606
0.742812612310876
-0.807974551454778
-0.0969005450625501
0.828648929949572
-1.33481105447052
-0.474158085515753
0.867306948366429
-1.39769653140224
-0.535323446642941
~
-0.239959957281422
-0.661972104923791
-1.19798027336445
-0.343351006605179
-0.655250140388834
-1.05616008698094
-0.797241521945291
-0.577731954797958
-0.296996692010629
0.741413508077504
-0.807657597630833
-0.0971563048063277
0.827222302340042
-1.33332759695962
-0.476045585407524
0.856779886770982
-1.42147701310982
-0.562433620962743
~
-0.56467626800706
-0.824492121369829
-1.12009312232222
-0.71248185041608
-0.795383892566881
-0.914320968434393
-0.784676261712095
-0.593418275495446
-0.281875262541458
0.740478767625086
-0.806103739389513
-0.0960902876410024
0.827258039418864
-1.33227186516393
-0.472786201874089
0.856972865764448
-1.41209924614162
-0.555653967153084
~
-0.593457481248563
-1.07243335410905
-1.1326225585813
-0.735778921766196
-0.977304563088121
-0.944039300410354
-0.758191969122566
-0.642171079791985
-0.300137530751694
0.738808860219596
-0.804659291219853
-0.0943021283498805
0.825201246781606
-1.32944124482133
-0.471545227561564
0.859063355970644
-1.39906104362758
-0.542932402542869
~
-0.502749309665424
-1.28426169759697
-1.13903010380027
-0.598276833919826
-1.11276538529251
-0.977518781299039
-0.750938918083605
-0.660147401361464
-0.316166189380784
0.7378683240546
-0.803406302325151
-0.0933849461294094
0.823332079691557
-1.32795075728521
-0.469896786714095
0.868040303341082
-1.39035118614776
-0.529105966776267
~
-0.550035104725052
-1.26536275292766
-0.99201437725546
-0.628165855659107
-1.0978341301397
-0.817281140699229
-0.737016092184773
-0.66897023761835
-0.330756287364491
0.736442499188108
-0.803354060306381
-0.093745800812908
0.82178905413144
-1.32723443056001
-0.471042390467613
0.871216541382651
-1.38850658878196
-0.525484056411754
~
-0.563342656125057
-1.29960818881455
-0.982605206826466
-0.65129219943564
-1.13240681066283
-0.812620549643223
-0.721213216333457
-0.6781648299742
-0.344544623830635
0.734557434696954
-0.80319522347717
-0.0946349781068153
0.817219292038402
-1.32534913039295
-0.474170040878029
0.853971676903683
-1.4088459611761
-0.550422049837108
~
-0.559775147941363
-1.30103840951349
-0.984613066211658
-0.651144840747467
-1.13508677858256
-0.815739249980443
-0.713703385443666
-0.678430906140226
-0.350683145392536
0.732426927735052
-0.802182942434439
-0.0965249770589458
0.814155305242006
-1.32295080188834
-0.476423825643122
0.812352795572036
-1.51579986217289
-0.641386361935405
~
-0.562662709015716
-1.30349201087366
-0.985455063223958
-0.651491735034699
-1.13622056099844
-0.816870110620918
-0.710723848769885
-0.678381217974582
-0.353664141486994
0.731388021107442
-0.801628417692881
-0.0974694783356107
0.811975175830457
-1.32140765571833
-0.477840211840482
0.809136812122166
-1.51498437799389
-0.641581482365697
~
-0.497399707375798
-1.38257213038536
-1.0575962683241
-0.60153633120297
-1.21926604506335
-0.894233823048482
-0.708428046410227
-0.678400436769193
-0.356569685149919
0.730472306340921
-0.801011566986341
-0.0974910590614732
0.810425625881981
-1.32003263006744
-0.478191396435582
0.806012927917157
-1.51338900390247
-0.641881568192795
~
-0.55597147094793
-1.29963402593926
-0.986261907435227
-0.659722593224528
-1.13634130055436
-0.822847531297639
-0.706256255134364
-0.678517279913573
-0.359320543816199
0.730002098706444
-0.800683770459513
-0.0976033634821992
0.809446851122433
-1.31947025455453
-0.478177622751326
0.851353260862105
-1.46056672672195
-0.59381657925392
~
-0.56828037120461
-1.30514378296286
-0.988712127815664
-0.658750177120728
-1.13639098664356
-0.823243076710021
-0.705201800331377
-0.67780855139649
-0.36117785507625
0.728739485245088
-0.800258916002818
-0.0980414404188934
0.808781668648852
-1.31893804620435
-0.477836310526185
0.851490735545649
-1.45977379850793
-0.593285298442691
~
-0.566438781361099
-1.30415724814165
-0.988858356051544
-0.658027987455298
-1.13624824518673
-0.823487110622553
-0.703962970357498
-0.677147844275143
-0.362742362037121
0.727724697451893
-0.799634396230672
-0.0979264558960432
0.807785137781588
-1.31788334645632
-0.477367846221705
0.850804393842435
-1.45840322421081
-0.592819586536344
~
-0.559617100669731
-1.30193011364542
-0.98827153944779
-0.65303460735531
-1.13505935461982
-0.824047684894465
-0.699179175405752
-0.676080554085867
-0.366048260380127
0.725593154708004
-0.799144113197182
-0.0989258800123463
0.806530624313607
-1.31547157803675
-0.477575753781954
0.883718558449102
-1.45851490646199
-0.568650347637765
~
-0.55656070801031
-1.3003918593087
-0.987618816834899
-0.650256282943055
-1.13386378282511
-0.823845351414936
-0.696469375356273
-0.675593742523233
-0.366621963781126
0.725632154286084
-0.799100991839346
-0.0994134166213959
0.807155402451102
-1.31451725214314
-0.477417029891477
0.885232365154673
-1.45657092266202
-0.568653047229857
~
-0.555973982653869
-1.29996544096016
-0.987794499313848
-0.649760216154098
-1.13360969065898
-0.823943979143937
-0.696094025475944
-0.675022638579038
-0.367141277707372
0.725512656830427
-0.799057527843753
-0.0992814099416337
0.807388549085411
-1.3141735252755
-0.477582229124733
0.878762168605328
-1.45556532605022
-0.57507669880167
~
-0.554653122173183
-1.295954753221
-0.990733402046163
-0.648856341088505
-1.13118216075024
-0.826006754498598
-0.694348509014745
-0.674815853422634
-0.367853311367076
0.725137135146081
-0.798834436917443
-0.0999751386375166
0.807652087308777
-1.31310083058514
-0.477983596538612
0.843811553253306
-1.38617861438447
-0.539378996158259
~
-0.551021601816241
-1.29424305384539
-0.989998020342085
-0.645705179487519
-1.13029676468926
-0.825646722181703
-0.691008922138531
-0.674810364172691
-0.368784424226025
0.72479955916806
-0.798625249002858
-0.101310933355824
0.807411227809531
-1.31167240336694
-0.478360050442449
0.856495299009746
-1.45427705517333
-0.586031132692858
~
-0.550393692023893
-1.2944219921333
-0.990053400490769
-0.646227528411111
-1.1306576667279
-0.825885377249314
-0.691611184462736
-0.674512930673509
-0.368948028538647
0.72512989456298
-0.798691681087142
-0.10059416998741
0.807726654074791
-1.3119833036423
-0.478258102646204
0.857777060148738
-1.45432238146612
-0.586087445087252
~
-0.550070160901247
-1.29531132088017
-0.990345171139771
-0.646717777893193
-1.13164034013794
-0.826413877168139
-0.69182621156002
-0.674815792893672
-0.369779095229429
0.725403763064341
-0.799320622487746
-0.100642361526802
0.808086562868254
-1.31264960000739
-0.478728993896111
0.856666455769771
-1.45509036561977
-0.587217013836686
~
----
@Two hands zoom in
-0.566517493287702
0.0809029563965062
-1.70261754634425
-0.551983653647471
0.210878023533076
-1.73203346237181
-0.827636037786824
-0.245743207303493
-1.10120161864346
0.709471932519475
-0.764473655319205
0.248784454553863
0.684131254312679
-1.29690312402559
-0.209403977250846
0.675684370617494
-1.47437964975604
-0.348489951010756
~
-0.56598983537016
0.0808438183831098
-1.70421915483972
-0.54152717469725
0.208655084937716
-1.749893346061
-0.828710914217793
-0.246590011987924
-1.09944950888324
0.709581176328238
-0.764947467715026
0.247115827805385
0.684946560029078
-1.29738250562313
-0.2109468424614
0.676735021262691
-1.47486088774992
-0.349992206548364
~
-0.56553743117214
0.082267889695689
-1.70517518972056
-0.539753219271942
0.203751199934751
-1.75415837136905
-0.828118329402143
-0.246659848726162
-1.09954729751703
0.709989571471705
-0.764854070574415
0.247187754848257
0.684599842148609
-1.29641190142967
-0.211596431182461
0.676136590004129
-1.47359782697452
-0.350886328721988
~
-0.565260480576507
0.0825999875225552
-1.70486090039901
-0.538386879578351
0.203594519197504
-1.75574554567128
-0.827336416907436
-0.246236317789562
-1.09945703987497
0.710991635892524
-0.764329758920923
0.247270303791336
0.684600638714132
-1.29489593125623
-0.212396201505218
0.675803648689148
-1.47175128589675
-0.351983678201886
~
-0.564949208668932
0.0827744353749657
-1.70491088470098
-0.536290989779837
0.201020295849596
-1.75802990493903
-0.827033310882357
-0.245913890799648
-1.09930220136743
0.711777938339784
-0.764435589895144
0.247147317784662
0.688023390481799
-1.296988820326
-0.209846381412927
0.680105216894769
-1.47450654573835
-0.348546069453979
~
-0.565682117935487
0.0830336103441424
-1.70724147282299
-0.535668085050316
0.199012324185818
-1.7624847902529
-0.828116625009027
-0.245861495571389
-1.09944217284256
0.711923583239801
-0.765133485688486
0.246205157972882
0.688310116801865
-1.29846992264521
-0.210822929065098
0.680438970363208
-1.47624875304543
-0.349521179593326
~
-0.566257108897936
0.0826028991305861
-1.70538123603379
-0.535224015744552
0.198211311774572
-1.76326470344719
-0.827613701356693
-0.245565790846758
-1.09911497126913
0.71126599076227
-0.765026864646266
0.245137955160802
0.687481128858239
-1.29738646263573
-0.212770743221252
0.679552850594906
-1.47483966196555
-0.351766810770692
~
-0.567630743860621
0.0819732617185502
-1.70547582099146
-0.555847434502666
0.214276347439122
-1.72694182063581
-0.828896109270323
-0.244872175749021
-1.09965302567292
0.711441115183381
-0.765140605391278
0.245785674218129
0.687954957602588
-1.2978467797151
-0.212634709618418
0.68012623840899
-1.47541552258103
-0.351789651223513
~
-0.568125145713695
0.0822031184933504
-1.70597670155362
-0.546809722546654
0.225874753932578
-1.73575184576099
-0.828758599786635
-0.244632023492799
-1.10037959155915
0.708584995895609
-0.764907336759293
0.245963504795315
0.689447429090099
-1.29816976703363
-0.211816366855452
0.683068231109924
-1.47592387427838
-0.350758501338223
~
-0.568907916166045
0.0802294266196329
-1.70366505200496
-0.54167676220904
0.210439314421902
-1.75068325096582
-0.828094173570934
-0.244286113573416
-1.09973766476815
0.707487221021682
-0.763958272940381
0.245466027806419
0.689361224570906
-1.29613132332281
-0.212748040010431
0.683319216716621
-1.47352239434111
-0.351846446261975
~
-0.569390189549904
0.079588251893634
-1.70236731980099
-0.514732372960115
0.211752279403885
-1.78357184983145
-0.841280297056975
-0.258596344996641
-1.08944610930822
0.706021499780003
-0.762667678371349
0.245139173569535
0.690008130528135
-1.29562491163426
-0.211702945086669
0.68467034981062
-1.47327734078811
-0.350350451710289
~
-0.570128828787229
0.0798369015968347
-1.70444925746964
-0.516774891760305
0.20957233858355
-1.78602267022895
-0.837378257925485
-0.253032776603377
-1.09432624623636
0.706677790640055
-0.763498631085105
0.245317856034509
0.689371758349639
-1.29588156866504
-0.213777184200933
0.6836030809195
-1.47334256594825
-0.353157361532226
~
-0.569861312670647
0.080211594172805
-1.70546045560562
-0.561971375159763
0.223039375576173
-1.71496348127806
-0.836492307231428
-0.251419282275578
-1.09563993175994
0.707494933631754
-0.763824072963193
0.246219179184167
0.690044654937939
-1.29586617298661
-0.214002160605402
0.684227904423628
-1.47321355776167
-0.353749701672797
~
-0.570065680379555
0.0804826506911514
-1.70523051919009
-0.542153996839024
0.204517214911102
-1.7543995961839
-0.836121959347418
-0.251179571702101
-1.09582946455146
0.707047960552818
-0.762970797749092
0.247329400901888
0.699318068400971
-1.29945135340781
-0.207342848954229
0.69674142863437
-1.47827820529405
-0.345242309287797
~
-0.5696506993312
0.0807031125412911
-1.70406799225467
-0.538918503521133
0.20095146487009
-1.75912554193046
-0.834642822906298
-0.248658049695987
-1.09667475760997
0.706898365639936
-0.761556579942219
0.247479466594596
0.7015866481937
-1.30027805141856
-0.203796492809095
0.699816066666089
-1.47985187524401
-0.340569282243149
~
-0.569582773627909
0.0813018687791268
-1.70342027846939
-0.535376667818706
0.20129973246293
-1.76431687280061
-0.834144697600498
-0.247314890815344
-1.09705335774331
0.70613339568345
-0.760716843825795
0.248090235868388
0.70296281923456
-1.30120976095171
-0.200351722319796
0.701905969459977
-1.48137408474378
-0.33618575237942
~
-0.569297933801643
0.081056078819436
-1.70253084140133
-0.534180956992587
0.199144575592506
-1.7654081648749
-0.833182877327273
-0.246876172942423
-1.09722785103877
0.706048414856593
-0.760354847207367
0.248045066389906
0.698847551312552
-1.29774186449314
-0.203907888411025
0.696447254426731
-1.47687090640629
-0.340917858456416
~
-0.569350906275751
0.0808264217564684
-1.70112823447485
-0.531200731945358
0.199593829633701
-1.76935084221572
-0.83246925412425
-0.246039478369167
-1.09725245060488
0.70477272086342
-0.759887414458072
0.247432053455914
0.694920299287965
-1.29425181536539
-0.207611055913106
0.691636149730946
-1.47237331846196
-0.345659897513886
~
-0.570527020824943
0.0808264834529349
-1.70258250493076
-0.538066901382824
0.228055293787377
-1.75117932464724
-0.833367550803276
-0.246098213862624
-1.09828660667055
0.705019501906286
-0.760842711000304
0.24739917042902
0.693579416493301
-1.2945833872935
-0.209561091180405
0.689766054688972
-1.4724969822227
-0.348235184463516
~
-0.571038611824821
0.0800543557664024
-1.7014705252789
-0.513335515167063
0.2212012585635
-1.7895917193694
-0.833118300998184
-0.245437640735504
-1.09868351921245
0.704326380607089
-0.760768073956204
0.247103499267383
0.70234469409225
-1.3000733638995
-0.202679267126662
0.701684140960889
-1.4798417758001
-0.338962150490687
~
-0.569812536577979
0.0801910532940135
-1.70049148029851
-0.516325463842014
0.21017589743683
-1.78879373825298
-0.832291946629836
-0.245200203544803
-1.09860024590219
0.70466580530134
-0.760609946828735
0.246661803090495
0.700734500656907
-1.29821507756362
-0.20493131482649
0.699424065775429
-1.47741676973573
-0.34182357321796
~
-0.569654866040408
0.0811435131271208
-1.70086310381693
-0.542469679988949
0.215501968584912
-1.7494342413584
-0.832374807948223
-0.243471383356549
-1.09892242059319
0.705013697321175
-0.760871069326413
0.246265790298003
0.698365732138803
-1.29618268510259
-0.208167191663166
0.696149734708901
-1.4746198542182
-0.346006465968612
~
-0.569570923533368
0.0812118455154898
-1.69910554078884
-0.535869997560034
0.213666137779527
-1.75865050251898
-0.831820879396692
-0.242658517156556
-1.09865049007717
0.704606938006978
-0.759557595587696
0.247370594895349
0.694222250832591
-1.29122016746955
-0.210671305754523
0.690760688441128
-1.4684410247635
-0.349725327027072
~
-0.569217910562065
0.0825775629851773
-1.70119030801174
-0.532742722257325
0.211529459736279
-1.76474426659593
-0.831773101113599
-0.242284052746244
-1.0989788895519
0.704695172859221
-0.759452274976044
0.24843715753194
0.69480243424371
-1.29068407880978
-0.21036862869806
0.69150484567512
-1.4677613828747
-0.349674096418815
~
-0.568797691169185
0.0832828573398732
-1.70185682775422
-0.530440107649818
0.211012095685555
-1.76880202877324
-0.831155106579841
-0.241724148239899
-1.09924079884045
0.704634484099477
-0.758975034044676
0.249232517953312
0.692776530238276
-1.28830201522526
-0.211823455888746
0.688823869921799
-1.46474434228546
-0.351880005853436
~
-0.56860687665279
0.0832310328431631
-1.70096072528742
-0.529711907571757
0.210572991300393
-1.76877009621944
-0.831648814621467
-0.241535893744565
-1.09856877902133
0.704483303170083
-0.758826581274913
0.248915021793785
0.689380154301452
-1.28589085975775
-0.214382150869995
0.684345762319589
-1.46157895258536
-0.355191437540689
~
-0.567243858768155
0.0867226326266941
-1.70516572039382
-0.529192041973746
0.210200104859255
-1.77085690650712
-0.832084915473447
-0.241855372994967
-1.0988582672938
0.705091494708367
-0.759737191245973
0.248845790415217
0.696418049506113
-1.29288202865466
-0.207593511517901
0.693526910136419
-1.47059697445756
-0.346108540312443
~
-0.566853138807566
0.0869076506589455
-1.70552621523393
-0.571106583659948
0.151300711390301
-1.69555799670631
-0.940161285475324
-0.363541653020797
-0.994237692562219
0.704948312756076
-0.7603059813332
0.248662913151047
0.694593077368902
-1.29145802444336
-0.21088434290928
0.691141341275116
-1.468508669339
-0.350428993662021
~
-0.56684593427487
0.0868244624424246
-1.70588069600449
-0.570857287396663
0.148958966042427
-1.69731190876392
-0.940172429519876
-0.363804909302043
-0.994294433364347
0.704909775905582
-0.760561434789572
0.248536035452792
0.694652296074417
-1.29216158037733
-0.210641744442217
0.691233136130696
-1.46936161083401
-0.350061557996506
~
-0.566386217779024
0.0872046999602902
-1.70491220083796
-0.581486025822515
0.135775541199553
-1.67837606086874
-0.957474649453088
-0.373423956638957
-0.976873927429646
0.704758650740704
-0.76025121281504
0.248551030107569
0.692195474748161
-1.28974284577276
-0.212790300628569
0.688007758449552
-1.46624002062972
-0.352937554995393
~
-0.566408134218314
0.0870653616901954
-1.70404127731049
-0.577186520871596
0.139863798679256
-1.68430232316098
-0.950849359640373
-0.371003205376324
-0.982882919056467
0.70464458296564
-0.759080231669347
0.249694703085276
0.691364825567543
-1.28750120896085
-0.212870589678222
0.686938239768178
-1.46364153472469
-0.353427652717503
~
-0.56590904171184
0.0879996667937073
-1.70522437276938
-0.570260842475057
0.145553478598426
-1.69824853279484
-0.942074673369311
-0.36206770862786
-0.993462242234216
0.704367558810035
-0.758801352317996
0.249941847718779
0.691370422152802
-1.28723352820307
-0.212471113869017
0.687038043267057
-1.4633775507145
-0.352979973109553
~
-0.565898887187643
0.0888924840645979
-1.70717971300631
-0.567537195478702
0.149669000205918
-1.70445169379832
-0.938081098690793
-0.359647478704864
-0.998846358580386
0.705020749020913
-0.759706528028366
0.250291423880383
0.693897064146847
-1.29172363655807
-0.208870044446049
0.690189178227268
-1.46906267273464
-0.348281023494702
~
----
@Both_Hands_Down
-0.329477401221711
0.539881518909537
-2.04905135332196
-0.457767315507623
0.220410450442811
-1.86875046414552
-0.672445732289907
-0.20416091254622
-1.08162197439483
0.773921277082791
-0.897269782371495
-0.0443520541588633
0.765770421368259
-1.58888147963387
-0.647728770910213
0.884393113218578
-1.75921902003174
-0.653816254622929
~
-0.329377301902143
0.539613571710096
-2.05045201113094
-0.458357587046821
0.217699688192113
-1.86794708274293
-0.672237352455477
-0.204060162911759
-1.08261624911796
0.774192707031731
-0.897843232453459
-0.0455487800901069
0.767732605621324
-1.58890644944981
-0.64673803184025
0.893114279718219
-1.75311667187088
-0.6257519250856
~
-0.329751814504234
0.540314551562956
-2.04969527991695
-0.459225686117952
0.217493848083895
-1.8662440847239
-0.672293700362169
-0.203059536566527
-1.08197290569441
0.773811648157836
-0.898960539572721
-0.0452225556372112
0.767137374210894
-1.58704682315642
-0.639543831544701
0.898714087663932
-1.7286900552819
-0.563863647437503
~
-0.329237016350664
0.540356750936544
-2.04915054469307
-0.458907182060308
0.217477625975375
-1.86612389131688
-0.671481932546668
-0.202662965257965
-1.08186448535016
0.773230743968252
-0.899556826247798
-0.0460943230045096
0.766176612855797
-1.5867026401154
-0.640363592507034
0.897252697271984
-1.73476092963002
-0.577393506732741
~
-0.328193382816179
0.542720859723787
-2.05327262310359
-0.458294588935794
0.220331479541775
-1.87142235212015
-0.671561968465726
-0.202366452812601
-1.08303274855661
0.776285055299417
-0.90142145553519
-0.0468031971762125
0.769467060855426
-1.58964036325031
-0.642451060432955
0.898941426327164
-1.74191458742415
-0.584906093972663
~
-0.327906072052112
0.543801468625687
-2.05276268864153
-0.457891542802634
0.223083451602456
-1.87224339592886
-0.671370581174242
-0.201609702246784
-1.08286837261761
0.775179696133318
-0.89986076275881
-0.047518918422646
0.771946862062883
-1.57903688116591
-0.609796647785793
0.901736223601529
-1.74155347259859
-0.606939298692377
~
-0.327486966314254
0.546548482080673
-2.06014211267143
-0.458161408118829
0.22415006081669
-1.87946482562052
-0.671900669625432
-0.202783614551845
-1.08748753900574
0.779083909657657
-0.902897920721485
-0.0492168829506656
0.774225798265038
-1.59005278233592
-0.628196515695121
0.904311009405792
-1.75317685473071
-0.623190678330136
~
-0.327610884620478
0.546783037878644
-2.06088282425463
-0.458076444231425
0.224886308941008
-1.88074043347618
-0.672098897751222
-0.202554946188114
-1.08837928945956
0.778857938743645
-0.903730447429206
-0.0499927245606076
0.77407838491897
-1.59060526360616
-0.629777184639656
0.905271735907223
-1.75243321164477
-0.616856469851591
~
-0.328348603230003
0.548792332823265
-2.06779874009354
-0.459201530661786
0.226431362512427
-1.88734300147773
-0.673701942259334
-0.20295270950602
-1.09180926307609
0.781915385257727
-0.908455978773215
-0.0496064530436667
0.732409140258295
-1.56398638977424
-0.779441043488664
0.886951226585547
-1.75678245598166
-0.691988157420483
~
-0.326422967450159
0.55033815742778
-2.07202498253556
-0.458321130603057
0.225947989976356
-1.88998549036117
-0.673906029582528
-0.204149339256908
-1.09286363193887
0.7865824230574
-0.911061558437924
-0.048915185896946
0.775394630140483
-1.59651807013404
-0.650761527960393
0.907827301778899
-1.75945515273698
-0.651583559049611
~
-0.326230100295839
0.551205261168229
-2.07081172798681
-0.457352570761382
0.229488333708504
-1.89044358554959
-0.673882128309701
-0.202974157482889
-1.09245941175015
0.78712563663851
-0.911165535141692
-0.048260625055502
0.779504000831507
-1.59826755971866
-0.658407663238998
0.909598671895867
-1.75052048155216
-0.595408012023133
~
-0.325192187069871
0.551502924030791
-2.07047836188307
-0.45720519092126
0.229167577297293
-1.88945573875956
-0.673482239159119
-0.201994138851405
-1.09206279124999
0.78678331182996
-0.907236186695674
-0.0489732156803287
0.782392570777012
-1.60595742689595
-0.65556341271991
0.922699488251789
-1.74023304521256
-0.575597845110645
~
-0.325119903297539
0.551597081418502
-2.07239153966553
-0.458407199164004
0.226988660870024
-1.88911060392412
-0.673426320756955
-0.201612633391025
-1.093000309552
0.787211695183353
-0.907819980362937
-0.0498360753040117
0.782803540868522
-1.60687278258668
-0.658444986978315
0.921866263322925
-1.73954717510767
-0.573482973370539
~
-0.325594657438047
0.552055873297055
-2.07002979873894
-0.458480906726553
0.229468789543635
-1.88846181549218
-0.676349728224443
-0.202845497331343
-1.09050685632218
0.786119869154646
-0.90565428807214
-0.0496447761998266
0.927069043824887
-1.66822021222719
-0.647029498797687
0.974052130577814
-1.92240881557286
-0.832025360093067
~
-0.325168548500623
0.55156038542491
-2.06772811128581
-0.457930501383249
0.229972106722993
-1.88690050350635
-0.6761352126433
-0.201784818182119
-1.08896819715962
0.785031454440884
-0.90468353551954
-0.049775424190556
0.778983546634337
-1.60919710462265
-0.667548278325972
0.914930693538042
-1.75483598367934
-0.601811435994934
~
-0.324693036276739
0.552882000932937
-2.06525217291927
-0.456983466907277
0.231352936077989
-1.88512434480132
-0.675320481899633
-0.200125639785163
-1.08722293795693
0.784558624878042
-0.902859976534759
-0.0493114337881628
0.779128411344091
-1.60578061762521
-0.667525264703943
0.915294678307778
-1.75210229321289
-0.604389046698231
~
-0.325687133690669
0.554320163944606
-2.0663863085062
-0.457933007845456
0.233523386835074
-1.88632305152744
-0.675788816008803
-0.199294435468977
-1.0873647504992
0.78446094704307
-0.902575019654522
-0.0499254661979117
0.786127755310778
-1.60213405940516
-0.670004003645313
0.916460848705932
-1.75128806442623
-0.601127604466039
~
-0.325382683709288
0.556186110343073
-2.06655010347399
-0.458089362955714
0.235527074945434
-1.88616583046553
-0.674162267771458
-0.195217425040395
-1.08796983117771
0.784187352012497
-0.900990285528616
-0.0501807410565205
0.785220822326242
-1.59962282508582
-0.664333298324666
0.904156916200533
-1.77224469279895
-0.658679586005597
~
-0.324967880334324
0.557065478776274
-2.06696046657468
-0.458771146231287
0.235570801354734
-1.88560363716231
-0.674503425117392
-0.194806376843146
-1.08829093235905
0.78566739044808
-0.903715700540726
-0.0500465231263379
0.785804071362849
-1.6002277405163
-0.667779535279814
0.908219350080173
-1.76639720655802
-0.630325204341264
~
-0.325115353534591
0.556726984663367
-2.06716930497292
-0.458684533032619
0.236048544810965
-1.8866608593435
-0.674625349867072
-0.194999075154385
-1.08898796756242
0.784682468856071
-0.903164746152926
-0.0515122761326215
0.74791126819697
-1.55903885127877
-0.782237659060091
0.735654210801405
-1.77766353400578
-1.01171158108993
~
-0.324398637455703
0.557772504206566
-2.06646073972513
-0.458141741848818
0.236927337719199
-1.88598641334205
-0.673676794413233
-0.193675682314163
-1.08888052354629
0.78501037707543
-0.902441609472501
-0.0514303069593072
0.785959888127156
-1.59682019999148
-0.651549297971337
0.913050637431396
-1.7577795852852
-0.60837721260852
~
-0.323879762100308
0.558056663040341
-2.06493640542798
-0.454982937873751
0.242417523197383
-1.88667289014078
-0.672953006736189
-0.192990162658434
-1.08803119654927
0.784469108554674
-0.901116616545159
-0.051944715190094
0.783562491712401
-1.59228278734555
-0.646269558518474
0.913321607875008
-1.75319416920421
-0.612981485968601
~
-0.324271160427224
0.558352461497247
-2.06470754220805
-0.45516506231821
0.242852357897773
-1.88673091039455
-0.672919625189502
-0.192572794183522
-1.08763186416369
0.784482495853961
-0.901548345016709
-0.0517186786801468
0.783699187039888
-1.59245861423859
-0.652383812932031
0.909741748016305
-1.75648629418871
-0.620258912746656
~
-0.324726812786273
0.559720564903623
-2.06662690233744
-0.455744782325658
0.243943607475936
-1.88882008950886
-0.673817093815645
-0.192237937035919
-1.0884366295535
0.785195530379098
-0.902747658572077
-0.0519397597993442
0.781059749690391
-1.59286751748172
-0.657821898776617
0.911450949548687
-1.74618916551462
-0.599461349417621
~
-0.324304639242639
0.560052179255197
-2.06691431083992
-0.452756746796906
0.24932057044897
-1.89093971877362
-0.67307222366231
-0.192061325517097
-1.08889789090295
0.786048016281456
-0.903482948682128
-0.0519855587246778
0.748416543057622
-1.56192039429038
-0.779525173321718
0.73587272813702
-1.78139954282646
-1.00794458745064
~
-0.326633428577549
0.561615566274679
-2.07139776827241
-0.455206441054589
0.249949801965926
-1.89547928272194
-0.674720725302939
-0.19230226090859
-1.0911348168669
0.786321596939866
-0.905211768977308
-0.0523726545135445
0.771053561693199
-1.60623894933414
-0.678160089186425
0.912634694284569
-1.7432178327705
-0.605134841233137
~
-0.327158337948936
0.5616404798112
-2.07072798350504
-0.455390481335695
0.249657795694046
-1.89495323185614
-0.674539028146069
-0.192482166712391
-1.09047754335514
0.78596769361773
-0.905118349311678
-0.052821203502605
0.754489775051427
-1.57285571321722
-0.774359842699705
0.743997126022558
-1.79543479649199
-1.00075083596821
~
-0.327366593892463
0.561443278370405
-2.06901942774155
-0.458056160720068
0.244486055167974
-1.88880555127809
-0.674295245793206
-0.192276430611413
-1.08968859171206
0.785247659095096
-0.904610128787875
-0.052885405450724
0.77392991603551
-1.59603163700781
-0.686187924831751
0.896909721041628
-1.76607405062557
-0.682115099066557
~
-0.32881627477821
0.56293489111281
-2.07342533756802
-0.459769553799469
0.245535459271683
-1.89324844345162
-0.675947156026963
-0.191743628891301
-1.09190558666006
0.784665432979108
-0.902652830854139
-0.0537111590370892
0.776843131995487
-1.60024903624353
-0.685120689293028
0.898989593179072
-1.77150030678695
-0.684292247761906
~
-0.32923683786959
0.560971373516276
-2.06919487828855
-0.459602666861847
0.244896258384842
-1.89016099909565
-0.675540694183647
-0.191930582747214
-1.09014271509442
0.782008578987807
-0.900630260521095
-0.055036497671114
0.774659901322716
-1.59566185031321
-0.6788520074192
0.901145868536268
-1.76308854117399
-0.67446219913177
~
-0.330871473115057
0.561022677475549
-2.07087927828293
-0.461030479534577
0.245201943939173
-1.89267254096103
-0.677106299745541
-0.192973130239984
-1.09108674935815
0.782282936167139
-0.90248495493494
-0.0553554211343293
0.746072007568596
-1.57106349208941
-0.77613648976461
0.87931063901797
-1.71898808682639
-0.653078389297995
~
-0.330640311334721
0.560400340801599
-2.06951798298672
-0.460532685729448
0.24496305976841
-1.89176321432138
-0.676205737628223
-0.192738416120508
-1.09044692542227
0.781839260462251
-0.902049544746532
-0.0558571323211995
0.77264659437383
-1.5985576909827
-0.669323984592576
0.908000804606325
-1.75869484807394
-0.658202952797737
~
-0.32992280761861
0.560282329380759
-2.06835146847587
-0.460053572833079
0.244596781106345
-1.89064157796027
-0.67545425773896
-0.19248174469292
-1.08961487769185
0.78267000567811
-0.90236788069116
-0.0563390459432145
0.773591336338407
-1.59784785738811
-0.670732487330359
0.909575598078384
-1.7523904430994
-0.629998739555617
~
----
@Both_Hands_Up
-0.478961716310457
0.473273499105494
-1.96670958361937
-0.536671976469694
0.207996720854329
-1.82268585981913
-0.721383551431415
-0.290221595460077
-1.09508605541031
0.716321125243031
-0.818456672321141
0.0107778728209589
0.758950335070356
-1.41246240223796
-0.361695909681033
0.779800378669727
-1.63042627494105
-0.631453877727864
~
-0.503963065574423
0.463291813661753
-2.04988885832949
-0.56190153115728
0.199175584783031
-1.90685150376632
-0.735605760412942
-0.29738881264322
-1.10071887051029
0.729582979381184
-0.869498981729127
-0.00992403637636941
0.810385614164464
-1.49078726009657
-0.372151825868756
0.794742541296039
-1.71047719839217
-0.673417347795657
~
-0.508728605706808
0.459305172022259
-2.06358945503751
-0.561426899097569
0.209845261479938
-1.93217335497984
-0.738158339498336
-0.299132962774583
-1.1001892812108
0.731586907838011
-0.879931352022842
-0.0140006877300864
0.80802217279642
-1.50154785707484
-0.384922941150617
0.79846753258127
-1.72502956731312
-0.680213211615188
~
-0.511488369445893
0.45574285404933
-2.07597815132311
-0.56359190265513
0.203568851579445
-1.94132092420353
-0.738778101148936
-0.300600036138989
-1.09975223630047
0.734226732336253
-0.888653498344855
-0.0182021320982982
0.763391913433321
-1.56827020990641
-0.519177500769945
0.79969819922794
-1.74127530370631
-0.691729499087366
~
-0.471510311399622
0.472475089127607
-1.94442726528414
-0.521633858858769
0.231810603333806
-1.81725844755913
-0.718604962331291
-0.296478060790079
-1.08862525487543
0.714588506515715
-0.807074354549938
0.0136081928900504
0.779047474195699
-1.4035741132708
-0.338592163749305
0.776056994484305
-1.61814411814835
-0.626140180132389
~
-0.42683927107567
0.493146813078773
-1.79110799640727
-0.473095876767827
0.269051852217348
-1.67355897448676
-0.686503580290035
-0.265785013657389
-1.0759035136168
0.68712102384469
-0.708395453248112
0.0475364730819341
0.754702944591773
-1.31473010275797
-0.371921233145584
0.74656557689834
-1.47218452518684
-0.55699224551477
~
-0.509900487303446
0.448601112302672
-2.08318760752509
-0.567810012721999
0.177330741798258
-1.93778969822836
-0.740172150213318
-0.314220419223234
-1.08891161944594
0.738164697176646
-0.897510124469667
-0.0234493778927822
0.81859511725405
-1.52964680547235
-0.382301457731724
0.803848060933128
-1.75359685060317
-0.700717876053332
~
-0.500754395803
0.459554019329754
-2.0432631803667
-0.55271710720647
0.206617280153907
-1.90820575954824
-0.737615498807558
-0.312834520078542
-1.09246666244309
0.731229473554191
-0.869071655532579
-0.0104268791279304
0.758769987136397
-1.56844870812065
-0.553210855118364
0.801229947261092
-1.72857410145949
-0.689598195033485
~
-0.509444788129392
0.458765601414729
-2.06663315643817
-0.562754519674807
0.201207656289572
-1.92853611810726
-0.744892814812633
-0.313696428330244
-1.09712779585198
0.73484033738692
-0.882920714461521
-0.0136209640685088
0.792130981942297
-1.57365844359862
-0.485521581282494
0.801737880182719
-1.73687679347374
-0.686314715514745
~
-0.509688550727761
0.455669145489417
-2.07017402975374
-0.563756454712248
0.196921085591918
-1.92304482783372
-0.74622368187142
-0.318422680452216
-1.09145106558433
0.735047962549383
-0.885932004389366
-0.0170858651695451
0.795351431304431
-1.57558073798142
-0.488090631647043
0.800720439662841
-1.74118390208591
-0.690776082136503
~
-0.508754299302761
0.481772073058148
-2.08744469394628
-0.562335247891957
0.206453362257045
-1.94491608275834
-0.719875560104516
-0.278117570253054
-1.11475329978694
0.736315006414707
-0.889738123984178
-0.0190826569510509
0.820181441394377
-1.52414248477441
-0.371563431512098
0.802170398748054
-1.74783107622852
-0.696027404580566
~
-0.478045271132596
0.489727706013428
-1.97538936074688
-0.527362592468915
0.237373750571
-1.84584528247901
-0.716581954362414
-0.295003703918533
-1.09765570814387
0.719510070058692
-0.820675786767063
0.00847630768611276
0.800667081623047
-1.47300709564605
-0.44203223285886
0.782157731914594
-1.64603944921792
-0.642840473696069
~
-0.503244983833972
0.471572385500385
-2.05872732022314
-0.560487013876357
0.194588470190143
-1.9112562333713
-0.73268470783943
-0.307692193689266
-1.09794537138906
0.733310390903979
-0.876110432467228
-0.0135455552046816
0.819836769978235
-1.50660915633114
-0.360460717910409
0.798018695289375
-1.73049951695727
-0.689245358877042
~
-0.502122541092197
0.467422530731163
-2.05918116838433
-0.560036686678128
0.190440525538991
-1.91151805306798
-0.732147408155511
-0.308053772930661
-1.09413760204924
0.733819266406511
-0.878344744465094
-0.0157861711950173
0.784840777685203
-1.5586154553808
-0.515292653356992
0.799308522007787
-1.73302948897328
-0.692314607520346
~
-0.503290273886102
0.462605395742483
-2.06236226921886
-0.562618218452332
0.184886827938766
-1.91320262637856
-0.731093065821218
-0.307124039706755
-1.09366912325631
0.734733823061492
-0.882142440026455
-0.0176142039029904
0.786851374417966
-1.49777685099194
-0.401765709991916
0.798590092254509
-1.73758120528087
-0.693782984771105
~
-0.471356031784711
0.484591599230324
-1.9370989912415
-0.526643612662069
0.224250571492275
-1.8001425456842
-0.712916740975254
-0.287972448933953
-1.09313418363537
0.710709540740748
-0.798372102156784
0.014658505664462
0.764414328657506
-1.38884303231537
-0.346272712032924
0.770662179597147
-1.61546416260692
-0.630362201957738
~
-0.505016873654328
0.482639035838156
-2.06310192799661
-0.559021574180473
0.208691839080164
-1.91919177154691
-0.736574223156805
-0.30907440683385
-1.0955940214067
0.731587113272242
-0.875116113522576
-0.0128008347436993
0.791380449543385
-1.4953790137817
-0.385042267412657
0.794094930350126
-1.73107979076319
-0.688548908876608
~
-0.492760502051001
0.471672067949834
-2.02634447123813
-0.546808787383623
0.211310632090671
-1.8914965998941
-0.726190635723502
-0.304009283315561
-1.08870893942661
0.727561561469758
-0.856668680693912
-0.00878574031817607
0.789502571870569
-1.47070956261894
-0.371297532451758
0.788491030179765
-1.70152075569061
-0.676409306719693
~
-0.502101362434806
0.463275976875624
-2.05420125857805
-0.561230743301045
0.185754477148164
-1.9053750759956
-0.730254534302959
-0.306552223836693
-1.08803550151883
0.731410314089807
-0.875406551819283
-0.0179049941943952
0.795301194072337
-1.49534771691814
-0.384485705552708
0.792052526271843
-1.72844154163491
-0.693172141595613
~
-0.503975614845456
0.462187408424178
-2.06107300678168
-0.555825351496652
0.200996040006985
-1.92507452042594
-0.726924254608293
-0.30280850132637
-1.09173874845189
0.733175139083946
-0.878840704068113
-0.0187968509528993
0.799502168285046
-1.50275966519987
-0.381780399507181
0.792100007519178
-1.73697718585709
-0.697420098262327
~
-0.511694718985509
0.458834452835604
-2.0805037410525
-0.563846037630715
0.195852428920788
-1.93087692617809
-0.73657804564748
-0.31092849963206
-1.0904155729722
0.735348158033054
-0.890084887377242
-0.0235597219142496
0.799030331875758
-1.51238770149128
-0.402409395005912
0.794655215578852
-1.75574536699065
-0.709299667686189
~
-0.518665097182592
0.459624381342144
-2.09955205166457
-0.574280037378776
0.189272125104807
-1.95102543546566
-0.739835200771812
-0.309620207606182
-1.09558820935934
0.737538444692294
-0.89901661748317
-0.0278600708285721
0.796012140660187
-1.52235405964554
-0.416681382990578
0.797194835209572
-1.77180597920593
-0.721302545486211
~
-0.521186951703357
0.459805274931785
-2.10409895262773
-0.577728821355643
0.18691091459639
-1.94768129438669
-0.746256611031452
-0.315861491162057
-1.09281809125249
0.737586536639396
-0.901964068870269
-0.0287510763421611
0.799414669084186
-1.58599101462815
-0.500302518268673
0.797152997827682
-1.77592892747485
-0.723922576121919
~
-0.520716682426634
0.459805434193199
-2.10294926388081
-0.57555752766628
0.192087920257908
-1.94718863142495
-0.744857529143583
-0.3140921306114
-1.09455618597012
0.738593594099688
-0.901788249867697
-0.0279021225709299
0.803845700178036
-1.58948811457926
-0.503355740750508
0.797653579085732
-1.77519203490938
-0.723129049073444
~
-0.52295668439208
0.461121720529899
-2.09933538890115
-0.579168035241653
0.19152642451706
-1.94571790804838
-0.74804269804337
-0.314355985927089
-1.09403213461171
0.734815987428686
-0.899477365001488
-0.0274744702178477
0.79401154602408
-1.52262688895088
-0.418114090447978
0.792865620593457
-1.77238421047829
-0.72046961257243
~
-0.519770026510532
0.497958600096761
-2.11735372025572
-0.575187126337577
0.202678348191649
-1.96230393473128
-0.730665232037681
-0.28506433871377
-1.11266002872945
0.736617132132572
-0.900591378455795
-0.0270119412761753
0.76883484034598
-1.59759880071417
-0.547343292261428
0.794546906374753
-1.77487228449604
-0.721309532401189
~
-0.518217910735324
0.508482214037936
-2.11951929536753
-0.573970786593327
0.205500161275149
-1.96284033118128
-0.727847095071525
-0.279218337226482
-1.1150671680973
0.737636364538878
-0.90004070792383
-0.0257065659279293
0.792203234367819
-1.53851617282631
-0.447915296725622
0.79755479675161
-1.77274889158261
-0.717326623209889
~
-0.516207109857571
0.515248443775878
-2.121841792832
-0.569760216039287
0.21326090666205
-1.96908775510075
-0.71650349957521
-0.260620734959491
-1.12504082723874
0.738615766312766
-0.901181632336437
-0.0254614393950614
0.771703110952134
-1.58640555031184
-0.532449571653444
0.798533790852145
-1.77376695711524
-0.717157675796969
~
-0.516411668671027
0.518138262663672
-2.11993963173213
-0.576029165191632
0.197250186913104
-1.95173085574777
-0.716820765151075
-0.259670907420531
-1.12415396059519
0.736708180448509
-0.899632197567379
-0.0254329601460937
0.782770259180217
-1.58767713410384
-0.53127218459501
0.795968475775969
-1.77097138375332
-0.716362965150711
~
-0.516885332640007
0.522512104421789
-2.12166702317705
-0.573298567984511
0.208151411051121
-1.96033497994312
-0.717942801959612
-0.259583604386394
-1.12503814134095
0.736729204018787
-0.900230135799096
-0.0252295349068541
0.793116814421707
-1.58997271666837
-0.516874430179841
0.796462943418123
-1.76966127947869
-0.709508560493135
~
-0.504053365969356
0.526102582825497
-2.09134197973738
-0.561030458834432
0.210284343954772
-1.92861441955179
-0.708224972829977
-0.254244904730615
-1.11978100106289
0.733405013786189
-0.882615756661167
-0.0204532080849091
0.781322974516163
-1.5055359652243
-0.396096165179079
0.793008853055315
-1.74159702378791
-0.697186917253779
~
-0.499051671224227
0.513632091449681
-2.07551488739575
-0.559673741705514
0.203537525500492
-1.9156513526438
-0.730889988964648
-0.290812068721936
-1.09841162590554
0.734488852554256
-0.87897140551232
-0.0193277814770544
0.768562958993895
-1.4751003337308
-0.438569206962449
0.788074948172102
-1.68378366228752
-0.642236382448748
~
-0.467535900571343
0.537232780081718
-1.95907419765289
-0.523452367981889
0.241212785962039
-1.80954694315861
-0.693886521688149
-0.246129340679385
-1.11294939875789
0.715439802663413
-0.804508054290753
0.0138176127926775
0.770651436683781
-1.44651433696679
-0.417623438361341
0.771047236931188
-1.6251635545755
-0.633475323166887
~
----