@Alone
-0.265257680435511
-0.67656662818367
-1.10508872439826
-0.443611935365985
-0.690041234084678
-0.890026682693212
-0.803796742531054
-0.455951307769976
-0.393502668900885
0.595769487537566
-0.403396819574808
-0.56800872523175
0.426311575939258
-0.498859472987268
-1.43353124478898
0.332198156357612
-0.508176708049034
-1.80574650505815
~
-0.281804778684564
-0.678854293205815
-1.11742957226384
-0.462173034556033
-0.691693493852672
-0.903371282056539
-0.802171252026273
-0.450759084279667
-0.39418791984729
0.593013893389158
-0.399205471054294
-0.570060892741223
0.427831738351746
-0.496126763144978
-1.43726125969952
0.335087138684914
-0.505084153973546
-1.80511964972518
~
-0.179910344345707
-0.645872111484997
-1.02726661756298
-0.341726542079429
-0.671148089493706
-0.799672671203174
-0.802764088722173
-0.450977782319004
-0.394693067266284
0.598047974119567
-0.395196747886566
-0.570891471949364
0.432985908728026
-0.493384077771603
-1.43797585871324
0.337724046178281
-0.503661435752089
-1.81020333481052
~
-0.199916745744547
-0.658084139683844
-1.0467826121347
-0.368849863329831
-0.67837667256949
-0.824910435039899
-0.802005809710997
-0.450721222565329
-0.395266506379726
0.59233755899922
-0.400361693463477
-0.564720190886932
0.432626866508763
-0.493077514096102
-1.43030975980094
0.339946560841427
-0.50147937057346
-1.80906178071855
~
-0.205644378507124
-0.654578398270533
-1.05089338470527
-0.375645198124431
-0.673894056098619
-0.830509790173266
-0.801718802589478
-0.449245476145198
-0.394240442184052
0.585123704767296
-0.403179980956199
-0.559144292580567
0.417892518922296
-0.466358189951124
-1.37080541040844
0.34007120127744
-0.500131922191582
-1.80470564059641
~
-0.212902221586865
-0.656425955564395
-1.04160747060297
-0.382045345468436
-0.677490974015046
-0.822927180983983
-0.801665029161326
-0.445950191753154
-0.390674500727435
0.58159433331034
-0.409368484554421
-0.551844287998668
0.415833050495432
-0.461296680512453
-1.3723483613928
0.336501416510643
-0.500135410501075
-1.79293754136402
~
-0.215317407494075
-0.655057816384787
-1.03378442228774
-0.384132016503799
-0.677903821669371
-0.815951367856257
-0.799957890971171
-0.439242077625212
-0.387383533311408
0.577884022739211
-0.419596503880205
-0.543344804784928
0.388098937507804
-0.514792611888849
-1.39053363029561
0.333602228421442
-0.499528691555567
-1.77870022553224
~
-0.213736933997966
-0.65020385943439
-1.0285639874131
-0.382412162827748
-0.673578728207697
-0.813276167956257
-0.79163935507135
-0.43143454989018
-0.388094295729217
0.585311331076036
-0.417981672004502
-0.537986871439153
0.411654768433824
-0.495890521301667
-1.38336580967641
0.331223465370639
-0.49629718424075
-1.75675110481032
~
-0.211787648042529
-0.641395460836845
-1.02203753883374
-0.380524874874306
-0.664049068717268
-0.809585722499521
-0.787464578297113
-0.42831158665548
-0.386861456776991
0.601921728820115
-0.437675924523582
-0.508581172347571
0.502919945601128
-0.562197121007615
-1.13257536179288
0.323286738591961
-0.496844286955893
-1.72567412448172
~
-0.207283169066807
-0.640319423712169
-1.00856112804272
-0.375639266204613
-0.659391281398368
-0.797943217210635
-0.784890565582576
-0.427951738893731
-0.38286729108464
0.613478611692274
-0.457205586324773
-0.482793845457441
0.406897270245449
-0.469648892068905
-1.2663412790157
0.317347464903176
-0.497623987310792
-1.70138832365643
~
-0.206159463639253
-0.641512912298067
-1.01246541695336
-0.376992951580944
-0.656417357067317
-0.802666390409263
-0.786232213033072
-0.429193756280836
-0.38312811464375
0.572651497846209
-0.476947385833467
-0.59019717269921
0.364216631031632
-0.531560772357821
-1.41613961579175
0.31668920195999
-0.509256822618698
-1.69377930747061
~
-0.300128187003592
-0.690852264719099
-1.08154982328389
-0.482215353967372
-0.694964344599045
-0.880578339441799
-0.784040779509072
-0.436140837117658
-0.38788248045385
0.586834808794568
-0.478796111072717
-0.578604190067973
0.375889958401419
-0.530879568377295
-1.40446536084793
0.322221217981599
-0.519187007958194
-1.69092850151082
~
-0.312310391409203
-0.715228572372994
-1.08002832353712
-0.49657430980296
-0.719823355822846
-0.881444436206573
-0.784767495788097
-0.441424882737411
-0.39278188246026
0.59369262053803
-0.480999886083623
-0.545405574863345
0.386591174503052
-0.533313959505695
-1.37089187719033
0.331650419803928
-0.53036620321158
-1.68461563214659
~
-0.301203729226454
-0.713456797122388
-1.07740338466367
-0.488015057009713
-0.718628166183432
-0.881008010865606
-0.789856319464655
-0.445594739305535
-0.397891837809339
0.593309593675749
-0.477160452895107
-0.526223899300297
0.420913403049865
-0.53665922619772
-1.28531294811192
0.34135781170844
-0.54156751329613
-1.67813069432701
~
-0.204066883328717
-0.783929305437187
-0.968567333276056
-0.368372535068263
-0.852431761911986
-0.76618854959817
-0.787033437104568
-0.445708342657941
-0.400773012020669
0.597691058994156
-0.508018360531906
-0.534430456010782
0.401119427737411
-0.542312146548898
-1.35830809875043
0.352341132163508
-0.554184384311663
-1.65555949115517
~
-0.273561606065426
-0.973997318952391
-0.962019185938234
-0.441970826042656
-1.08115088932708
-0.782039824788917
-0.786266163856948
-0.448664541914964
-0.406067135514606
0.573543715190147
-0.500741996010779
-0.513779636589036
0.424964665179132
-0.560763229702738
-1.26258422077812
0.364895913698647
-0.56594176245737
-1.64608705642522
~
-0.25029467612198
-0.971440647035512
-0.961658601990431
-0.418738035959035
-1.07663519556759
-0.782780424655272
-0.773703276411794
-0.454160438876107
-0.410074786510753
0.555430409690479
-0.511471946826138
-0.524509606612828
0.442463598019089
-0.573150531162903
-1.29004301312117
0.383447580729616
-0.573170731251252
-1.63575422767242
~
-0.234901045792325
-0.966389122807482
-0.959743627326267
-0.402964624978178
-1.07062238754402
-0.781903086062386
-0.754520962477085
-0.517934022018453
-0.422102560299503
0.562323769710995
-0.502418953832824
-0.515206501610613
0.542283292370326
-0.629454879950212
-1.12874299835214
0.394668617992147
-0.574545969550683
-1.62626978513698
~
-0.228001778003604
-0.96237916258155
-0.954315076170648
-0.39590065760541
-1.06631338438369
-0.778062441774726
-0.758147476637058
-0.491096390734809
-0.410341870097979
0.570806522442011
-0.497367296701625
-0.514262726455204
0.542662789518596
-0.625502018085967
-1.12400598055777
0.397076640896814
-0.575053191579622
-1.61590339355888
~
-0.227802863914148
-0.96487969630956
-0.953577926917133
-0.395023375309568
-1.06918056654233
-0.776105671781561
-0.750672651120382
-0.482269986622488
-0.401910758334418
0.580273068771215
-0.494078194561778
-0.520743862786377
0.467481840111062
-0.540632184231373
-1.26601562692876
0.397302587870251
-0.575518506307851
-1.62200714264417
~
-0.233533810927257
-0.966069217198066
-0.947930629702708
-0.397880569836942
-1.07016026196562
-0.767832426735936
-0.741700057974847
-0.47738280717077
-0.3886845639539
0.601322556474058
-0.479246601191993
-0.523475387146715
0.56380431943933
-0.613367327851589
-1.1319041236715
0.385475420342616
-0.57582713157236
-1.62993314835225
~
-0.255144016590023
-0.975227016135843
-0.94397928716093
-0.416595259080944
-1.08050903468999
-0.759708150980871
-0.747246366146942
-0.483781386931365
-0.381899938015414
0.598258565724619
-0.48030397726734
-0.554193239837014
0.539848785815803
-0.624763630642509
-1.16203351895009
0.360670685993606
-0.576408306124969
-1.64999404689757
~
-0.281520183914775
-0.977349441575669
-0.935200864872559
-0.439695181680216
-1.08337969977941
-0.747447537616997
-0.746572658394808
-0.482692714130838
-0.369470492650178
0.618256278177392
-0.453955096621821
-0.476642499818846
0.424214047865505
-0.513682579353653
-1.27475921890664
0.330857223464756
-0.570704381853759
-1.66454316368242
~
-0.307523812840726
-0.982099217226859
-0.933017581413184
-0.461910665903154
-1.0902844856076
-0.742046193268611
-0.73267145291078
-0.457453511769085
-0.336423601609473
0.621200880892562
-0.456991209400655
-0.53565617633072
0.397190344554515
-0.509245626776002
-1.28864433992319
0.302493450081468
-0.558309119613637
-1.68317228544327
~
-0.343216408795842
-0.977699702526383
-0.925180556301611
-0.495385526435762
-1.08913188296393
-0.733383093633361
-0.75053156507241
-0.462572682259195
-0.33036556812426
0.614105262144782
-0.451803180552214
-0.510050121013005
0.370544435048369
-0.490828216009933
-1.29657566345483
0.270284523726641
-0.538494517333696
-1.69587714066612
~
-0.372210560048109
-0.986267063792134
-0.940391229975415
-0.525743173408005
-1.10112209686526
-0.745963321972598
-0.774591793490139
-0.472100861466789
-0.317780038051179
0.600270178736316
-0.463341200364235
-0.52156417438905
0.359485880372239
-0.481389378075003
-1.32066153032887
0.256838797976975
-0.526284013061037
-1.73170339388458
~
-0.389646565261715
-0.993737006947808
-0.958580822349621
-0.545590771019607
-1.11262561700192
-0.762537885144747
-0.797102513856402
-0.479724221452495
-0.31044777251488
0.648152743402465
-0.538806921570922
-0.746850296520344
0.353324899823009
-0.477647292343512
-1.36608606398373
0.256143291596754
-0.511061246519399
-1.7642479098418
~
-0.396093228687682
-0.989074745044731
-0.966567702107174
-0.552413501445281
-1.11102769045166
-0.771305138398806
-0.808304377464201
-0.481010183886726
-0.307243558512782
0.587464099498898
-0.479468428640813
-0.528331682597558
0.362977364739341
-0.471868271282882
-1.36871652516177
0.252558728493506
-0.49742196811456
-1.77489352652576
~
-0.24079308316799
-0.72139001806182
-0.883007865616119
-0.372108042484815
-0.787811120525404
-0.646703024401898
-0.813849199920104
-0.478752998625336
-0.311310648318253
0.583536970284656
-0.471856924068181
-0.533160081878358
0.357886088546225
-0.449100131181683
-1.36613517455872
0.253333592851536
-0.475219944428329
-1.77782949657228
~
-0.256333524982143
-0.536975470855339
-1.07251013606614
-0.41674806266062
-0.565774287539608
-0.846827123782905
-0.827591711910691
-0.490052866329518
-0.347175574707863
0.578692180873018
-0.45800278467362
-0.542460714918873
0.119332889787134
-0.298335385112286
-1.15314294168209
0.254720825101985
-0.451882142315101
-1.78576519551737
~
-0.135643980829257
-0.463370737724837
-1.21209678582925
-0.289151093474138
-0.478724102597971
-0.979683253017539
-0.810269136841588
-0.473516319681548
-0.376005646108774
0.553505541620101
-0.424272317362797
-0.571774494600617
0.0993748501570486
-0.282833734944658
-1.16558136419527
0.259968398933167
-0.428635172266078
-1.7997837391146
~
-0.0960389917096565
-0.432279074310791
-1.222694397213
-0.238971627096314
-0.446734848868987
-0.983688483754526
-0.746503998629714
-0.424025738313325
-0.404560590260077
0.551979920251578
-0.401270472531591
-0.57740842649115
0.0898925803916719
-0.269806024582604
-1.18189106499861
0.265478483653472
-0.395859854862981
-1.82187795104666
~
0.266263680211031
-0.372520065367487
-1.87267414513022
-0.117570391434782
-0.420628171725288
-1.19843441155061
-0.461231410047314
-0.28829711231277
-0.594373709828909
0.54122921899014
-0.357855370803452
-0.625123946736829
0.103642858517852
-0.270888874982191
-1.22556634044773
0.267349334049784
-0.370840597892518
-1.87269093442379
~
----
@Before
-0.901468686876414
0.552058024972469
-1.53201216857245
-0.939805453904439
0.280771577772073
-1.30970008369091
-0.933342436871517
-0.0555571361509553
-0.799046007235629
0.671968721488264
-0.747168342504851
-0.211582964884157
0.712658488294289
-1.2039366792081
-0.605224753501586
0.719356199047153
-1.32764246482048
-0.76131292917637
~
-0.898975489028324
0.550258847212767
-1.53987474477807
-0.937832780052381
0.281963778594975
-1.31074345143043
-0.935692145047055
-0.0605881610140322
-0.801240961593025
0.674821182383389
-0.749597626323587
-0.212936448775251
0.707424501785294
-1.20785309544873
-0.609786164699959
0.728355986126957
-1.31507485389157
-0.77733830433425
~
-0.896730003903693
0.549216943555731
-1.54398364817826
-0.936811903170685
0.283761180498336
-1.31382427164183
-0.935073061159458
-0.0599860462903778
-0.803701827170888
0.676347868847782
-0.750392636683126
-0.214262071299993
0.705122878721932
-1.21003484054427
-0.611604826227646
0.736649462483888
-1.3120539988629
-0.781021674455059
~
-0.895955319634287
0.548955118017542
-1.54594818066729
-0.933176402266172
0.301958487171789
-1.32711439558889
-0.935107323843666
-0.0598415268022724
-0.805210100489589
0.675106538618183
-0.749490076475672
-0.215542697346642
0.701013396853501
-1.20994572309601
-0.612351781009855
0.737548250923692
-1.31335677300947
-0.779759325001305
~
-0.896834195339667
0.548712533358411
-1.54558199790182
-0.93467997901689
0.306269541897223
-1.32961013984684
-0.93622805898962
-0.0589415845012164
-0.804815052758008
0.672496489382734
-0.748569428121331
-0.216408890161913
0.709713781478891
-1.2106404002844
-0.6095248415763
0.76579771145797
-1.3146499148961
-0.770661757066391
~
-0.897882098580377
0.550762258622259
-1.54242731310621
-0.936841390091596
0.312731427848806
-1.32855737284281
-0.938560755261564
-0.0553673098901134
-0.803058447290289
0.67063894880452
-0.748941884610074
-0.216370610195911
0.72091762623841
-1.21292354655987
-0.604784096248268
0.735181307782866
-1.31563817240636
-0.775229527991875
~
-0.898708210101858
0.551961008606033
-1.53832660175838
-0.938262367636477
0.316826719724257
-1.32617791758146
-0.940024049585663
-0.0528911186093485
-0.801592753687574
0.667881788129888
-0.747978548221534
-0.216406553717176
0.727575802323425
-1.21317574193933
-0.600356313273683
0.71660631032654
-1.31041770512016
-0.773689357563475
~
-0.902696296984087
0.560562079153444
-1.54139373229744
-0.94319931902329
0.322425014935174
-1.32632505144795
-0.947173527072213
-0.0509484650410343
-0.801151281685502
0.674154901928405
-0.753847176490938
-0.216284863593137
0.74007552280828
-1.22203337377596
-0.600999868155186
0.710441513538957
-1.31720153496997
-0.774403534677425
~
-0.905262627805942
0.566266486788555
-1.53999018055824
-0.946019532612386
0.328153261101818
-1.32582906893784
-0.949520952152885
-0.0482791846784554
-0.800602044307353
0.676031593222851
-0.757710276710752
-0.216972154193367
0.747262055517233
-1.22762299712166
-0.600928693354648
0.707370919905506
-1.3183859098726
-0.77500483115891
~
-0.905693177257835
0.56626118727583
-1.54002402542225
-0.947210290370111
0.328269662906409
-1.32525536216489
-0.954500422179612
-0.0506908329093827
-0.798535619624033
0.675326778710359
-0.75600745895975
-0.217339347048736
0.751820526379365
-1.22656796671921
-0.599666443928918
0.699698695035006
-1.31520692602087
-0.771454020221184
~
-0.905336573258542
0.56688237237793
-1.53839616481693
-0.947824093864912
0.329087317625185
-1.32284303117482
-0.954706260392456
-0.0508721323038257
-0.797668200403398
0.67579194971222
-0.756297877305563
-0.217317165132295
0.751860682135735
-1.22625601659017
-0.600392404539776
0.701734944524858
-1.31517558795006
-0.772372842063836
~
-0.904370836735214
0.566981441402668
-1.53371961633276
-0.947143239125055
0.329846461536519
-1.3183481847085
-0.953948648810184
-0.0498697544672758
-0.795821526907477
0.674843325192948
-0.756352827302916
-0.217442000747168
0.75000629680371
-1.22393933717257
-0.602381841217605
0.69688916118082
-1.31433400264991
-0.772120971774262
~
-0.904210875538115
0.566809738726508
-1.53187992615922
-0.947253739065557
0.330574532093877
-1.31708972600813
-0.953753706227504
-0.0495432696809412
-0.795503306923174
0.674861830412875
-0.756923773805774
-0.217683412714744
0.749150305060501
-1.22353812125985
-0.604112905921397
0.700961634196519
-1.3158529835116
-0.774072255773277
~
-0.904646557585206
0.565681704781527
-1.528713269463
-0.947844129981335
0.330531340162455
-1.31414697059965
-0.954255362086339
-0.0499503844235557
-0.795225526227488
0.674959745367798
-0.757027845434644
-0.217766287314352
0.748920007642558
-1.22359256363229
-0.604498366883499
0.701846102027633
-1.31450920227071
-0.775345326921459
~
-0.90409160369703
0.565375600816853
-1.52748701676554
-0.947998530181287
0.33022164067502
-1.31223771291295
-0.954691738472929
-0.0511548074376354
-0.794730285799283
0.673914466811839
-0.756053343807075
-0.218087346305574
0.747512473117713
-1.22218170118692
-0.604965596366791
0.708548446502553
-1.31657260819431
-0.775638487855509
~
-0.903634643991585
0.564210099182373
-1.52506374811371
-0.948168497096959
0.329009612018486
-1.309938473133
-0.954408806673904
-0.0524179981296632
-0.794702173658476
0.671517861322525
-0.753502606639609
-0.218295210984521
0.745025102475722
-1.21918996879382
-0.604334687799382
0.700648315024947
-1.31374689054657
-0.773044307662841
~
-0.903780606234559
0.565571567555637
-1.52383683067575
-0.949338510829768
0.329240870766465
-1.30773309847653
-0.958784256654081
-0.0527816637072142
-0.79156376909383
0.671026842158609
-0.753114637380291
-0.218637442208893
0.745320062954825
-1.21875073402866
-0.604435949563702
0.69660906614546
-1.31254492494227
-0.772133308429988
~
-0.905129603474755
0.568947362548208
-1.52394863445989
-0.951342767044966
0.331317529847439
-1.30753052276379
-0.962142484992507
-0.0514757305705124
-0.790264038138788
0.673259613797866
-0.755641805463614
-0.218910956761374
0.748310841749114
-1.2218235157383
-0.605858632621205
0.693851039605886
-1.3161913559432
-0.771719496791665
~
-0.907279238428352
0.572189039676215
-1.52631343765408
-0.95378083474008
0.333378465900219
-1.30894048856889
-0.966214917249336
-0.0512651720763441
-0.79020641240692
0.676770776121135
-0.758070558296232
-0.21881021817478
0.751863901336608
-1.22535350084024
-0.607465138822927
0.696663675580113
-1.31937259782666
-0.773816791774881
~
-0.907918383956045
0.573622137642639
-1.52480662821297
-0.954692793998565
0.334137059473395
-1.30648687441816
-0.966537402461671
-0.0505936807851377
-0.789601941381809
0.676241354616321
-0.758836227693459
-0.218922228560916
0.751680561884773
-1.22595327519103
-0.607621515748973
0.69512099710269
-1.31838760990139
-0.774184618313227
~
-0.908098428626423
0.573258468197692
-1.52363578382886
-0.95484572058351
0.333543009780489
-1.304581827278
-0.965905027313638
-0.050331724870325
-0.79015869363723
0.674533735652297
-0.758187809263054
-0.219423693638987
0.75033566744079
-1.2246856297946
-0.608272392808558
0.672905458495388
-1.30435344963324
-0.772674998674494
~
-0.910952544879454
0.578892994660667
-1.53095511682622
-0.958086967016113
0.337516228171731
-1.31041554518279
-0.968914442394998
-0.0488091353883686
-0.793678377201314
0.682140886665861
-0.764210009382864
-0.219761776926215
0.756961853127979
-1.2327857631371
-0.612727664078811
0.668128127076762
-1.30513914627899
-0.776074933593428
~
-0.909263990366682
0.575141280422655
-1.52821002196333
-0.956282683346802
0.334386851678775
-1.30816597272518
-0.966140587412537
-0.05083092648985
-0.794266211192525
0.677002103917807
-0.759991276140986
-0.22031855508115
0.752357939914278
-1.22780115496863
-0.611108134732795
0.668655740315372
-1.30661784354977
-0.773209316866506
~
-0.911585764417759
0.579516849203911
-1.53541091211894
-0.958869826818297
0.337466438941522
-1.31421138193185
-0.969202682601913
-0.0502215914459284
-0.797530738129306
0.683383103212707
-0.76500358243393
-0.220437445934364
0.75949075615439
-1.23487844242194
-0.614412541411536
0.71199064162025
-1.33013231825502
-0.783410548241463
~
-0.913601970174893
0.580943189174075
-1.54321978051052
-0.961063697229033
0.337775113429597
-1.32093805518029
-0.972278022810223
-0.0521099699620292
-0.801724739910771
0.688642641862466
-0.766793136197536
-0.22020127883667
0.765355971221302
-1.23954084737738
-0.615747788221713
0.714198180695985
-1.33518579046454
-0.784498877030907
~
-0.914151292819748
0.579655165422325
-1.54108418167701
-0.961119295822966
0.336501250935549
-1.3187438960323
-0.973637087481824
-0.0519673936015977
-0.800180842899266
0.687310469811126
-0.766789363497996
-0.220017245781412
0.76349537127656
-1.23911619728632
-0.615727510314876
0.710176490505955
-1.33557862660116
-0.783008932229799
~
-0.914549100208069
0.579600738433473
-1.53907252600715
-0.961591956609166
0.33629480133492
-1.31619754710988
-0.97212980261781
-0.0505004127271365
-0.800480539376305
0.686835482645539
-0.767522584452417
-0.219463788968502
0.762046838109117
-1.23889954730237
-0.616147354387758
0.706321991170535
-1.33430250389456
-0.782929945287372
~
-0.915753690212679
0.57942922904812
-1.54162312514225
-0.963076631428893
0.335727825642536
-1.31814670338615
-0.973758109035425
-0.050357563506432
-0.802118660823567
0.688585371484726
-0.768060245180842
-0.218769475142763
0.747882737868035
-1.24050206658669
-0.619167325443359
0.751642966539894
-1.35056479253929
-0.786480104967912
~
-0.915330132534919
0.578244098718443
-1.5394023740872
-0.962635760533907
0.335013549865665
-1.31582921188422
-0.971097107853851
-0.0484229336838304
-0.802966840519577
0.687067869385594
-0.767295486855601
-0.218415829154558
0.739491089637522
-1.23903374928218
-0.619511646275282
0.751932566284814
-1.34967358417514
-0.785518440868685
~
-0.916768970614504
0.577801738178675
-1.54144302713758
-0.963898428495951
0.334360726380342
-1.31713613298924
-0.973101246765125
-0.0489805694772378
-0.80354284483916
0.688343366219907
-0.767889077848326
-0.218222715905886
0.744331215513381
-1.24048575310151
-0.619372018620183
0.744483690713937
-1.34958927842429
-0.787056307126439
~
-0.917812158839012
0.576733241910847
-1.54203654884066
-0.964963413781131
0.333515609202072
-1.31794522734189
-0.972963463711547
-0.049803761367715
-0.805542604390589
0.689962350936522
-0.76858221164074
-0.217632726751651
0.733351041551154
-1.24141600836191
-0.621877936982746
0.757099771657945
-1.35329353317758
-0.786218682974562
~
-0.914841857459375
0.570785451450357
-1.53131711153762
-0.961542297100415
0.329812853438091
-1.30956141287276
-0.968529764672644
-0.0501066225545077
-0.80227209724091
0.681122507149008
-0.763148686263256
-0.21799985702179
0.725627196845054
-1.23280363021843
-0.618873797785289
0.743491569778992
-1.34258531668432
-0.783427725235306
~
----
@RockOn
-0.354715416990466
0.501812033342175
-1.34952228186368
-0.525916550724375
0.407378803131172
-1.22785007682553
-0.908750173459829
0.125888932485586
-0.799686049637737
0.654063003788409
-0.670218546291279
-0.176723468581672
0.673479928809017
-1.13857087121116
-0.599956516374442
0.679952262016984
-1.29468831285112
-0.72914037799281
~
-0.263195854897988
0.537808380350197
-1.25001875548874
-0.438559434381633
0.469015671767872
-1.12545524798554
-0.83843966762002
0.170825803573475
-0.742008003306145
0.63304472665358
-0.681117468500876
-0.178626024479405
0.669565442881861
-1.10659428326906
-0.566298869338964
0.681739030584713
-1.24841985693828
-0.684313765433108
~
-0.22731223754854
0.576044769012869
-1.23350100376095
-0.301695790059754
0.558809878929776
-1.16511690989501
-0.777867875436025
0.229342214998548
-0.657243259179521
0.657315521252236
-0.658943089430927
-0.153649131590173
0.659945407161622
-1.10102444907227
-0.526486827035709
0.660822043590823
-1.24838483994413
-0.639588028731689
~
-0.184676135541088
0.599044637407517
-1.23490767317453
-0.27234768911291
0.560577025426992
-1.16715225633826
-0.745924459269951
0.296665299697257
-0.62310421559888
0.663929362451588
-0.662091067754993
-0.143471035291823
0.698107116109961
-1.10969119675121
-0.495484911383331
0.709499716171371
-1.25889123974995
-0.601705299857845
~
-0.163888033154882
0.6002115372767
-1.23953372196223
-0.252422434708209
0.562990557440331
-1.17115204861702
-0.737568044220764
0.337805989198256
-0.630928373427719
0.689803511239315
-0.671155796441962
-0.128477261046819
0.791257363215743
-1.12755780116439
-0.457970997572152
0.825075313874553
-1.2796917403804
-0.556632530540207
~
-0.157464703994702
0.590536076583386
-1.25418062193215
-0.252555566133917
0.557639077564177
-1.17551274646189
-0.728740062265872
0.357026738832324
-0.632115476920251
0.696544374589322
-0.711781014167739
-0.136128674820888
0.695726983322979
-1.14294848810467
-0.514815978764875
0.695454535128886
-1.28667097941698
-0.629898544116774
~
-0.165308438308918
0.554455374092658
-1.22099682943544
-0.26358624275425
0.530766531952387
-1.13539051546623
-0.706824473833135
0.356614999299988
-0.61485112570333
0.648895799779767
-0.669789820969043
-0.130874116412362
0.659362083504741
-1.08154269162151
-0.491186083900187
0.662850859587581
-1.21879364850566
-0.600661649421433
~
-0.170981158525438
0.524157362269017
-1.20671899889042
-0.290045775458876
0.502787841036373
-1.10645469350937
-0.66559852528729
0.363165872174275
-0.643327138484375
0.608989513395371
-0.677613417740983
-0.152876747330221
0.622710757705796
-1.07400220937492
-0.504333011159428
0.627284491441777
-1.20613183532122
-0.611201306514295
~
-0.171901492502298
0.529726986216445
-1.20670916218786
-0.29519418448145
0.510133429086574
-1.10297980974511
-0.6710710665509
0.364390282048534
-0.626617863571705
0.6108928691546
-0.656051694940075
-0.138829833331232
0.617439899537587
-1.05389209374915
-0.488185360364711
0.619622242998583
-1.18650558873596
-0.594364857806008
~
-0.167866326125697
0.543810255868641
-1.21880238994955
-0.332685506171811
0.519442631865298
-1.07694987437901
-0.672805187133842
0.37465880835101
-0.625954216119368
0.628163579819929
-0.663017559706067
-0.129286524191477
0.656988766498509
-1.06863663010324
-0.481577714210392
0.666597147463795
-1.20384292852533
-0.588572178101684
~
-0.174161984872289
0.530071386066037
-1.21340730542832
-0.311760229147135
0.510007628269226
-1.09290852182338
-0.665900449523738
0.366864732618029
-0.633826237954675
0.608533253449671
-0.656615839615671
-0.139501912646129
0.676773819360647
-1.05759829557
-0.476210136953074
0.699520660324703
-1.19125911422145
-0.578197754625711
~
-0.17595243963449
0.526530324378506
-1.21088776482655
-0.325745767706321
0.502586645144195
-1.08593807081661
-0.662634823611527
0.36503029977957
-0.634662872500369
0.604023081940297
-0.654786431874153
-0.141496189829386
0.663870591745013
-1.05528619594397
-0.476435914464385
0.683819747408513
-1.18878606021496
-0.577887453975303
~
-0.148455002160641
0.595334540579124
-1.29663703442277
-0.309234420753271
0.569251543282476
-1.16115593920294
-0.682930898658893
0.417727902431076
-0.660956729904318
0.716560649326576
-0.70931661315938
-0.114855177953505
0.781975375326305
-1.15219578428533
-0.484387254672025
0.803780283992881
-1.29982208006892
-0.596307440234084
~
-0.1698288011214
0.567384784407276
-1.23176169488766
-0.319481927799503
0.542361391256333
-1.10443244761072
-0.667927055011001
0.403591037881394
-0.635161729853296
0.651918653882533
-0.664092687024391
-0.113809187190142
0.702211140588637
-1.07858793901975
-0.470424062388557
0.718975317725099
-1.21675308262258
-0.578660717472561
~
-0.171508724512653
0.593355292526766
-1.30907861864567
-0.309073042879834
0.55914492423564
-1.19144407984669
-0.690127879752567
0.421583381643596
-0.671379043590258
0.719347880874963
-0.717457887749691
-0.11606580888454
0.772677883616572
-1.16149937506273
-0.493316952242683
0.790454567081373
-1.30951314063002
-0.607736261856152
~
-0.228235500026964
0.512098224748661
-1.25697293319634
-0.324634208580103
0.476093408808296
-1.17105026283675
-0.694778691450684
0.344475307640083
-0.644306814310905
0.613025479662257
-0.687102937441073
-0.155741784829373
0.667164365455712
-1.09501207762534
-0.499512833794851
0.685210675279532
-1.2309818783761
-0.603722960237612
~
-0.281955854914277
0.526414882506832
-1.28530268757857
-0.345403752150054
0.482776319670503
-1.21789333961415
-0.717567960780073
0.34960577030716
-0.645388272253337
0.611299734627166
-0.685986927549627
-0.16051825374722
0.667132439476499
-1.09856575769673
-0.507582648038483
0.685743341092943
-1.23609197554046
-0.612783208932703
~
-0.375498256945814
0.577295050361813
-1.38124322044312
-0.414586967542307
0.520741713682236
-1.32020130090724
-0.796034844194386
0.379227781949024
-0.686189884714468
0.613845640495765
-0.714728146991139
-0.178641337751254
0.656614491692916
-1.14869980991835
-0.550024356058733
0.6708707754253
-1.29335703089408
-0.662746516583862
~
-0.405566221701398
0.580246715408773
-1.42995682943063
-0.442470987254207
0.51958344335402
-1.36072737048097
-0.808450029874287
0.37505037424683
-0.693045469917632
0.609635251409044
-0.717948108546494
-0.186730494853399
0.666153224313682
-1.14930671601502
-0.559414866062114
0.684992564157545
-1.29309285633527
-0.672575119323112
~
-0.467124445353126
0.592617854913619
-1.43222111505822
-0.47492426676052
0.532217594857278
-1.40011159042773
-0.848106190166387
0.379787246830412
-0.717755395447161
0.608988831359051
-0.734805689952748
-0.19736796358023
0.640952847429369
-1.16858854364096
-0.590864302744478
0.651607535344962
-1.313182859988
-0.71071529845206
~
-0.448644634171875
0.595562787791657
-1.47372482542953
-0.47951829588755
0.533767368331012
-1.40779731569238
-0.85501119846182
0.380606930557393
-0.724914054819619
0.604420303988905
-0.733908454203298
-0.203949904426677
0.635987781084227
-1.17206975440293
-0.594160884681976
0.646510289373853
-1.31812345743806
-0.712896520812809
~
-0.439901438858732
0.593984091623013
-1.472168655915
-0.467712061360069
0.523287996635263
-1.39972148583247
-0.851151768702337
0.378196067952981
-0.72230007286703
0.604549534146968
-0.732653101483289
-0.20564809962223
0.629006498522269
-1.16580752300416
-0.599883739655363
0.637158819980703
-1.31019239368682
-0.719998124368066
~
-0.436271508747524
0.592969738420215
-1.4651677044973
-0.454374979389872
0.531161886795608
-1.38691604379664
-0.852075305655521
0.372017296200712
-0.730449524539166
0.622373878543323
-0.753358952889003
-0.207715010701468
0.678672992614664
-1.19480367213796
-0.601443634011196
0.697439363971778
-1.34195197630945
-0.72122998643502
~
-0.323629093209829
0.558708877427369
-1.33877250623141
-0.374143078185765
0.499681738553691
-1.26869759589696
-0.748249069426463
0.345408099726274
-0.669540416701595
0.613774625040104
-0.694354893487348
-0.188284112196122
0.591150783283455
-1.09164760699476
-0.569696455299975
0.583609495241744
-1.22407851149723
-0.686228736716636
~
-0.208469977263917
0.580888203246437
-1.25475925359695
-0.314969544777549
0.536857337164553
-1.15342809158285
-0.706440759148996
0.35461857745844
-0.633692765561656
0.623608659046044
-0.656297747608085
-0.163262080305763
0.602606176696961
-1.04703380575534
-0.533832265987013
0.595605349247267
-1.17727912930516
-0.646989275970351
~
-0.115352727585696
0.623617813291358
-1.21044088814177
-0.361803748586108
0.575133765385636
-1.00589495761589
-0.694818897169726
0.364778939123143
-0.627881933701949
0.644945038816349
-0.648428121176535
-0.147488019589408
0.626909568133212
-1.04686979362651
-0.519779426963471
0.62089773718814
-1.17968374351538
-0.633382029437923
~
-0.0994831257249488
0.691987997368993
-1.22190252505914
-0.416291850493839
0.63167787678304
-1.05705411145096
-0.757144836977311
0.38102924386729
-0.653400291919956
0.655130479046998
-0.694874355762207
-0.149259975766931
0.648687377041272
-1.12643119806052
-0.542943589012047
0.646539676372697
-1.27028347882662
-0.662933098547008
~
-0.0611230849226062
0.73095774515035
-1.19788402062247
-0.252480024256254
0.670276680938399
-1.08443211109538
-0.742577741252154
0.392634366897827
-0.646775032587465
0.672114006769274
-0.703725295280677
-0.142083453994676
0.672202525081567
-1.14843663226547
-0.541549204639607
0.672232014991315
-1.29667380937113
-0.663203487218816
~
-0.0180942839235217
0.762083929317683
-1.19281078406806
-0.369351396440789
0.700418259430844
-1.03874957603611
-0.736651394020891
0.406481081280178
-0.650475070977304
0.684819936632228
-0.720633157881115
-0.140881671014756
0.695565227964119
-1.17641019780741
-0.547732101195438
0.699147008298207
-1.32833597712358
-0.671594119244128
~
0.0288680380076014
0.761298134036522
-1.17381828163766
-0.355690761537508
0.709903348430931
-1.04490832700213
-0.715602221988962
0.41891908588007
-0.648769617039357
0.686274946580409
-0.738755883969805
-0.152550240472869
0.682239347886598
-1.19330115481828
-0.55904117933701
0.680894164844743
-1.34481621205561
-0.682807536290793
~
-0.108124910402746
0.749390739206414
-1.12191849556164
-0.337071446081423
0.711102449699668
-1.03796575155678
-0.6888521487712
0.424493597566918
-0.639649503192193
0.683031608953501
-0.730652557017102
-0.144817079135354
0.673705173879349
-1.18005056220871
-0.548389825837886
0.670596378554783
-1.32984996273985
-0.671299656650536
~
0.160482350569142
0.703558903076099
-1.13101356074962
-0.0448638258468797
0.668383881101159
-1.04705522531939
-0.669208543680829
0.420789236097287
-0.628097306424283
0.671892094354244
-0.723248590361927
-0.143648971411789
0.778344218673764
-1.18403376830519
-0.499848510978478
0.813828276219272
-1.33762889204229
-0.607157875618984
~
0.134493685760842
0.652242323432205
-1.10115676013113
-0.0360326005711481
0.654433914062795
-1.05039176639096
-0.655128087213205
0.413621659183298
-0.632258945742944
0.648989971273674
-0.779532389500386
-0.178503679101413
0.628833047302982
-1.209836155048
-0.581427656652645
0.622114080629628
-1.35327074356387
-0.704415111386604
~
----
@Thumbsdown
-0.820218037733616
-1.3548559141367
-0.727681109362127
-0.79894007968225
-1.18980705819695
-0.606694049501501
-0.735106310540703
-0.694660385365144
-0.207992898429703
0.993668790332446
0.00553788936506619
-0.734070913044382
0.853027949035159
0.32040489593522
-1.28173362737089
0.59790189995105
0.416445384287348
-1.44111285570078
~
-0.809678086527326
-1.328455648026
-0.696765261087
-0.789916641246083
-1.16675119964012
-0.578467848696481
-0.730632305402356
-0.681637648983044
-0.188606178160547
0.93860714229969
0.0322072893359466
-0.746651489789238
0.800622932309453
0.328664802524208
-1.2894314789834
0.524912362785667
0.448141987356931
-1.37532532435919
~
-0.805124365569483
-1.30761379895188
-0.677090177089889
-0.785025394613884
-1.14804393976566
-0.559560068255164
-0.724728380090809
-0.669334362206992
-0.172374890556887
0.908138898261891
0.0573793776953346
-0.759277651151374
0.515557424129533
0.427986538567172
-1.29368754966575
0.494130440975461
0.456861254547382
-1.33368766846045
~
-0.798730575796478
-1.30436450696244
-0.674661684824416
-0.778114870412051
-1.14549738747717
-0.557625936182785
-0.716267754258769
-0.668896231505357
-0.172068063486464
0.894936264435332
0.0566150562959169
-0.750550256038774
0.498802348996493
0.418052807809871
-1.26728009494708
0.450566118345893
0.452727356568376
-1.30105361524194
~
-0.802865039558822
-1.30927330793355
-0.656605541894603
-0.779756560663988
-1.1487216870366
-0.543213917126988
-0.710431123979487
-0.667066824345768
-0.168676818225699
0.891973704800773
0.059014476847235
-0.759466807511082
0.496389344425094
0.410176396663579
-1.24174214862973
0.416929401505701
0.45350930124013
-1.27891026070185
~
-0.816800372030756
-1.3083193159907
-0.645672007489839
-0.788935212510956
-1.14788662612663
-0.534043339512879
-0.705339733951555
-0.666588758009097
-0.164882057084842
0.88826780414323
0.0492579947493768
-0.752041782911265
0.489721185233679
0.406470329144443
-1.23117883489754
0.411406597748352
0.450169624396157
-1.26621689659963
~
-0.797764902101144
-1.30474393137948
-0.649736024124027
-0.773816130201619
-1.14507451143404
-0.536301711419685
-0.701969915183552
-0.666066452958759
-0.161744445227624
0.887766153641124
0.0393462448013405
-0.761379029219407
0.487028934798514
0.405889292168804
-1.23026023941794
0.418787069403166
0.447803317831536
-1.26139226356436
~
-0.792646857278971
-1.300567128508
-0.651207356045099
-0.769005553912563
-1.14164611792361
-0.53691325671414
-0.69808154321119
-0.664883287374758
-0.159804498640298
0.888649625125725
0.0259926018991857
-0.768646680903287
0.48955738646769
0.40233581535933
-1.23182540473226
0.430018420152538
0.442451889814859
-1.26193361531915
~
-0.789486654312715
-1.29872588787668
-0.653819916121757
-0.766631679857416
-1.14019355512301
-0.538602924554351
-0.698066756491517
-0.664596456197504
-0.158705475736925
0.887186860861432
0.0132387440287307
-0.77619214213705
0.559281129317738
0.348044072458685
-1.20534111918901
0.444095331170064
0.436893451297834
-1.26411712213544
~
-0.789065463357257
-1.29946904208437
-0.658166785576249
-0.766934941878528
-1.14094953173342
-0.54175178934435
-0.7005432764718
-0.665391303592173
-0.158155814458274
0.886889081824582
-0.00176463692183235
-0.780529350620633
0.571654278497009
0.339850159362374
-1.20615693889436
0.454479832332625
0.433331514423596
-1.26879017781211
~
-0.792872156444194
-1.30367181642824
-0.662479770808343
-0.770992063783129
-1.14449633617855
-0.544906774378202
-0.705351887367505
-0.666969996997051
-0.15763368450458
0.892236753338087
-0.0166231836540454
-0.783245239166043
0.581328309038749
0.337546952323351
-1.21240235816919
0.46484969050249
0.433384069348921
-1.27561232728618
~
-0.795507546983258
-1.30588679223734
-0.673029073614304
-0.774014887902174
-1.14660170412288
-0.553088727300508
-0.709536808355309
-0.668746132868662
-0.158463999318937
0.898753682866001
-0.0290664001364125
-0.787023124743586
0.594319410625373
0.334443911686125
-1.22456626432462
0.478672337722101
0.43379051518772
-1.28579988709835
~
-0.802682083283649
-1.31758234876927
-0.680671224891071
-0.781256130554436
-1.15665943997003
-0.559425929770571
-0.716978375723522
-0.673890506858837
-0.160527672677681
0.909248656127831
-0.0431329323973741
-0.789020907978254
0.609568618705772
0.333094905302678
-1.24066540994312
0.498092963108477
0.434296592230541
-1.29956096660605
~
-0.802126362672179
-1.32492879887157
-0.690418721529032
-0.78235686156245
-1.16295795785706
-0.567297693917339
-0.723048358233263
-0.677045434813543
-0.162462969791293
0.91778989288397
-0.0546874453945224
-0.792870757573931
0.62361467726447
0.33193721068324
-1.25516318462307
0.514097465335528
0.432479745368375
-1.31172671458224
~
-0.81413224447884
-1.33109452640913
-0.693152907173815
-0.794249216636609
-1.16616964035388
-0.567589417012533
-0.734600239319833
-0.671395300817877
-0.154765057646118
0.938622164781254
-0.0491636420591079
-0.791580612770222
0.640569624360259
0.352897032405038
-1.2717569300217
0.53389131985442
0.450189699152093
-1.32658631364479
~
-0.816336474344952
-1.33684286601387
-0.697116460944154
-0.797239677721801
-1.17114319480098
-0.570628716513241
-0.739949181086408
-0.674044287928258
-0.154842002179153
0.941232738982814
-0.0542275953488161
-0.794390481809866
0.645826677237469
0.350020790392584
-1.28161044302079
0.542049889955964
0.444317215957775
-1.33481490036663
~
-0.81419646839459
-1.34071421575589
-0.701043701623515
-0.796041842348686
-1.17460610851748
-0.574102162349944
-0.741577857187384
-0.676282000849451
-0.156866834071718
0.942939669580496
-0.0597166763261562
-0.7980361868614
0.650678626409983
0.342930132276539
-1.28901291085593
0.547917087929246
0.439652918061281
-1.33915731679964
~
-0.816165113517993
-1.33247307138479
-0.695071348462657
-0.798207575737103
-1.165385778945
-0.566903282837407
-0.744334962394433
-0.664124009417213
-0.145724942114195
0.939459477303948
-0.0719473205678288
-0.791528425614757
0.601737902789518
0.381838645914442
-1.32716460569336
0.553273004232863
0.454336565857911
-1.33852670024847
~
-0.827332163541664
-1.33396168989282
-0.695465513267907
-0.806618649672195
-1.16680614962485
-0.56753252425772
-0.744478215935996
-0.665339420948754
-0.147030253558984
0.940391422120619
-0.0694511761124229
-0.797601079029062
0.629749958525736
0.350514322469937
-1.31737641852751
0.551862771079697
0.443538192342823
-1.34406227729713
~
-0.820931269190314
-1.33481643579443
-0.697000799575261
-0.801680155148857
-1.16756629277361
-0.56887009082037
-0.743926813024485
-0.665815755807979
-0.147763692146292
0.912091219679681
-0.120014015835584
-0.657267827834406
0.635642169463424
0.340260616317053
-1.31461615144023
0.549580590223037
0.43710808941191
-1.34653089045447
~
-0.814759187728364
-1.32892264949319
-0.700969488644736
-0.795140581635401
-1.16275816444379
-0.572412470630815
-0.736284763356513
-0.664264386445927
-0.150123376185459
0.926073638723572
-0.137810535347942
-0.660273641635172
0.640084358388573
0.328603634623572
-1.30969049445908
0.540695409335428
0.418559857869915
-1.34843589897612
~
-0.819989841123355
-1.32797866114091
-0.704885992356047
-0.79736462166585
-1.16223489938757
-0.57663112055643
-0.729488963293338
-0.665003614127564
-0.155285161068443
0.985705100969874
-0.152520785180221
-0.751435935465687
0.640809130207443
0.322058270328695
-1.30626015439465
0.537115699338979
0.406372285875693
-1.34777118613676
~
-0.821168083946391
-1.32737164358276
-0.706388468385964
-0.797513719220068
-1.16190726927707
-0.578037678951404
-0.726550625041099
-0.665513931413131
-0.156413821760959
0.962324802843171
-0.0787770305618986
-0.813308625848478
0.638961512042975
0.317735659549306
-1.3016756329621
0.524078648101109
0.404781131632496
-1.34561721983142
~
-0.823773263109921
-1.32772236641392
-0.707213102791356
-0.799139019774347
-1.16240694178378
-0.578810564922759
-0.7252361822865
-0.666460990336762
-0.157027985204343
0.961884785729513
-0.073856835567448
-0.816816762423136
0.635153405331433
0.315818338373106
-1.2983240223268
0.521393289473752
0.402282440898331
-1.34478467215569
~
-0.827199381412298
-1.32743236997551
-0.706525929173205
-0.801290571510137
-1.1624068172611
-0.578308449557922
-0.723564141803654
-0.667329836978526
-0.157114669005251
0.957604576551917
-0.0691132821866839
-0.821101451057658
0.572047409305978
0.344164540961871
-1.32113561923296
0.518075052994574
0.400279526709309
-1.34278166632855
~
-0.82789114312879
-1.32804001446837
-0.705893383132573
-0.801460182806275
-1.16320553983692
-0.57779734787629
-0.722167409131188
-0.668702223235053
-0.156997618986403
0.953893178324692
-0.0643951623728025
-0.825925746489695
0.574041508360814
0.340322151435135
-1.31575615471134
0.516028731674244
0.398572165155714
-1.34124455079901
~
-0.828282056750514
-1.32668852970048
-0.703638176026809
-0.801008362427165
-1.16231863431511
-0.575982445193613
-0.719187386476153
-0.669209055178039
-0.156595818567188
0.94909030833458
-0.0647456339151735
-0.826439095307735
0.563362773837643
0.343460821032077
-1.31873393852321
0.511976138911748
0.396520992889273
-1.33839461967766
~
-0.823786523582965
-1.33107668381123
-0.7030802351881
-0.797352127903437
-1.16623837225868
-0.575676589391974
-0.718049047931779
-0.671723651734874
-0.15703077719905
0.946350316071231
-0.0622442137720297
-0.832402948559884
0.559681513399043
0.345435643293672
-1.32427525735823
0.500265780285924
0.406732314773547
-1.34250490039002
~
-0.813114253977295
-1.33214785689581
-0.702877302981376
-0.789193605221878
-1.16714925075805
-0.575406645294272
-0.717431551964018
-0.672153753319596
-0.156585856001838
0.940717755119664
-0.0580103683876455
-0.837992297075847
0.554910216143611
0.34822494456162
-1.33044214318549
0.493959437515546
0.412827199656778
-1.34666549468759
~
-0.832174749929155
-1.33095338816517
-0.701987250557692
-0.803356143923438
-1.16657286168113
-0.574637860689201
-0.716900218892872
-0.67343149625585
-0.156173025504776
0.931547287948148
-0.0503159693929067
-0.856362664694866
0.549655625464063
0.350924895912205
-1.34414479823007
0.491615494563449
0.414742480510613
-1.3558738967141
~
-0.814720976121048
-1.33547877136301
-0.703430902373489
-0.789670711695222
-1.17041532055783
-0.576127293922048
-0.71451981139963
-0.675224968142299
-0.157798205258492
0.92624912503468
-0.0455995343678875
-0.87014714089112
0.544110618648355
0.352780040604418
-1.35781112356815
0.485535673363841
0.415015620652934
-1.36845386071061
~
-0.816224388607066
-1.33594962224021
-0.703358899073639
-0.790565611839302
-1.17093848008226
-0.576044547407624
-0.713589388565315
-0.67590537469632
-0.15767984902284
0.919779332257675
-0.0411278020719621
-0.884165639693812
0.541351306841804
0.352836703865754
-1.37134375756948
0.481256052803955
0.414141161580044
-1.38142848653036
~
-0.825670969667105
-1.33593725486717
-0.701794131916418
-0.797322062060787
-1.17110162473637
-0.574857063677575
-0.712275232232116
-0.676594841353713
-0.157630879805908
0.914904808878844
-0.0374797793587328
-0.89743700391585
0.538528354419844
0.351425533452854
-1.38947967451139
0.477002742253752
0.412081905675846
-1.39939348286897
~
----
@THumbsup
-0.564646306736749
0.428966443184051
-1.9056982763268
-0.708851315716995
0.0688962706026333
-1.72375284928118
-0.971862614562258
-0.389020303944516
-1.08946546510383
0.686243312537026
-0.929224962128089
-0.333194616893562
0.781527282813429
-1.54588125420008
-0.864914492191347
0.750466242935144
-1.60988471327738
-0.926994178174346
~
-0.505898082911898
0.641913196164662
-1.78253043263117
-0.639750824399695
0.223826015241641
-1.6761826907492
-0.950991833112934
-0.33003768121118
-1.14082963509359
0.713750917824744
-0.958365185124426
-0.329425638454283
0.810218047578765
-1.58674143463051
-0.86424103154915
0.774888516981439
-1.62574295612565
-0.908328298956099
~
-0.49175383136207
0.724912140585854
-1.69586794461647
-0.58551565775377
0.322369211988065
-1.59045741065339
-0.921179755310696
-0.298064856579745
-1.16615254643215
0.747933455730027
-0.843894016353085
-0.200464952732786
0.806743459620636
-1.46935827944035
-0.742257006444439
0.791810614351736
-1.63014926875321
-0.880839239918273
~
-0.467501972532359
0.758214575894843
-1.65281877570695
-0.554195936579894
0.461662932694107
-1.54281787301748
-0.913965232094199
-0.247619732751703
-1.24377188571739
0.813929486915944
-0.901816621749149
-0.195041865437372
0.870634093202537
-1.55023798150328
-0.763841649122508
0.854428950705928
-1.70814409755142
-0.900181223929633
~
-0.470670839315414
0.899358287820337
-1.67763891645143
-0.515989087962189
0.775834099457991
-1.61171377983526
-0.933721273038666
-0.230391448987028
-1.21466838910104
0.828946280671286
-0.908985335204129
-0.191313769111418
0.891631710658531
-1.57126684618497
-0.760960843594755
0.875324443272726
-1.73548269895716
-0.903069919598222
~
-0.468814398101378
0.911770717446211
-1.65764456861143
-0.513551981257818
0.777072090334721
-1.59900676505389
-0.943420234455984
-0.227240738555351
-1.21663744131228
0.824102300122301
-0.902610425352627
-0.187648014494127
0.89155747649487
-1.56853619600813
-0.750089537668045
0.875483184987293
-1.7368366196495
-0.895850052902025
~
-0.466242341962295
0.912269709218263
-1.64107517119618
-0.504242240441587
0.786531530468614
-1.59901328448948
-0.947285053796227
-0.200729848830706
-1.23423391521339
0.821966307223676
-0.888656470191327
-0.177789929258936
0.883270304965621
-1.55121808366315
-0.735890065291717
0.868214282269722
-1.72543742782245
-0.886173912694948
~
-0.466353940126227
0.907447656395142
-1.63224409477821
-0.56009386245153
0.684293249387602
-1.57780855556371
-0.9937543462322
-0.177056733097407
-1.21932524689551
0.815844903351862
-0.876995008567651
-0.172307598252756
0.877683176197434
-1.53705873862403
-0.724132047624423
0.863179750174676
-1.71521715352576
-0.877453999563133
~
-0.48008025549818
0.881976048710608
-1.60595732191323
-0.581340421095655
0.649638271423257
-1.55303508270131
-0.987226645075133
-0.16700935398419
-1.18770162320605
0.777121217591945
-0.840389926934012
-0.168290911404873
0.839105960696583
-1.48191055283334
-0.702486707166526
0.826010696100862
-1.66548058886089
-0.859469294532079
~
-0.49913421301708
0.872162239930645
-1.61146965880121
-0.613626004133796
0.623678784128614
-1.5545355458531
-0.988717533587475
-0.147715084575747
-1.16810670584753
0.718216143261007
-0.887180784613926
-0.232197265638247
0.905706390907317
-1.52473867462345
-0.711724504754301
0.968203118222524
-1.7372580588942
-0.856715408893863
~
-0.540648040179157
0.869141720865139
-1.66656560198568
-0.661394109633604
0.629624807537208
-1.60551435718019
-1.03769889986808
-0.150004603762199
-1.15874120897715
0.722230043830149
-0.864919322100413
-0.223702687555573
0.806593488786492
-1.50656654451785
-0.749825914736425
0.787822485151155
-1.64766705257379
-0.874990836796797
~
-0.568113709162784
0.867812154413931
-1.70617401018665
-0.6948907489028
0.625046457674112
-1.63233981783826
-1.0543428171054
-0.141025815616293
-1.15576686425559
0.730796434717089
-0.851881297040499
-0.21230697770492
0.878226958414272
-1.50502154410186
-0.709465865393469
0.927370444041703
-1.72273491524572
-0.860081588408725
~
-0.591514232268305
0.884433728823141
-1.74009009385589
-0.720917863402655
0.62405976414299
-1.63924210139692
-1.05206952931394
-0.0268275634902008
-1.15888732936067
0.709786345465525
-0.838363800975329
-0.212434943613134
0.83535133260917
-1.48000466319851
-0.71949857764816
0.877206306249987
-1.69388481816385
-0.873550267203549
~
-0.606226663589722
0.909930967708699
-1.76753356550259
-0.734655851519858
0.654218252298577
-1.67373812304936
-1.05958181879018
-0.00621878373689547
-1.16307706491375
0.708858377415563
-0.8353187503124
-0.211569706143684
0.795961219917195
-1.4710856600315
-0.742488811982557
0.780105200079221
-1.63485693819613
-0.884241364420298
~
-0.614959236952112
0.945092991514352
-1.79006290519263
-0.737850123308026
0.674703742254136
-1.68907903662973
-1.05891178880422
0.00372437357314431
-1.15962901668624
0.705491481156264
-0.824326103621778
-0.208734582426262
0.760011369084054
-1.45241538617096
-0.7505829625734
0.745917049359234
-1.6211154999441
-0.895529819096708
~
-0.621426739419629
0.964061602483006
-1.79532484333867
-0.73811953442238
0.692522603634191
-1.6994573967501
-1.05337309429499
0.0180404372395334
-1.15574435882431
0.707283516422868
-0.836706369535688
-0.21533522509174
0.77605582503031
-1.46476969299276
-0.751512761170931
0.760180150248607
-1.62037261726078
-0.886347520428329
~
-0.629459632587095
0.965450397412966
-1.80407867256593
-0.742496884865109
0.702239764976227
-1.71321091488573
-1.05369233464513
0.0220244677654429
-1.15763133952606
0.703896194672991
-0.820113287786885
-0.207762697198248
0.744073927443605
-1.44486754831738
-0.752635330426485
0.730441603958439
-1.61319540259031
-0.897086030620408
~
-0.628576145097377
0.962272658516527
-1.79988770015365
-0.738662954267684
0.704590391238151
-1.71155650731064
-1.03693106227261
0.00183845215381544
-1.16322816712115
0.700210804468113
-0.806722970160393
-0.201827421938406
0.739510493870429
-1.43019456665413
-0.742682294654448
0.72619148668601
-1.60142203908574
-0.88948300092232
~
-0.631597679291958
0.961366565005045
-1.80205945621988
-0.740820080531013
0.705548549356673
-1.7142400600997
-1.0346807574472
0.0227898074098201
-1.16565376344199
0.691842597190497
-0.795282597389587
-0.197466551545085
0.743374643397839
-1.4226552856609
-0.732798036517332
0.73043122133534
-1.60225273148481
-0.886366767546748
~
-0.630965238509978
0.959363022262486
-1.7991828397507
-0.740217856286698
0.702928918264669
-1.71093915782707
-1.03544407455078
0.0242529777250046
-1.16300565724152
0.686186692899451
-0.786974367820804
-0.194770412781126
0.745114362961984
-1.415824868936
-0.724877407188714
0.732521765152683
-1.5994867771654
-0.881630427213319
~
-0.631150787948847
0.960013919418924
-1.79664094640842
-0.739830749846139
0.703852757275866
-1.70882368600417
-1.02532765505055
0.0406545353628332
-1.16625654341238
0.677991407740046
-0.778564424012802
-0.192735261809485
0.728095361073745
-1.40780007152832
-0.725570531984696
0.715813935351708
-1.59427931751542
-0.88447464899121
~
-0.631890825496713
0.968543801613381
-1.79977416379001
-0.740470858935074
0.706661536365076
-1.71335773862153
-1.02592009333554
0.0471918627108949
-1.16949650417764
0.67683881369948
-0.780820440258109
-0.193405490212016
0.736765443710413
-1.41265571435381
-0.723104627469507
0.724453961277269
-1.59959133673816
-0.882397108076971
~
-0.635745617477621
0.957714895010034
-1.80085066571776
-0.745766821692743
0.706055230343805
-1.7206402872666
-1.03945092717333
0.041558539980545
-1.16946127240898
0.679922807168526
-0.793973637642812
-0.19860573337213
0.744996926945031
-1.42868150965148
-0.729257403418238
0.732171777692137
-1.61233307577537
-0.886127808373631
~
-0.630391545399032
0.960515837025378
-1.80114500447393
-0.752087854981558
0.686462737239006
-1.70997259140253
-1.05024871324794
0.0341567023276172
-1.16345686738099
0.680783755585183
-0.797615002150192
-0.199480164705997
0.811933210561789
-1.44520243729622
-0.699219411344107
0.797939372836176
-1.62528261932835
-0.853861266972197
~
-0.628916574989275
0.969572593687903
-1.79967145843169
-0.755692790460323
0.685838487628249
-1.70732300963299
-1.05780196356718
0.0312371933426688
-1.16026464696893
0.681513196738618
-0.800395646198737
-0.200276184982286
0.802863303663933
-1.44679469862289
-0.70602890033436
0.787059477121476
-1.61687471432902
-0.853485351424769
~
-0.633478166731734
0.973156467367108
-1.79672359495075
-0.763185049625705
0.676993023335311
-1.69303199010299
-1.06067496933291
0.0302227313900094
-1.15614048004331
0.682139254600662
-0.80080152276656
-0.200749307166997
0.791148226420012
-1.44422525846144
-0.71153090925269
0.775979870712476
-1.61568010876813
-0.859740991331697
~
-0.644608873954632
0.975710437876495
-1.79628128945323
-0.770673714912424
0.671282704188439
-1.68371865077927
-1.07203365586291
0.0238564560399652
-1.14850408445122
0.682620137176771
-0.803395739119528
-0.201149208536194
0.782975385132565
-1.44481545244943
-0.715927078434633
0.767979414048093
-1.61585986158354
-0.863684218771511
~
-0.653224349187396
0.975818355899625
-1.79541336391033
-0.776752723803407
0.667439416833791
-1.67519296305355
-1.08085856835711
0.0189254605243195
-1.14228547881437
0.682737264950786
-0.801800493818078
-0.199762936762669
0.778726084592613
-1.44215289305346
-0.7160130744957
0.764235688904794
-1.61564741675627
-0.865499257724839
~
-0.656409313522849
0.973041114219452
-1.79253879860694
-0.781721131239405
0.661914673267381
-1.66544883913556
-1.08665931754569
0.0156678203889829
-1.13707712098064
0.681633596202865
-0.801990562048713
-0.199799844012073
0.775887341247906
-1.44098513818675
-0.716940302320839
0.761566334471203
-1.61512837958931
-0.866841890489314
~
-0.661449570668954
0.975575432508642
-1.79545816607813
-0.785709707418575
0.663517885389929
-1.6667078622161
-1.0964367640497
0.00987468772593366
-1.13411038999068
0.6823972412351
-0.803987595035476
-0.200404406555006
0.775342374364154
-1.44464028903308
-0.719576995207136
0.761177926054123
-1.62040394213785
-0.870723499402311
~
-0.663233808022905
0.975107863014071
-1.79144734155251
-0.789971370451458
0.655791188053959
-1.65515610861252
-1.09664665169841
0.010337393594951
-1.1322809768345
0.681452222897466
-0.803518285632665
-0.201098175824466
0.772273803495966
-1.44335458092486
-0.720680478173667
0.758190703802806
-1.6191870615086
-0.871840587602554
~
-0.666014866935381
0.975640555308717
-1.78938538648458
-0.790900297066447
0.656383007718337
-1.65415066165306
-1.09926306373707
0.00915179622194382
-1.13088786172457
0.681866770025889
-0.804779182167671
-0.201567810635481
0.771964407135898
-1.44519928765594
-0.720995010445754
0.757833388317503
-1.6206635466092
-0.871900295594398
~
-0.670666660493812
0.979353323661573
-1.78689024916116
-0.792769436529337
0.65844848646666
-1.65265714763979
-1.1060782424103
0.00767037107013219
-1.12746793675134
0.682098507200296
-0.805352430630854
-0.200401020637527
0.770410557300144
-1.44557217902462
-0.721205362750291
0.756337883990832
-1.62134802696963
-0.872322887609829
~
----
@F
-0.571173128607616
0.831110083188738
-1.63464072516746
-0.684416613910195
0.531792217329433
-1.49179171810284
-0.976023105447224
-0.0566553128662583
-1.01279192218484
0.695415657192608
-0.782415200963553
-0.21748094584649
0.818886967633369
-1.36554651544697
-0.671194806879515
0.785058115532285
-1.57065090325061
-0.863881503411649
~
-0.570737320396652
0.820412750643103
-1.62249543285834
-0.682404745692571
0.524486522547548
-1.4812616109431
-0.97419295372261
-0.0581180713230288
-1.00503739852253
0.682304902567109
-0.774482296372436
-0.218893975016795
0.799606353918127
-1.35141496105293
-0.668823227546623
0.774156379673138
-1.55710043266834
-0.85760472879655
~
-0.569918945954426
0.815183622563037
-1.61706713743896
-0.680915947194086
0.52086142866823
-1.47654305132328
-0.972143197601405
-0.0530944985530881
-1.0028735628141
0.67664295652473
-0.77030622146732
-0.219748428157259
0.794885872854464
-1.34400228836712
-0.667167906895272
0.769026477025175
-1.54861058836692
-0.854879051230973
~
-0.574214141678665
0.834774492101811
-1.650169954573
-0.688149053671623
0.532669713998764
-1.50584442436095
-0.987347883262714
-0.0488410141389526
-1.01996546780262
0.703909568274443
-0.789919476048064
-0.216832459277497
0.818795694462184
-1.37812908613717
-0.677173340618513
0.794826314713027
-1.58880928301743
-0.868915354888006
~
-0.572826904764065
0.824551203309774
-1.63376685971212
-0.685286411880941
0.526156178072058
-1.49134212996814
-0.980872098947325
-0.0432857670193375
-1.01171387399814
0.689426376445599
-0.768206313550686
-0.210717216766726
0.796542492817899
-1.34877694595975
-0.666593261305104
0.772475337763514
-1.55668757651859
-0.855768881692681
~
-0.578212720084914
0.860105521830783
-1.68654658859322
-0.695611853060714
0.549025077410239
-1.53798553221445
-0.976022297592852
-0.0444360317823835
-1.053328122076
0.736029675162621
-0.799926093314744
-0.204323773927982
0.851042604814947
-1.405970779898
-0.676807901976027
0.807434137754238
-1.6143446274914
-0.879485659312384
~
-0.574172095572364
0.827555444743544
-1.64288207743525
-0.687871193856456
0.527085535698299
-1.49916234758338
-0.9639607951324
-0.0442325702091867
-1.02741223203178
0.693872496703102
-0.774344264712735
-0.212810922267204
0.798887340563908
-1.35819403239881
-0.67168555015172
0.767030976950376
-1.56407645399908
-0.864169424875835
~
-0.57368197720761
0.82021073277374
-1.63275310818645
-0.68637665637681
0.522256490287359
-1.49046901115528
-0.934325222757771
-0.0440512485850954
-1.03529493800141
0.683465358432817
-0.767949402759731
-0.214722428150014
0.789011741277163
-1.34647862046501
-0.669899822672194
0.750469515825502
-1.54789730784941
-0.862352239063209
~
-0.573651364309999
0.81766942488064
-1.6293453406884
-0.686155683148181
0.520368262880586
-1.48726424313278
-0.91858386213021
-0.0457150865331389
-1.04064007556684
0.678870722821617
-0.764535595128027
-0.215584481206887
0.783383302112647
-1.34122109101117
-0.669490032490901
0.738870192503351
-1.53886199343425
-0.863245023682528
~
-0.573592151883753
0.815176248061612
-1.62465227207311
-0.685564643058479
0.51888491690448
-1.48331806670069
-0.949155303307632
-0.0415922825807147
-1.0225058550459
0.673978467543067
-0.761006424250022
-0.216655210746418
0.74815142545779
-1.33117887157376
-0.681063726998684
0.688345666722764
-1.52090254716415
-0.877132991130876
~
-0.574362228268836
0.81636644753688
-1.62352118758089
-0.686197463810227
0.52021223702117
-1.4824117504697
-0.938917917954368
-0.0444600166698721
-1.02700694770164
0.672674892069602
-0.759162781509784
-0.215986057186889
0.746645867159098
-1.32915742866741
-0.680299322069432
0.686830031962433
-1.51891304023518
-0.876401806722156
~
-0.576862189221654
0.817076335634107
-1.62601786097331
-0.6886215523934
0.520841767686852
-1.48489773446374
-0.965993858943684
-0.0562249761643639
-1.01284539836078
0.668061587741849
-0.75848844856666
-0.217200896188918
0.745097750987012
-1.32950810326407
-0.680879897687459
0.685191380730433
-1.51955093269079
-0.877279211405868
~
-0.576132715856294
0.815263848110413
-1.62325310766304
-0.68764483594332
0.51961780219974
-1.48245785109381
-0.97272786884802
-0.0575974742611418
-1.00660081301696
0.66614030909382
-0.757012287010465
-0.217698301858704
0.742016851645838
-1.32670472704364
-0.680624932944452
0.682213895687016
-1.51641983526251
-0.87668483929769
~
-0.575257395508589
0.813627887787852
-1.62172881611564
-0.686605190422411
0.518536903975416
-1.48122032181839
-0.972473284983594
-0.05560900354655
-1.00485029797133
0.665159264597745
-0.756142082499516
-0.218546253827835
0.740560411846297
-1.3248642121724
-0.680998045452123
0.680818802073301
-1.51438472012193
-0.876857317776544
~
-0.574076463390569
0.811776478643817
-1.6191004967797
-0.685105559196516
0.517450162641265
-1.47901562454107
-0.941673981789641
-0.0512063426624529
-1.02040715325056
0.664056536032274
-0.754629068924354
-0.218662860890568
0.738831388657771
-1.3222872568804
-0.680430182699607
0.679169238149522
-1.51155602699465
-0.876029075506769
~
-0.575189185576918
0.812158510058313
-1.61990210266218
-0.686305246595017
0.517660424949263
-1.47987345857881
-0.924213379069582
-0.0492797749594513
-1.03076500056946
0.663875822942815
-0.855228970866788
-0.276249694153693
0.751870847468624
-1.41163891818487
-0.751150532255901
0.692148217030719
-1.60109967382443
-0.94694773977773
~
-0.574299226247727
0.810619592467658
-1.61771122292625
-0.685259930005568
0.516805995793871
-1.47802779810824
-0.91527314394533
-0.0492063176166485
-1.03425034065065
0.665583669321269
-0.765502193419628
-0.222020615159037
0.737665752684557
-1.33024351870741
-0.687627502259359
0.677999968543836
-1.51952373750693
-0.883239206736811
~
-0.571426254489627
0.808322245990901
-1.61326418582664
-0.68224153891313
0.515710050908232
-1.47391497488283
-0.930576739529213
-0.0406533692185038
-1.02378116407827
0.664025206184568
-0.761356493064079
-0.221401542031762
0.736162171095112
-1.32480473684185
-0.685261078198186
0.676637564575647
-1.51363682045096
-0.880409209827872
~
-0.570411727889241
0.807958262179991
-1.61369510344884
-0.681267059547474
0.515332676865423
-1.47421296616097
-0.926479790095754
-0.0425134827777965
-1.02601076999608
0.664451977146722
-0.758640343522711
-0.220781685833374
0.736923903140356
-1.32295946803358
-0.683841446925286
0.677352345863614
-1.51194049760091
-0.879143074800617
~
-0.578029920192343
0.868706436730629
-1.69995513204307
-0.697170139520896
0.554979061407082
-1.55007970372736
-0.945528944241069
-0.0435298041699937
-1.07813242054124
0.746117497551529
-0.813365147118518
-0.20869512128929
0.830012618182745
-1.41973139146433
-0.702310114980342
0.641836223818935
-1.40333933010326
-0.815967151082333
~
-0.569926745520885
0.830585521824747
-1.64006375527035
-0.68396064003852
0.530993698044409
-1.49668586429051
-0.916618035771062
-0.0421455596661478
-1.04905956093705
0.695670559956101
-0.775093789450351
-0.213879718541652
0.777299523039153
-1.35545426720087
-0.68448218897497
0.59858296541018
-1.342892797281
-0.795367814662975
~
-0.56917588595986
0.819537232880299
-1.62597824078893
-0.682167794926164
0.523349597637326
-1.48392896436725
-0.908474274674156
-0.0439061399848817
-1.04308124246076
0.68195450097451
-0.765021167969178
-0.215415061223327
0.761452516461087
-1.33847798657019
-0.68077963932317
0.584199800860653
-1.3255762459338
-0.789200160864739
~
-0.568228794349674
0.814068585939881
-1.61758119041268
-0.680941046136906
0.519716375241826
-1.47596883427873
-0.932576542631749
-0.0381371169047828
-1.02510525645832
0.674928558429445
-0.762713931161537
-0.219012938100705
0.753741026712265
-1.33215516107319
-0.681586165554408
0.577174951628816
-1.31855625937467
-0.788317274203678
~
-0.566620188060242
0.810313007996932
-1.61150373191249
-0.679128348650265
0.517143264432621
-1.47037870378142
-0.925155535383632
-0.0395798019981077
-1.02434269504511
0.671301169191589
-0.75901034680565
-0.219785842426122
0.7483950270729
-1.32557263806625
-0.680891393921788
0.572691603208562
-1.31160605858089
-0.787115997302177
~
-0.566321503670643
0.808244438215033
-1.60752336572935
-0.678106827050419
0.516172466566371
-1.46715472466419
-0.913101693367297
-0.0416725452489167
-1.0275203106374
0.668721332715141
-0.75736955475913
-0.220291124406393
0.744256348538138
-1.32183758837959
-0.680874926183435
0.567799259498251
-1.3059231064758
-0.784308796567265
~
-0.565364533816129
0.805688775192461
-1.60262559007691
-0.676522761165538
0.514598858872543
-1.46265697237808
-0.918093145086688
-0.0408426944681001
-1.02169314911655
0.666074650289728
-0.755735531620555
-0.221340619084076
0.740855403828986
-1.31793292808561
-0.680802325553726
0.5650771166462
-1.30193587056223
-0.783891375409153
~
-0.565205362039054
0.806469814662456
-1.60000164450355
-0.676358960048553
0.515467183393457
-1.46040195451358
-0.931685423391632
-0.0368300823418786
-1.01275994269201
0.666108127071403
-0.744613336537432
-0.21433328772688
0.738103646412189
-1.30619710979516
-0.67383877765146
0.562103340159132
-1.289885523835
-0.776011311378117
~
-0.564856775006633
0.828705397625897
-1.61954604838942
-0.678088856307767
0.532272004791901
-1.47790131738405
-0.930616364271562
-0.0332463289006261
-1.0272015373351
0.68946907909621
-0.751091865427557
-0.208366724814302
0.799126582010517
-1.33135099573687
-0.657700660501899
0.619067655755116
-1.30749508337138
-0.759126550148342
~
-0.563714856732991
0.819611168471362
-1.60860389629264
-0.675893473535832
0.526639216541212
-1.46896542085486
-0.933300612196159
-0.0329222989040714
-1.01853945410409
0.679956086352135
-0.746490323143804
-0.21089600127331
0.77422680834431
-1.31971227781239
-0.662889474590446
0.59464496946965
-1.29649188655529
-0.761642388271688
~
-0.5580831120074
0.777227142394874
-1.58215355151053
-0.666497347484605
0.494335708500386
-1.44777134209162
-0.902569714133319
-0.0518945497462706
-1.01763993359331
0.645951763926157
-0.742535248278167
-0.233495701225344
0.732847644686806
-1.29555980565348
-0.673710561735241
0.559167658135784
-1.27360994624447
-0.769418971697304
~
-0.560754424452733
0.786457065321988
-1.58713853933911
-0.670210902235618
0.501299046369774
-1.45201693349722
-0.931794286323833
-0.0451964565957988
-1.00621785374395
0.65203473603381
-0.743424780594658
-0.230177999394388
0.734214860772198
-1.29959913773719
-0.675368238098609
0.559352074652721
-1.27772265213637
-0.771789385630526
~
-0.561902756644654
0.789796850978765
-1.58829792078057
-0.671885243135218
0.503932697055823
-1.45293313474142
-0.926976369220582
-0.0442547132184604
-1.00928590298179
0.649856753554177
-0.847292320216649
-0.288677300032135
0.751668960405196
-1.3919117753988
-0.747792543046672
0.576404045811766
-1.37002058364735
-0.844525302515399
~
-0.563695356241472
0.802152242622467
-1.59626683404309
-0.674835347230803
0.514074436544611
-1.46020092901494
-0.944784606534296
-0.0540536210537063
-1.00241473638448
0.665108624190247
-0.772700532987218
-0.233341513193052
0.742140792456885
-1.32758345417622
-0.695792442225322
0.565261217240201
-1.30553134270242
-0.793597524780662
~
----