@alone
-1.33543553633464
-0.84331364712837
0.0349642224408137
-1.14256044740163
-0.844171767669791
-0.109259041314206
-0.563935252220077
-0.846746200911524
-0.493642041652622
0.475144197740775
-0.225082307293313
-0.84724786339379
-0.033222682486227
0.268213786164072
-1.03780046934919
0.258843284598389
-0.0219218035984411
-0.98061907495382
~
-1.36993331021554
-0.870546141521704
0.0303638288838204
-1.17212107755551
-0.869284909915253
-0.116040919683445
-0.578684599149178
-0.865501288287148
-0.505911967285304
0.499977145055933
-0.25125895304057
-0.848409539686067
-0.0172879194467867
0.258596046413627
-1.03032053430691
0.26378203067448
-0.0345102229386532
-0.992039168848143
~
-1.38805310071795
-0.885051791213834
0.0297436406437694
-1.18637529057373
-0.884530902241679
-0.119383693930463
-0.581341822838817
-0.882968160720662
-0.516475665361226
0.52858465536145
-0.262455628924407
-0.860907865555405
-0.00401849951248606
0.250694874315156
-1.04986477917553
0.24932926599348
-0.0153462772868723
-1.01294030132926
~
-1.39279991985586
-0.872190267527919
0.0389127754552665
-1.19039049381099
-0.876815008095503
-0.113723197952313
-0.583162517370254
-0.890689229798257
-0.520788462506205
0.525476200522443
-0.246574578426853
-0.877184243665551
-0.0201470215354228
0.265702383831759
-1.06391282976451
-0.202021428888045
0.436461371251296
-1.1092082404725
~
-1.38589143412623
-0.841798361448815
0.0353991373024626
-1.18781805144206
-0.851024523930189
-0.115931002194181
-0.593597977596596
-0.878703011374314
-0.519899339008369
0.500607528244838
-0.238326152654601
-0.852008834064219
-0.0365117050459085
0.263475942123531
-1.04227481884903
-0.215551461843999
0.430743307049575
-1.08902288549478
~
-1.3129280096823
-0.747937026760955
0.0491176573980937
-1.12670966283756
-0.777568092215048
-0.103939088237642
-0.568054730690651
-0.866461288577329
-0.514406429826847
0.527493311520356
-0.204503465533218
-0.836530604488202
0.00374750907128333
0.289108426633304
-0.998689282294044
-0.170834431099925
0.453645736065179
-1.03650778011239
~
-1.3662599928653
-0.801183928018356
0.0447763328785701
-1.17021231543512
-0.821088822338092
-0.10943730791759
-0.582069134231641
-0.880803579753767
-0.521898144808513
0.547966061579302
-0.222683603980952
-0.862584137885225
0.0040294351332984
0.283598339062576
-1.01918574652194
0.267703986547393
0.0184206604732161
-0.989013007444039
~
-1.3808649896163
-0.820557145271078
0.0441750234161339
-1.18156688124531
-0.837300286298539
-0.11141422542883
-0.58367274464896
-0.88752978478757
-0.527368448995737
0.565564102359121
-0.229709759811992
-0.873660202550514
0.00581569992601467
0.272714735994082
-1.03458432083859
0.274814245555766
0.0160765274186736
-1.00069204939766
~
-1.38523223617609
-0.81914253050398
0.0441269897200907
-1.18508540324215
-0.837337387052879
-0.112311559934539
-0.584645056035697
-0.891922032497265
-0.530555331609604
0.576872988273592
-0.230022909421516
-0.877265487925533
0.0132201783420591
0.274699091306097
-1.03472033301063
0.278217089502286
0.0189109362778309
-1.00393070486168
~
-1.37539733426317
-0.803361502575842
0.0464906021337715
-1.1768698328078
-0.824866317446156
-0.110047122292866
-0.581287555008515
-0.8893807620571
-0.528778224578545
0.582030580845752
-0.226007392750767
-0.875732358838931
0.019970561108061
0.277117843084515
-1.02844593768501
0.293293957744048
0.0179135799653698
-0.996936536880815
~
-1.40759713396231
-0.840331409671691
0.0440411809258452
-1.20368989424915
-0.854703985805834
-0.112565696788118
-0.591968443399202
-0.897821637554115
-0.530748722917125
0.586097080590426
-0.238325105565146
-0.886876843292294
0.0151324870323655
0.271454645148269
-1.0430081586708
0.313891378098052
-0.00326567751240732
-1.0064392241119
~
-1.42691113838895
-0.858692086839377
0.0433441749560216
-1.21998183020604
-0.870619619259938
-0.113872947033026
-0.599194060555305
-0.906402293970615
-0.533354670206167
0.590835919951025
-0.246760609726491
-0.892988457256039
0.0141275485624944
0.267922927921738
-1.05295439896309
-0.178108581687765
0.439484107137814
-1.0888870149274
~
-1.44008652768024
-0.881136909589793
0.0394332475372687
-1.2306100227418
-0.892086362356897
-0.119073772387901
-0.602180586206176
-0.924934720658208
-0.541871881637948
0.600094079666236
-0.259194825771015
-0.892324821924598
0.014509946683302
0.252459365512169
-1.07704333318744
0.287705587901401
0.00786926358378152
-1.03399544174433
~
-1.42883371327484
-0.877860175789396
0.0325988267184517
-1.22097321705455
-0.890670569142379
-0.125098810379212
-0.597391611717031
-0.92910174920133
-0.545809517575361
0.599373869789466
-0.259793291127225
-0.878038895209569
0.0165769676037309
0.239891778666136
-1.08793703200691
0.317958173491519
-0.017155051664792
-1.03159902361986
~
-1.43902556560108
-0.886862235966839
0.0333460501404191
-1.23006976940332
-0.901226720928475
-0.126517507995771
-0.603202616207221
-0.944320097347657
-0.55327155992412
0.602119671497371
-0.265086919859743
-0.876742746752249
0.0120457246923216
0.230696373214946
-1.10518597666079
0.326216251383834
-0.0293714865161493
-1.04184561830844
~
-1.43703710518794
-0.89125577545534
0.0288168433590779
-1.22856120271274
-0.906573179228483
-0.131592795425145
-0.603133377573847
-0.95252531207238
-0.559985391315915
0.595071586114298
-0.265963712987772
-0.866545350716681
0.00338321754070098
0.218909018530337
-1.11852243820296
0.325829606801178
-0.0392789168857306
-1.04607037362319
~
-1.43462254812902
-0.893849423041806
0.0265691984663812
-1.2262855545477
-0.908937685665983
-0.133430337262957
-0.601274495431297
-0.954202551910959
-0.560666735242061
0.592337098023211
-0.268913954146165
-0.867538422587139
0.000611285458149437
0.213562241065629
-1.12070837188299
0.327155474704759
-0.0459309928197427
-1.04645142311269
~
-1.40372110840776
-0.858343004321557
0.0308870824127386
-1.20248596417733
-0.873069740395319
-0.123862836140501
-0.598780607234223
-0.917250024364798
-0.537122848441456
0.557323887350705
-0.256813589916681
-0.841131244684207
-0.0150560323976265
0.210270587306709
-1.08226076448213
0.30343697082596
-0.042025389959858
-1.01018484566378
~
-1.40651549857364
-0.861007032544247
0.0256259745065935
-1.20507785336275
-0.874800522238527
-0.128104469740141
-0.600764917730087
-0.916181066924916
-0.538409169821141
0.551849005009035
-0.256776920600698
-0.842857710465236
-0.0174444418302878
0.21049138769313
-1.08653853686892
0.300935111365682
-0.0495379881815503
-1.01488421383124
~
-1.40252681068182
-0.851044657456769
0.0298448804094033
-1.2026515847441
-0.865621601260516
-0.123071826653031
-0.603025869376973
-0.909352507779671
-0.531261704093007
0.524500395857263
-0.244571541408338
-0.844322302062535
-0.0413616837265881
0.219717525503526
-1.08501702647807
-0.229982383180198
0.374480554066474
-1.1483951867008
~
-1.39844463146109
-0.852133086589902
0.0239447926958218
-1.19966216030524
-0.863333514053183
-0.126523179263667
-0.603314635292238
-0.89693487080666
-0.527861332364898
0.518698710155228
-0.248711274710151
-0.841543798061802
-0.0388150097246386
0.211151244263928
-1.08713207900727
-0.2246529287452
0.364438750588621
-1.15230645003304
~
-1.40324182310758
-0.855810003028286
0.0271898905803557
-1.20350551041468
-0.866521212765165
-0.123627955915115
-0.604296646989992
-0.898654916629824
-0.525813359144344
0.527614275438742
-0.252311183569051
-0.842338946087251
-0.035282573176308
0.200288827108093
-1.10020618057322
0.302480477901399
-0.0642237164630727
-1.00798905362987
~
-1.39075875400207
-0.851485761405252
0.0207349799966646
-1.19352923795966
-0.86098604248375
-0.127663459387545
-0.601840579406862
-0.889486885719242
-0.523288880107828
0.498530967255477
-0.243553389017566
-0.846941260909845
-0.0523908846145043
0.210331796852438
-1.0954571296626
0.292919450023942
-0.0701078321764576
-1.00262661096646
~
-1.37687918653618
-0.840663826405764
0.0196024812727699
-1.1817766605373
-0.848950089354022
-0.126411569788701
-0.596469046201566
-0.873808805520566
-0.515521506228538
0.48114737473158
-0.235152936215394
-0.841638023559809
-0.0609609179197069
0.218147175394487
-1.07957084753426
-0.241663688193322
0.369247212597781
-1.14257124375283
~
-1.37429517893318
-0.830621613837899
0.0283557400616823
-1.17961245336922
-0.837485699726233
-0.116516282128994
-0.595564385230169
-0.858078029759798
-0.502409200101426
0.486579354777282
-0.228400388193389
-0.828745106029975
-0.0534891431843524
0.221050039834125
-1.06916765852794
0.283038861766531
-0.0596838650897933
-0.981237827441361
~
-1.37003046858478
-0.835045520003205
0.0235323557434591
-1.17592152931399
-0.840488499335841
-0.120299698709405
-0.593594675480213
-0.856817437333752
-0.50329548121242
0.475449309316254
-0.227763572743965
-0.836297002890547
-0.0612862888597144
0.224390725907867
-1.06654038864709
-0.240198154918371
0.375108831462046
-1.12712177450913
~
-1.36517957039436
-0.840428283820543
0.0206157953966007
-1.17147034431002
-0.844172151444659
-0.122463356976932
-0.590342558340489
-0.855403754317008
-0.503361655605766
0.465328617489512
-0.226806154086218
-0.843345768157972
-0.0703647658220662
0.225118236017649
-1.06740161396563
-0.248929226925926
0.375759699385604
-1.12597413031501
~
-1.37768261126254
-0.853568420351821
0.0261412691153417
-1.18081339658787
-0.856912040492469
-0.119368407098036
-0.590205971578288
-0.866942900914413
-0.506761112651185
0.484174374562656
-0.227861598432607
-0.853766099116796
-0.0611943079728021
0.231387146551213
-1.07936642841968
-0.242983868817955
0.384470067629554
-1.13818756914549
~
-1.37161222589271
-0.850807436066443
0.0236900379139606
-1.1761970931209
-0.853874483546024
-0.120683140998696
-0.589951513653506
-0.863075698445548
-0.505031644755673
0.487670693762685
-0.234795619889991
-0.845384570846099
-0.0569976503753682
0.216561788213257
-1.07015066759077
0.244202976654009
-0.0352278684472692
-1.00169204039799
~
-1.3632937215779
-0.845929971258178
0.0214620672636671
-1.16951288220252
-0.849588107934469
-0.122615031155242
-0.588170400089476
-0.860562517963341
-0.506366670056767
0.483782165111138
-0.234720725201316
-0.843811249714738
-0.0607231853423226
0.206627857556542
-1.07567210417891
0.239658460642237
-0.0328889096210378
-1.0001696728486
~
-1.33767713034748
-0.785217732931593
0.0461692216115847
-1.14772644621142
-0.804752531928432
-0.102742017996539
-0.57787439380325
-0.863357001145934
-0.500855420280772
0.51557851177469
-0.210806099364847
-0.831516042220307
-0.0251524874140628
0.243803358133855
-1.04947945650652
0.277305122386007
-0.0189400097837131
-0.987615600182672
~
-1.34722402162454
-0.802491265584001
0.0442255127022706
-1.15535875418323
-0.817068830810053
-0.103753986009313
-0.579762879450095
-0.860801454079009
-0.498944290727996
0.522065055570562
-0.220086500219524
-0.834381653615576
-0.0190210644782184
0.238141625952272
-1.04913315249641
0.285345980787219
-0.0256256887526708
-0.987185922228822
~
-1.36899627081506
-0.84371209771502
0.035457964141487
-1.17327011526031
-0.853316860411358
-0.112853267318943
-0.586091611938074
-0.882131075184372
-0.508423298302311
0.529713293523188
-0.240400151791363
-0.836222657440803
-0.0186096355444105
0.214891553879388
-1.07433572574896
-0.201383969672277
0.366655455769639
-1.13725229180705
~
----