@Alone
-0.489460408961896
-0.273123191556812
-1.08960202108033
-0.632447486201003
-0.385127168035593
-0.981173157378488
-0.797270880698884
-0.536037336917257
-0.424707119501096
0.550250414330132
-0.538060198999524
-0.552184164446231
0.101882227288858
-0.641984287931422
-1.16301801105263
-0.0300277353588373
-0.531197944924955
-1.30729657273085
~
-0.467290606403862
-0.254510135624031
-1.02728998517337
-0.610635195224972
-0.36679418322437
-0.918590129909848
-0.797590300732741
-0.567511822956517
-0.38549665590854
0.546110460563668
-0.540180512114524
-0.552919416776046
0.0856995843772059
-0.636642082179972
-1.16837446774798
-0.0514503450785847
-0.533668189403829
-1.31030895560043
~
-0.44517260416106
-0.237411950463565
-1.04074031764391
-0.589342955895031
-0.350342812636065
-0.931414132820268
-0.774613398414571
-0.552269536565743
-0.394335237923438
0.540415181572191
-0.556403770349523
-0.570804217845978
0.177367625048047
-0.660853548412884
-1.04220868765494
-0.0745828253987577
-0.528796325228143
-1.30702219256343
~
-0.425727894090453
-0.223692197451954
-1.08461634833965
-0.570592772135642
-0.337167112934138
-0.974763694006791
-0.756180372269825
-0.540477278913988
-0.435082909100314
0.538629032144274
-0.568261199658496
-0.566541394203112
0.00579807111784661
-0.527203752504232
-1.16681092245613
-0.0959714238210667
-0.528687869797572
-1.31355426685393
~
-0.399803507015229
-0.204297396963631
-1.15197246675946
-0.543109895146842
-0.316551449856211
-1.04330145241889
-0.711943007561782
-0.485187048979631
-0.492491866627978
0.535043130811688
-0.574423264832515
-0.563776860695698
0.0147889740888655
-0.528704748565714
-1.16355540796733
-0.101359712427623
-0.524088105757398
-1.31391903098995
~
-0.374617637764769
-0.217165231918035
-1.21059119936979
-0.515844107802425
-0.327790111433823
-1.1034975258201
-0.651624693034739
-0.420234900207395
-0.533577551135919
0.539720031346426
-0.581467350145664
-0.55863763137515
0.0394777587043753
-0.532332679451544
-1.16059534444451
-0.0943069213688964
-0.505455538573318
-1.32848896272032
~
-0.0615832154912898
0.0151787888115785
-1.44080798386534
-0.347406995330439
-0.208711407536703
-1.22406458659853
-0.695875782860185
-0.379571677470511
-0.59967646723109
0.552763678852184
-0.608940688025168
-0.565633097581977
0.116126434044807
-0.705502283989466
-1.2007529689441
0.0791026137454795
-0.551399023245879
-1.23884608847278
~
-0.326593039729174
0.00391816308051193
-1.44305129128309
-0.450347418028709
-0.21023394542637
-1.35105773306117
-0.635420398149744
-0.240309105121985
-0.740752053384314
0.595967043442407
-0.597195829655822
-0.454097946525133
0.142391417278582
-0.700436126003774
-1.1619252966892
0.0201556078988931
-0.583935752108597
-1.34456633973856
~
-0.496701404336129
0.0672897850654186
-1.28523855888099
-0.523491530237558
-0.00732378918628481
-1.24947356143854
-0.855183095440501
-0.299112742809228
-0.79179252266854
0.594881766638674
-0.435677064557824
-0.38039492659947
0.141194658647503
-0.555370750535372
-1.09639443637432
0.00766289289153015
-0.420646522688752
-1.3135824137707
~
-0.623206325519159
-0.0614254627407089
-1.44379223263349
-0.848234663943676
-0.242842087549124
-1.30586551864195
-1.01556742131892
-0.466182266695573
-0.597968707746235
0.601361029371523
-0.576122574054794
-0.474766013866248
0.111112390091326
-0.713488163608519
-1.2567103119591
-0.0401098233136067
-0.564099453244294
-1.50655345809584
~
-0.67671616965955
-0.25525614528767
-1.27945796337395
-0.821663623183089
-0.339466465404435
-1.17550073003541
-0.973053026681884
-0.477950607197926
-0.473409853399298
0.511436468287509
-0.652878550849147
-0.721789232729246
0.106215280728981
-0.579695193920385
-1.30656834110923
-0.0126526547276106
-0.558227518077483
-1.46700808320686
~
-0.515576731267697
-0.297626709438682
-1.20315221186209
-0.679559291778678
-0.469901604336455
-1.06531187032213
-0.852356686071116
-0.454805523743174
-0.471599418407925
0.509750827519506
-0.622233330250132
-0.688974312261004
0.104099189132644
-0.679449949097368
-1.25065703327918
0.0221500985142503
-0.539019589154352
-1.3947357088932
~
-0.488157422823283
-0.360532726766371
-1.16026463766444
-0.629482701322863
-0.467570951690111
-1.03781433256226
-0.81028957459924
-0.481030133923054
-0.454133075971561
0.51553260415448
-0.612667444262042
-0.69599839131568
0.100664679953742
-0.667922284123927
-1.25138002368603
0.0239552519190238
-0.530812661894351
-1.38363672998858
~
-0.407082322838341
-0.340667396245796
-1.14848873657757
-0.549134569289287
-0.446469680419255
-1.02212783406484
-0.797583462643288
-0.546250431947565
-0.468399485365474
0.538624849147556
-0.565670779689295
-0.600277660445063
0.0925663358489348
-0.642323812669736
-1.23852025007971
0.00117545269600275
-0.502354387533241
-1.38084414225322
~
-0.386951098355619
-0.286640877435036
-1.01976778886962
-0.527630652618155
-0.390062324235266
-0.890918927251661
-0.821577383364796
-0.571210045260785
-0.387428893478351
0.532342148242709
-0.56907105621895
-0.60614058512017
0.0817849305125153
-0.637986568954657
-1.23234704850213
-0.00747336536815424
-0.50137011050653
-1.37602672931313
~
-0.375030695251305
-0.288267542771265
-1.02104446549047
-0.515952197411868
-0.392062974081135
-0.892433227724262
-0.809732049593169
-0.572625554941615
-0.388168358162057
0.527110027890235
-0.576150901654703
-0.60996987730318
0.133042049580353
-0.627354294714851
-1.16334329926945
-0.0276579168277263
-0.504681002268492
-1.36777638358504
~
-0.345221338627878
-0.279865880118837
-1.03937959361898
-0.48571386212139
-0.383466768708034
-0.911736375948364
-0.777740323978957
-0.562591401819708
-0.409130083211949
0.521840525905179
-0.577188626015705
-0.603928627082187
0.018555381864503
-0.55667924777856
-1.24005116510447
-0.0531896863972336
-0.503287605723264
-1.35680108565266
~
-0.289581752755641
-0.231215363099453
-1.15673149885823
-0.42962559180082
-0.334420748761336
-1.03024795863485
-0.718269003073132
-0.509533416623008
-0.527997518713627
0.522161488623225
-0.586078294073882
-0.582949051147556
0.0193309849420999
-0.509213174168459
-1.20922597365059
-0.0718861853212595
-0.514442246351072
-1.36195612944015
~
-0.196757494216808
-0.192506457386396
-1.11458697291029
-0.33485126276677
-0.294315194263704
-0.989856504190193
-0.682568832790692
-0.458686889332816
-0.536580062535817
0.52193705154778
-0.599393171526525
-0.586435291152023
0.0297091683516049
-0.524142318745476
-1.20735333237613
-0.134366796972506
-0.499058707539872
-1.40287557646698
~
-0.0933111977317244
-0.579899003452477
-1.16571075394429
-0.196401297064148
-0.511134436555213
-1.26948927375704
-0.694094909985941
-0.346206679970093
-0.638787405756585
0.523719464388112
-0.63142191047738
-0.606921072929957
0.0665172320318822
-0.688810694578936
-1.25686091549148
-0.122275349712783
-0.524549156566284
-1.44366064964057
~
0.00609589715227943
-0.636926988330584
-1.35567468689219
-0.152881883493046
-0.525508883084879
-1.39440468513003
-0.608368957522709
-0.260579435664862
-0.737585961986079
0.553871264573344
-0.628254584628884
-0.563503983616696
0.16732604346202
-0.77766006794035
-1.14764855829597
0.00706807658001779
-0.612272201307173
-1.37008628143125
~
-0.0185485788658836
-0.648021165125908
-1.42614816539186
-0.191730739314735
-0.536705553428328
-1.47633271725527
-0.724682914254892
-0.291771853571536
-0.796712003180075
0.581280196237019
-0.595893910838338
-0.475408869438145
0.111037889144479
-0.716499637540097
-1.23462976991497
-0.0298559819591128
-0.618506784791041
-1.45719402843284
~
-0.092083535234012
-0.636484110157735
-1.57124920772003
-0.907228956649238
-0.106460522222442
-1.56105808845383
-1.08599395759292
-0.414906779669281
-0.861754031560369
0.52676907026006
-0.640751457310671
-0.647708403662969
-0.0309193860502543
-0.736756112766629
-1.47639550568942
-0.119257243258465
-0.590652825493068
-1.62883880241334
~
-0.684626154992306
-0.153957683949592
-1.40104184528784
-0.821962697065598
-0.251495413931132
-1.35804380349889
-0.917871168765558
-0.390152593700982
-0.68679690879226
0.523256819957943
-0.657700961686349
-0.682867237891204
0.0321086243219915
-0.714155308790481
-1.39007644725344
-0.0484123950010573
-0.590568892924249
-1.51841797662778
~
-0.585936999477072
-0.23621216122374
-1.25881782111239
-0.746551748084296
-0.384169390202518
-1.1752537793719
-0.844468109075455
-0.40995656935958
-0.546930874207976
0.537792864454118
-0.672175997122287
-0.692893883299893
0.00408260879568999
-0.648311729971946
-1.34149191029695
-0.00993106883316058
-0.571434417110711
-1.43072583890807
~
-0.533987668350766
-0.339685148854017
-1.1489181175984
-0.686091607532604
-0.448083307328599
-1.03123664257877
-0.845549655264432
-0.501482289500804
-0.42794006085318
0.5322052617909
-0.654457254076065
-0.687633873316655
0.0566890942361984
-0.680375968622801
-1.29705815218187
-0.00131618838368303
-0.563393388863951
-1.41191525478673
~
-0.483103291951002
-0.469818863747432
-1.09141064598585
-0.666853079747883
-0.432132558165785
-0.979778112648931
-0.872590782424834
-0.502771170585249
-0.40109484625999
0.530346278326965
-0.640512462293913
-0.674995781496523
0.0337097219332269
-0.561364017106947
-1.32194088461354
-0.0335652584166513
-0.535878729055624
-1.41972804713645
~
0.0510904309058504
-0.554582518019206
-1.3018639239333
-0.584789241401197
-0.415644771773349
-0.926621477493077
-0.860295649787711
-0.541255407888995
-0.394813781659547
0.53125081350707
-0.592534711289364
-0.633109324744761
0.0641337523921733
-0.640270628330992
-1.18713328894172
-0.0361698629493088
-0.497038076244558
-1.37646236298101
~
0.0352919911542799
-0.552402351397103
-1.29656012721884
-0.285412946935562
-0.480636036367794
-1.045589767298
-0.535795540116573
-0.397583000648151
-0.49436991778937
0.536366025723067
-0.561367180053523
-0.583211599647407
0.126875777664955
-0.633117461154786
-1.14451155505122
-0.0430284604569641
-0.501282058813893
-1.36476771946156
~
-0.102398420748978
-0.484606026454735
-1.35934995079313
-0.482518408581907
-0.448908297579138
-0.923102251400002
-0.753676027574838
-0.575101620485098
-0.390623552200655
0.534935254370391
-0.561612134744389
-0.581510529968914
0.103847648380173
-0.629474158674705
-1.15642602074676
-0.0593735722475211
-0.502801843597694
-1.35839234751731
~
-0.324398638722357
-0.427265978750724
-1.11874353495844
-0.458665064214704
-0.416457772864354
-0.948791565791692
-0.729924075854262
-0.542851031984512
-0.41548174390229
0.534601901927615
-0.562938367806
-0.577748202430952
0.022959912560559
-0.542617388464331
-1.20954626530529
-0.0678478789864046
-0.500358826374173
-1.35057738912336
~
-0.268380649873478
-0.394522318921012
-1.22022865953745
-0.40356191863217
-0.359075349583449
-1.0551942840032
-0.673801250593492
-0.485110445955036
-0.523375745638678
0.531832401265388
-0.569655291046722
-0.561454039211261
0.0237161982340075
-0.501588207231292
-1.18950867930174
-0.0835354737551733
-0.509621160069098
-1.35423885129287
~
0.0284427188915828
-0.587049142959396
-1.24039381373021
-0.356942249878979
-0.259929653510632
-0.99002725408331
-0.676773735615895
-0.487816793319987
-0.536972092538859
0.533901095262438
-0.582580145736079
-0.572039062327982
0.0320188438881605
-0.513051698779251
-1.19490738705637
-0.135275248488617
-0.489875551939979
-1.39095834490859
~
----
@Coffee
-0.836452884595053
-0.215027419214836
-2.27893220239459
-0.83189823634749
-0.239032115345013
-1.93420577295668
-0.749787209184837
-0.278085315635866
-1.00174270521877
0.641669055972681
-0.880304020918999
-0.22913767341739
0.738821706193735
-1.69509347527583
-0.631829575391621
0.743654339310335
-1.91111821696239
-0.782439876385564
~
-0.836787959567851
-0.223058557499404
-2.26147631792779
-0.828674232297214
-0.267749748750518
-1.92683254395749
-0.744763528476077
-0.277689071914146
-0.997918728078431
0.641739366874976
-0.877256215723894
-0.225954720677077
0.723378308339847
-1.68615485250352
-0.635567697426458
0.746924750696225
-1.95805188834629
-0.810209965589772
~
-0.835276553240127
-0.225400877434956
-2.25620584429194
-0.824706945265596
-0.267362144040262
-1.92504993822402
-0.738160216142868
-0.274577748596305
-0.998352336007784
0.641918842756413
-0.875641724398208
-0.225137591715125
0.735867031994479
-1.60097502468221
-0.586409745812164
0.742590391613006
-1.82239179736985
-0.725711963605562
~
-0.829553692106834
-0.227333962254785
-2.24492986477729
-0.815621625265825
-0.264294300459439
-1.92076330996573
-0.72621869957519
-0.266868472226673
-0.998805399314481
0.642201642351159
-0.871866355841018
-0.224009737549169
0.724065436171733
-1.66428308679178
-0.653574744901776
0.740648303165656
-1.89140454798154
-0.779953807275375
~
-0.830481608215543
-0.227610866794395
-2.24889693790986
-0.814256221631641
-0.262369924090111
-1.925633115543
-0.72180271988064
-0.262660352637231
-1.00168363712788
0.649388513319161
-0.876482604290696
-0.220929391741267
0.725510965557784
-1.66719910663744
-0.660077007829211
0.733379038765863
-1.88924131167141
-0.797117895496185
~
-0.831367839731771
-0.227994855677002
-2.25145353531951
-0.814124702109612
-0.261644023005045
-1.92882008892114
-0.720155357656233
-0.260699736092226
-1.00342354662208
0.653509375982214
-0.878639458968048
-0.220785953521064
0.724042188621502
-1.66705278980391
-0.668885183049593
0.731759655405555
-1.88306218482533
-0.816091568426174
~
-0.836846813618423
-0.229735756283485
-2.26612004431168
-0.822892801569979
-0.267953689094053
-1.93170615547537
-0.732749425806286
-0.269957456536538
-1.00016292703491
0.656412385252005
-0.885232389285559
-0.224547564078074
0.722890471093324
-1.67277137161295
-0.686995160397466
0.732584387216378
-1.88860292892517
-0.837214155932143
~
-0.834118803673855
-0.227275805197321
-2.26320282596003
-0.822931077381563
-0.269996941575231
-1.92630841662882
-0.736215531248021
-0.276197665918412
-0.995255157319978
0.656031921783399
-0.883715932092142
-0.226779459682067
0.716247338404092
-1.66218839456142
-0.704995629731639
0.730738776304574
-1.88142921197972
-0.849414740145145
~
-0.834954426089674
-0.225406429036847
-2.26643312066705
-0.816423390463284
-0.257696070169659
-1.94346897229805
-0.720158445963732
-0.256613297651816
-1.01208419391753
0.656013683407817
-0.881110369960421
-0.227450490429519
0.715254389132666
-1.65593193753517
-0.714739336959988
0.730087810094902
-1.87630868725981
-0.858082574150636
~
-0.831764944923246
-0.222997422953349
-2.26571660271346
-0.813932029392402
-0.256751681599786
-1.94195113153054
-0.719285836093607
-0.25795593843568
-1.01109948008159
0.656668601901755
-0.879318417912105
-0.229011454854488
0.709956129528609
-1.64866730655314
-0.725028613853529
0.728480545429438
-1.86944180425848
-0.866994321350981
~
-0.829894269654085
-0.221027608062036
-2.26611486786254
-0.814253308937609
-0.258318185672562
-1.9386999323077
-0.722851737837766
-0.263140512794939
-1.00751067374706
0.657047480701957
-0.878593608931507
-0.231988292400111
0.707321909910636
-1.64508311250008
-0.733151006591072
0.72341439218404
-1.86728851550454
-0.873112320145865
~
-0.828317166103286
-0.219596990137399
-2.26578050382325
-0.81468588774664
-0.259893561961931
-1.93634048889693
-0.726165318085172
-0.268191700079403
-1.00501242832371
0.656412627570937
-0.877390745278193
-0.233417279536695
0.703592346678086
-1.6414262095683
-0.738716197381423
0.719252188234234
-1.86505394027965
-0.876329749701182
~
-0.828515581795457
-0.217888593914357
-2.26839893780573
-0.813778782460851
-0.257149882988666
-1.94019892620394
-0.723761553352205
-0.26480023270541
-1.00726621607475
0.658092037167104
-0.880307023725383
-0.235318201503413
0.702282127064289
-1.64373882210817
-0.745160921640726
0.717417268743401
-1.868475391279
-0.881925515631871
~
-0.827429311147573
-0.218865424681119
-2.26577223377318
-0.81691912146078
-0.25626718749171
-1.93689198780185
-0.733234362113214
-0.260554056206008
-1.00543638361099
0.655183274403997
-0.876342817400159
-0.236053046990937
0.698816946655919
-1.63779559101036
-0.745218471341197
0.713916814088755
-1.86235429712624
-0.881103303778953
~
-0.827498567894192
-0.218209899135717
-2.26787732949359
-0.816950298262893
-0.257137018300938
-1.93760384823204
-0.733064596560607
-0.26323283842343
-1.00511603678721
0.655804623452349
-0.877537755928468
-0.236906293022936
0.699365049752177
-1.63966905122939
-0.746951729683475
0.713456380024435
-1.86463081294393
-0.882823753605311
~
-0.826952510175479
-0.217824938661404
-2.26714457223929
-0.815159347461217
-0.255350746523824
-1.93858948771641
-0.729949976777212
-0.26060032617039
-1.00663268901834
0.654836929832183
-0.877065490562924
-0.23750041014241
0.698611386808318
-1.63898912093922
-0.747094538799768
0.71167973171144
-1.86386974916927
-0.882951437632472
~
-0.826732679855188
-0.217801150129185
-2.26866428613377
-0.814772188611114
-0.255152900331573
-1.94007373169816
-0.729475106915853
-0.260471611907574
-1.00765924626577
0.655062539821488
-0.87712191091337
-0.23720755773799
0.698533844326886
-1.63950920383721
-0.746941956692737
0.712389971378386
-1.86356694323681
-0.884263995015748
~
-0.826036463770945
-0.215492528761642
-2.27101249881566
-0.814227279380372
-0.253922302672751
-1.94161341933934
-0.729187620599632
-0.260825708761765
-1.00801368740072
0.655988712125893
-0.878936350022127
-0.237748119730567
0.699838863203595
-1.64335759698791
-0.74631925192925
0.713678073132186
-1.86981226949228
-0.880250969015942
~
-0.82534886465061
-0.214905789117913
-2.27071381208311
-0.813140868324102
-0.255229060393714
-1.94043371829852
-0.727598638243098
-0.264832721131778
-1.00716398638277
0.655154654171719
-0.878322280744296
-0.237636700689917
0.700129698161584
-1.64470735768312
-0.742394410562679
0.715117080319054
-1.87075286685172
-0.876691532644042
~
-0.825251399236455
-0.210579421930013
-2.26960206676696
-0.812836459196914
-0.250848032634212
-1.94420636924581
-0.726819352511043
-0.263021825965599
-1.01079196624549
0.654917661269022
-0.875989234327932
-0.235608331227552
0.699887056659947
-1.64487993847383
-0.736626080168513
0.715576595039018
-1.87060294753915
-0.871430067146406
~
-0.823895813274169
-0.207666000968451
-2.26693642926352
-0.813151405824497
-0.24941118986182
-1.94203085703342
-0.729628371327861
-0.264169981691223
-1.0093983758639
0.654342875271819
-0.874308005501064
-0.234040376299601
0.700854660868082
-1.64855107000012
-0.723952605989859
0.715973609555214
-1.87041206802781
-0.864606455092644
~
-0.822170554613997
-0.209108718361213
-2.23690178011974
-0.811426799991111
-0.246316809464838
-1.94029471152791
-0.728410052050715
-0.263465902416707
-1.00887880375984
0.637801621607265
-0.871618471229407
-0.246998610101759
0.700600372913114
-1.65258279267141
-0.720651945311553
0.715585950795575
-1.87358054978183
-0.861957216716557
~
-0.824331943834411
-0.212195310988544
-2.22392598168883
-0.813072370019447
-0.246349948067032
-1.94132322888455
-0.728988046073454
-0.263327531507953
-1.00923059342375
0.646513662872267
-0.874849935171065
-0.236368569013045
0.702164390473335
-1.65536393244102
-0.71334739238968
0.717207894099899
-1.87480207505262
-0.857373967691182
~
-0.823677003498119
-0.216025072743413
-2.19338070281712
-0.812202221225977
-0.244157485150921
-1.94137763537745
-0.728353932010735
-0.262464348952809
-1.00941574887058
0.648143672807353
-0.875273890591693
-0.23444395842458
0.702424043436244
-1.65676049352484
-0.709596241342962
0.718679513859315
-1.87562262818646
-0.854234788674873
~
-0.824210735014972
-0.21571230486659
-2.18602282293512
-0.801605361537991
-0.210135284277785
-1.9466021193474
-0.719317906583141
-0.252860144765953
-1.01540216830328
0.648318815823519
-0.875709668554971
-0.233891473377247
0.702731250438553
-1.65766493056134
-0.708036834791677
0.718888536260304
-1.87663176019197
-0.852425322020059
~
-0.828524209858717
-0.194626213281903
-2.24762499655054
-0.798486092558038
-0.207293214795193
-1.95097224508487
-0.708371740656001
-0.245294161102132
-1.02111255449532
0.648386043701709
-0.874346064243725
-0.233295091289663
0.702154137987199
-1.65593027468079
-0.706584855936636
0.719959787894163
-1.88143583816224
-0.839851613783766
~
-0.827616916850669
-0.193538218186381
-2.24457862956241
-0.798589865787133
-0.207068298565513
-1.94811791877922
-0.71150874168909
-0.247658481517777
-1.0188636080439
0.647982487619572
-0.873458926458364
-0.232781502539911
0.705543470727086
-1.65573485135298
-0.70272654651071
0.720039075237259
-1.87852160231947
-0.840429814528303
~
-0.827384781537699
-0.192556027047922
-2.24407013154922
-0.798717554002692
-0.206356331012102
-1.94758700398831
-0.712715900491
-0.247757301091298
-1.0182613743824
0.649731971987812
-0.873829552865625
-0.231579170301771
0.706338453794023
-1.65575197204292
-0.702296190376258
0.720783000422804
-1.87752791258591
-0.841597839825549
~
-0.818894554857867
-0.196674290517145
-2.21608933391396
-0.740708899804236
-0.234261213735193
-1.72415762359989
-0.617632434541817
-0.349284995627271
-0.824466357131917
0.650241380039759
-0.874823081055536
-0.232106440871288
0.708353871417716
-1.65732947540761
-0.703124603967443
0.721500268288541
-1.87863649139713
-0.843676720826944
~
-0.818909640166844
-0.193113758843051
-2.22411725954337
-0.797669610799049
-0.257168187430877
-1.61649610277694
-0.612097300938579
-0.0490301960465774
-0.96526911701505
0.650662957326151
-0.875942008306064
-0.233118567795929
0.708296172717306
-1.65848994341126
-0.705537536021543
0.723310559720678
-1.8794595835291
-0.846759134949973
~
-0.819544920732084
-0.189495452400256
-2.233341010046
-0.744328086086342
-0.234238963713765
-1.7232840641434
-0.611803669600857
-0.0469674522216067
-0.965187965818052
0.650574881491933
-0.876376161207359
-0.233816555617714
0.708963196615277
-1.65791571954734
-0.708074917796041
0.723002011093482
-1.87983430635272
-0.847911191337387
~
-0.820411869444182
-0.186981196250691
-2.23966770331256
-0.744279152683187
-0.232981510610346
-1.72378936677471
-0.611853620347607
-0.0454777470685585
-0.965120952549921
0.648863160967738
-0.876334217557241
-0.238504886051439
0.708576787803595
-1.65872944768216
-0.711991407854489
0.722460074497921
-1.88096604712574
-0.851562558426001
~
-0.821088605139611
-0.185156749671401
-2.24283904396854
-0.744487318747044
-0.231643296410322
-1.72335889639649
-0.61196078955923
-0.044090150985344
-0.964438674039604
0.64935716902441
-0.877290426288156
-0.239114254924043
0.710550473821155
-1.65851847175255
-0.714672347057673
0.722717270292613
-1.88062128253273
-0.854638779325411
~
----
@best
-0.0455033980740015
0.23646506040217
-1.3465755532271
-0.0552041676524113
0.220452626592519
-1.31394163919836
-0.322821494667844
0.288103391212936
-0.811286072071286
0.509242135776713
-0.55055721694244
-0.00595127198387667
0.539437234084193
-1.01600060279304
-0.277819360158938
0.557425386607664
-1.15216714626063
-0.37763531746828
~
-0.0447691366653871
0.235990565651241
-1.34491837632976
-0.0545438620635882
0.219947281737862
-1.31466213605284
-0.320845907333807
0.286972647499692
-0.812546725663056
0.509270770082658
-0.550276990637644
-0.00527127865336374
0.539549288037508
-1.01060659314675
-0.276492263512818
0.55748585112421
-1.14764075453351
-0.378194917190008
~
-0.0429631712359434
0.235508827078829
-1.34380934418021
-0.0527272251615943
0.219233547774317
-1.31618369641529
-0.31858293415908
0.285529612949933
-0.813575512623212
0.507444669053243
-0.54858331228689
-0.00651329706394643
0.540145157027802
-1.00421942219189
-0.27584286824822
0.557975150090173
-1.1381084880416
-0.379414025453138
~
-0.0402327878070547
0.235604629418425
-1.33680065767848
-0.0492839740386861
0.218988390589701
-1.31247991299501
-0.31394687681809
0.284235055855646
-0.811132075653395
0.505037817204503
-0.543360871798266
-0.00878469031202775
0.539037418522745
-0.996584723510557
-0.277371061114536
0.556337990069165
-1.12580183447063
-0.382258898878053
~
-0.0380681556607759
0.237147267856049
-1.33257278150576
-0.0473868848282219
0.221399181266314
-1.31030785771331
-0.310305693991651
0.284551092671579
-0.810436450050347
0.503792342343773
-0.541095298305345
-0.0136186258155157
0.537603111893349
-0.987992595847509
-0.281293226024782
0.553976854033283
-1.11135391877733
-0.386654166611591
~
-0.0352118770735889
0.236685716511706
-1.32497058082675
-0.0845884174138761
0.234455287042751
-1.23473120678525
-0.307146432757753
0.283056222530225
-0.803356967386265
0.516290242277599
-0.538785968880451
-0.00133522960561609
0.534738534164313
-0.974396618092789
-0.289106611512417
0.547288829575358
-1.09526182250738
-0.394779584340228
~
-0.0301655345907658
0.235694813555387
-1.30943066249035
-0.0820767438143202
0.23726226172052
-1.21982521239367
-0.300999182707911
0.279506797923099
-0.790508000443309
0.501583313819989
-0.527003191440472
-0.0168327289220658
0.530215256064466
-0.958596001608282
-0.294382395135427
0.541388567486455
-1.06790393410693
-0.396353467691085
~
-0.0238246265152261
0.232561292890966
-1.29157237295556
-0.022715877597653
0.207982818604485
-1.27258406930747
-0.294645128998112
0.27605432207931
-0.775921452842293
0.495868249988505
-0.516171344481717
-0.0209158027603672
0.527159545195309
-0.939403231698649
-0.294524121491022
0.523987095143836
-0.995588333902281
-0.413729369103133
~
-0.0224528391888002
0.228860522218577
-1.2859427426641
-0.0230686486951179
0.2080678356185
-1.2696743253665
-0.295156963201201
0.272733399913894
-0.770339549751228
0.490936761603289
-0.510514205337096
-0.0253384392191968
0.520644634002862
-0.89929143921247
-0.288646717517733
0.523052406010628
-0.994518622910677
-0.396917008656211
~
-0.0205330557308782
0.227328068683566
-1.28114435285206
-0.0222921849248805
0.208988510048564
-1.26637454045223
-0.29460903461756
0.270440909634529
-0.763385675152418
0.49535935290836
-0.507837304241256
-0.0199400795741862
0.518430383950676
-0.887487148407871
-0.290235788031258
0.521139936772464
-0.997462232224334
-0.408872816760334
~
-0.0169587166616137
0.223981540959086
-1.27777568910162
-0.0775378935653313
0.230404922490266
-1.17882847827005
-0.293696265440274
0.268607729608362
-0.758398124031711
0.486802235533276
-0.501115090444169
-0.0304840551647205
0.518491456213247
-0.882537433539277
-0.295139272132896
0.520681614268124
-0.999296210955492
-0.416583423665304
~
-0.0151258985883385
0.223432569236
-1.27786774940434
-0.0783240426071465
0.232235381225971
-1.17899267773162
-0.294281243929381
0.270151398382275
-0.756969729913241
0.485505759305543
-0.501363721828727
-0.0342255012012857
0.520185280202672
-0.883978192188107
-0.298914545681379
0.522905310565341
-1.00888710048986
-0.424606445247302
~
-0.0136659346130422
0.222902939813173
-1.27443917841428
-0.0781334538591702
0.232944866529646
-1.17681689552547
-0.294279229245838
0.271135201681164
-0.755345101996214
0.478252955206222
-0.495083849713025
-0.0457436243341792
0.520158001058906
-0.882085504142753
-0.301302462364748
0.5145019430041
-0.963728687756307
-0.403069180672535
~
-0.0107627888812357
0.221857868336881
-1.26902642523104
-0.0154284185407674
0.208398462814018
-1.24317737976919
-0.292108274770498
0.270198463488646
-0.751439522514575
0.474417543140566
-0.49235889673865
-0.0495823150729656
0.520667825657241
-0.879400240249652
-0.302107545637354
0.513379911761493
-0.953158791727757
-0.39794984719637
~
-0.00889191976145457
0.220570720911985
-1.26284283448678
-0.0139836975819218
0.208243714466863
-1.23905431812212
-0.289929615886257
0.268684350665561
-0.747875725542066
0.473131739739704
-0.488862952645044
-0.0504412024407624
0.514974249271723
-0.873042266644906
-0.306666204226721
0.513309538552488
-0.983136794856452
-0.416298340706906
~
-0.00586897720730274
0.219420025653512
-1.25583697839631
-0.0115364994659118
0.208391146479524
-1.23406260385773
-0.286319471709016
0.268018232437047
-0.744740039694535
0.472869294032576
-0.485586633128747
-0.050570387235417
0.514611375119048
-0.867639651466982
-0.304459191060564
0.513927428833827
-0.985580190883726
-0.419402188591243
~
-0.00432207080073712
0.21853870060045
-1.25275806456555
-0.010419079948174
0.208531461350424
-1.2326463344313
-0.284743345922039
0.267670671743018
-0.744014486102517
0.472601143599011
-0.484006375090665
-0.0505399689334494
0.513587253333817
-0.866467439047101
-0.303977420387103
0.514035025668535
-0.985571115998333
-0.419359340288282
~
-0.00263844685920835
0.217453703354528
-1.25126072768865
-0.00908932853228999
0.208309599204118
-1.23241661064572
-0.283501459827308
0.266425235210655
-0.743122232782757
0.470769141046893
-0.483240147052278
-0.0510463106534761
0.512711438967179
-0.869371098301098
-0.305389023773353
0.514279608037845
-0.987295724355544
-0.419385228050185
~
-0.000722832694446871
0.217072129150188
-1.25022879440243
-0.00753400727995526
0.208614906084561
-1.23241842999547
-0.282738633672875
0.266287650744671
-0.740850163249759
0.471668506628853
-0.484042409407263
-0.0506924060534294
0.515632282621983
-0.870098925430635
-0.293970729646247
0.518927466971826
-1.00571180434682
-0.403860935767118
~
0.000240985827726853
0.21696773659903
-1.25022802954474
-0.00690279390638514
0.209111184312852
-1.2328165925042
-0.282453458278752
0.26608235153248
-0.740915645788871
0.471877429686144
-0.484647904344503
-0.0488479270196714
0.514542202028218
-0.880898978973511
-0.296595167998963
0.519054030608648
-1.0153909367989
-0.40785282364681
~
0.000380256708857515
0.219143681265139
-1.25468017330512
-0.00707662058580617
0.21170832466492
-1.23799698432991
-0.283802814745127
0.26881498467376
-0.744099993292635
0.473902840814576
-0.488348850091145
-0.0473029293199062
0.516841585138009
-0.888361402385314
-0.298665564807175
0.521551141171765
-1.02308245172169
-0.410717841202706
~
0.00314930262194582
0.222773017575662
-1.25588704287974
-0.00479492343865646
0.215881316591711
-1.23988658196552
-0.282989799987292
0.27315223392215
-0.743627826460969
0.478566662223706
-0.494345139878983
-0.0452966264942968
0.520907570922016
-0.893467299387953
-0.297434894624745
0.525676806753095
-1.03106102686425
-0.406926804637951
~
0.00502499945297062
0.221583260763207
-1.24936107953298
-0.0585799453340412
0.226208072698186
-1.15089313550045
-0.280188941567151
0.271678861693411
-0.740046635508458
0.477538307723353
-0.491045162600808
-0.0429761974271285
0.519206858824614
-0.890896101391989
-0.296355602425913
0.525031608666239
-1.02757085869515
-0.40538266176638
~
0.00585923818264861
0.221972493261733
-1.24811691828331
-0.00253909767474693
0.21174436247446
-1.22580932438227
-0.27941582808098
0.272508178826399
-0.739966080151712
0.478267229615446
-0.49233380575708
-0.0407578996272594
0.520016579568321
-0.894182970747037
-0.295463109826957
0.525861878963062
-1.02980839536878
-0.405688162708415
~
0.0061138604357282
0.222728708857422
-1.24793048619096
-0.002558089222059
0.212882732481204
-1.22638650540131
-0.280243309439715
0.273694958314059
-0.738056120416651
0.479346336583607
-0.493568734355946
-0.0380871553105436
0.520930058712313
-0.897342923122498
-0.294383358231808
0.5297014959706
-1.03618575425082
-0.400386920892473
~
0.00728088628629486
0.222972560205429
-1.24953702600931
-0.00158340256579878
0.213584556503584
-1.2288438763734
-0.280244449690305
0.273848162734512
-0.737853636151981
0.481317384480787
-0.495040421770632
-0.0358549583772823
0.522061336723912
-0.905844399017346
-0.296418984367137
0.532336847785322
-1.04452526214668
-0.403040348506889
~
0.00357147560754639
0.224908573643736
-1.26798616287878
-0.00578583590040313
0.215488361703891
-1.24753399096297
-0.287628578564318
0.276182697881342
-0.749195407629134
0.48347565179438
-0.503251990048931
-0.0383178437663035
0.524670308310435
-0.920148197407339
-0.302745567813513
0.535922916842045
-1.06107245354373
-0.409796450242194
~
-0.00365992642986266
0.226724324565761
-1.29764036083246
-0.0140356864138561
0.217617678994853
-1.27719172515854
-0.300393633792883
0.278821615836924
-0.768732066471606
0.486390312750919
-0.517204943237908
-0.0406301081981378
0.527998985497724
-0.94333068386423
-0.313350887528298
0.540185083933289
-1.08669893787455
-0.422906861992908
~
-0.00648105582326616
0.227375767108203
-1.30196177497932
-0.0173905340092582
0.218353323778747
-1.28259760017614
-0.304785944652666
0.280536327028457
-0.770536343231374
0.486517906454909
-0.519604558356576
-0.0403520888608281
0.527948648299963
-0.946770512097283
-0.314470333972506
0.540408782327159
-1.09116205145443
-0.423386184039581
~
-0.0104383884977932
0.228217826765825
-1.31381060703129
-0.0217010700784029
0.218982836693071
-1.29544616595775
-0.312220035682855
0.283348658926032
-0.777772841379376
0.487651032796313
-0.525399679198364
-0.0416771706902292
0.529615745250346
-0.931991022160466
-0.292490373623205
0.540573134583967
-1.07434154413216
-0.40638550562825
~
-0.0190297839085492
0.22529660726066
-1.34407468782518
-0.030309444983895
0.215513475783329
-1.32690262752976
-0.323536893250996
0.279302341295322
-0.799888646827662
0.487971279195003
-0.533226831790718
-0.0462759007088849
0.530615296900164
-0.971259087549115
-0.319071284819497
0.542645200746598
-1.11523277972012
-0.435330366287534
~
-0.0181970136391532
0.228384570606235
-1.3313949006039
-0.0294187478151218
0.217354725096594
-1.3166374584337
-0.317310477174032
0.280296271188459
-0.790833137647643
0.488295336398772
-0.527977836729933
-0.0426860738433147
0.53078436273444
-1.02211504503867
-0.357449357942886
0.544311856211127
-1.12509320545676
-0.44523495321393
~
-0.0214944980641207
0.232428962568765
-1.34341888265947
-0.100121371533925
0.247592356081392
-1.25407670038103
-0.320881657941634
0.283117982418198
-0.798348054483659
0.491865040086161
-0.535420046448269
-0.0437466681003832
0.536171869384524
-1.01913490632507
-0.349548093887055
0.547699416519702
-1.14590186170671
-0.457051394909339
~
----
@Thumbsdown
-0.906858220085277
-0.123283452838666
-0.788225450971448
-0.947531109657883
-0.241411603706887
-0.743639543130436
-1.04071857358095
-0.528943140188869
-0.208073850665235
0.603094422948743
-0.772175786978425
-0.269609339026951
0.680924874969536
-1.36039070552089
-0.640315214580513
0.68463609104076
-1.53641569127745
-0.779057307048271
~
-0.930207649649427
-0.176855330425507
-0.808482346077907
-0.977711290594612
-0.334219760033344
-0.67830656265293
-0.938629300837145
-0.571016718686835
-0.105954561179394
0.60535426891161
-0.78017005002007
-0.26792431656605
0.682041292979478
-1.37735030182287
-0.641729376792222
0.68738474352921
-1.55381612382189
-0.782173056135551
~
-0.976341091406542
-0.270899145152821
-0.818956488246087
-0.99575458570415
-0.423322366487939
-0.632710102819978
-0.858202376447393
-0.509050816134921
0.0689764016195488
0.604568984057745
-0.786539966822201
-0.266030914105403
0.67994190812139
-1.40996921981713
-0.648132666891493
0.687852067321546
-1.5858778972182
-0.791259318890865
~
-0.993708972296204
-0.292578102524545
-0.816924239559982
-1.00827493330787
-0.445649384040049
-0.629027135397061
-0.866482948455139
-0.511079940042673
0.0753013931439356
0.605907500180081
-0.79323600213207
-0.265856878740894
0.680550763693295
-1.41998099017655
-0.647274539259129
0.689869862972724
-1.59930672847742
-0.787558634933958
~
-1.01199387855259
-0.302994830816131
-0.812708249137539
-1.03403875166865
-0.491724831762272
-0.589209763159979
-0.873613711563484
-0.513494837788728
0.0836689685839489
0.608076536757183
-0.801178962377103
-0.266825895914962
0.680757888012036
-1.43481626949465
-0.64821156105091
0.691219683779433
-1.61639276226516
-0.787752693301324
~
-1.03068018831889
-0.30523304058397
-0.801598732212632
-1.04213680447259
-0.492833636664235
-0.58707077780395
-0.879809920347731
-0.516335572693701
0.0960885391265797
0.609948154756897
-0.808568626886918
-0.268465737042896
0.682182802467053
-1.44629172965308
-0.648726023159968
0.693441461015644
-1.63036284565973
-0.787184699475529
~
-1.0481341855423
-0.305492234282072
-0.772443676822692
-1.04752644689423
-0.488519808096969
-0.578429934982513
-0.885103435422543
-0.5222343227723
0.114633978993863
0.61181938570685
-0.812811424559348
-0.26956681834191
0.683741637214013
-1.45553990179387
-0.649685431044319
0.695270480710671
-1.64166446214801
-0.786797058036096
~
-1.05592681969664
-0.298679227189189
-0.754670265058198
-1.05231173761878
-0.48088099723335
-0.572116708950395
-0.88712281242345
-0.525267284279078
0.119906237015401
0.614219685630021
-0.817085160091307
-0.268941780829803
0.686117923019532
-1.46295758040246
-0.651054089807511
0.698393283693567
-1.65039803059623
-0.787692162817451
~
-1.05941751398402
-0.292747162667827
-0.739358367159439
-1.05253499479071
-0.472331710774572
-0.567486091568024
-0.887640018296543
-0.528402535677339
0.125443855864883
0.614281614358266
-0.818707587739946
-0.27277156963734
0.688701733727167
-1.4700952743908
-0.65434568318079
0.701632844210386
-1.658664731105
-0.790720543861245
~
-1.05762465118632
-0.295152998322156
-0.727772068989437
-1.04657717361874
-0.460743326898531
-0.575900624899049
-0.883221170586345
-0.532934839032743
0.122579656154207
0.614419663172051
-0.817566694000432
-0.2779656486323
0.689924286982692
-1.45446334879525
-0.651490053213953
0.701720073252611
-1.64536635212275
-0.784806479880859
~
-1.0544330137948
-0.305232791234366
-0.726294759074428
-1.04007392986357
-0.472076556727049
-0.579173634225919
-0.890823252057796
-0.567565843318081
0.0922074927221406
0.614669628549699
-0.817009830927471
-0.283085747668456
0.692467325021091
-1.43804231962789
-0.648944205724157
0.700825850316316
-1.63009601741333
-0.781245670482903
~
-1.05565979130274
-0.363700551596251
-0.762524694176071
-1.03046216523056
-0.531558235332228
-0.625973663108772
-0.899009538422884
-0.5981015003729
0.0536026490518646
0.61506120063743
-0.816417778447287
-0.287617778881619
0.685306037863831
-1.4727085745545
-0.701195030181796
0.702584849201275
-1.67009895827519
-0.824855614570608
~
-1.1050145035988
-0.643876747194234
-0.887575572736404
-1.04109099870184
-0.746511434085803
-0.643588631906854
-0.903294847429917
-0.599837470650506
0.0466218053312345
0.616171447402479
-0.813467633458215
-0.290138629220973
0.696450062237895
-1.42963423590553
-0.687095704126663
0.703011225552476
-1.62226444360845
-0.819051861055395
~
-1.10230937499289
-0.947633853419248
-0.868609724556628
-1.03914203129504
-0.850831609037283
-0.544770780293232
-0.910187594277175
-0.596042786563618
0.0292010533881209
0.616482049355679
-0.812709453137956
-0.292672062605559
0.699640680640205
-1.40894050913
-0.682348746527976
0.704481418122748
-1.59989367246782
-0.816888349264425
~
-1.10703341200214
-0.964275530937465
-0.889831528661584
-1.05520586330293
-0.893129866313315
-0.591621338383541
-0.93704903123938
-0.600414693526148
-0.0341293728530341
0.617082979736703
-0.810881423529499
-0.29875189986739
0.702266969104375
-1.40098161552093
-0.684685251954815
0.706041779659251
-1.58793457462653
-0.825102968974039
~
-1.10415143221472
-0.95298754196568
-0.875344128681872
-1.07639444497559
-0.902089220869382
-0.588903048199856
-0.93861434409866
-0.584049684459039
-0.0491449449109933
0.616178195593731
-0.810097344930928
-0.307703531790893
0.704417745044657
-1.39930139922469
-0.691490694245203
0.709044380233373
-1.58535428037846
-0.83418180681166
~
-1.07347082320602
-0.775720118422239
-0.995183487713935
-1.07152359451484
-0.866630133630114
-0.594594116447455
-0.923141913256038
-0.571089256117251
-0.0470210715928548
0.614745714010615
-0.801237717888226
-0.311495322905624
0.703239901734959
-1.38432512776253
-0.69866915540674
0.706165016838104
-1.56956963616148
-0.84104024767523
~
-1.07544737018036
-0.662507159916429
-0.972153036619461
-1.02839570096808
-0.724996706583347
-0.685166534478268
-0.898167351752631
-0.557723088680414
-0.0361837749988086
0.613428216537848
-0.79791120574616
-0.312240342484028
0.701601726347253
-1.37485554679601
-0.70444161070185
0.703724466349547
-1.55550608257518
-0.852072694068743
~
-1.07439188337537
-0.416949100538063
-1.02011363903798
-1.04615497418912
-0.585660124442686
-0.81435219422517
-0.900467102040374
-0.557534110660781
-0.0377270710537452
0.6145526650225
-0.798696662000061
-0.314348641181035
0.70138172856303
-1.37025221412324
-0.710832626776703
0.703966956921843
-1.54770705188073
-0.863002765386571
~
-1.0651658539352
-0.196276447095527
-1.04160792746257
-1.05240568450828
-0.411992997115604
-0.852820374526753
-0.902123998106292
-0.549510708242572
-0.042430431067326
0.614854524263907
-0.79666989360268
-0.316551838240285
0.699511835329804
-1.36635021103395
-0.71424951041586
0.70313713659423
-1.54032298305186
-0.870189510572095
~
-1.03145746086433
-0.0380056495550778
-1.03038501521591
-1.04424114892842
-0.330956096719016
-0.835526228698698
-0.95802212740523
-0.538908192783496
-0.167211088152037
0.615773812673645
-0.79261924531769
-0.320271253314074
0.698624814493762
-1.35751960419034
-0.714987078618627
0.702268958372449
-1.53057838185473
-0.870875934132843
~
-1.01255787424981
0.0549444066286513
-1.0137499339294
-1.02937106508217
-0.230615579236885
-0.82812187650473
-0.968628394491767
-0.4881185399661
-0.204952258158176
0.616168144894084
-0.789339004693752
-0.322526214551482
0.698268627941487
-1.35217215740198
-0.715091869125645
0.695404187136304
-1.53574202695333
-0.857441068021707
~
-0.980505748554572
0.132382603116361
-1.00100088253136
-1.01159448420744
-0.156836937050242
-0.837870324795734
-0.965443560842694
-0.468267179730585
-0.228735826384056
0.614534766691313
-0.783476610856337
-0.325896725107105
0.696950598025042
-1.34526009203192
-0.716068992040246
0.697905350104394
-1.52350267654503
-0.862559262001293
~
-0.957564647417
0.156135222647939
-0.994557706651542
-0.989567791726663
-0.0837051692027263
-0.901061637852736
-1.02346953397206
-0.479083440030609
-0.423493500235815
0.607809794700969
-0.777118921521642
-0.332869963687573
0.691565199693691
-1.32808571347298
-0.710128251097081
0.691323570115322
-1.50467238845818
-0.854515968860149
~
-0.951880231738054
0.139451206987023
-1.05680814832119
-0.993916489826496
-0.11037221669731
-0.947979526098395
-1.01435133081902
-0.470038887806133
-0.443164121685403
0.601702573131724
-0.774408637221412
-0.335456384036124
0.678409189654616
-1.41260217132448
-0.769478758966054
0.685605226112812
-1.58429120672667
-0.918253618633151
~
-1.03024115806825
-0.142219304898323
-1.23839814682672
-1.04922762593142
-0.337173928112573
-0.946679491053195
-0.956177155993105
-0.497183523741137
-0.345431137306516
0.599275850107926
-0.77058769546407
-0.334421290070211
0.674676002603196
-1.40869267295283
-0.767407339237214
0.681685152843703
-1.58033301715359
-0.914673512267864
~
-1.01663867473397
-0.153441207166043
-1.30938858658597
-1.04469544132673
-0.346795504917192
-1.02549835065425
-0.958487017947099
-0.398447587599088
-0.411473588259555
0.597760642561311
-0.770252495323592
-0.33376073764753
0.676283186241522
-1.38059789425562
-0.74102293727894
0.680104372843198
-1.55246211808567
-0.887384014833651
~
-0.985516393089576
-0.116345889211387
-1.28466439082323
-1.03197093472973
-0.324065762627655
-1.03350667133591
-0.986722051267995
-0.46124925734704
-0.431858039088833
0.594061228620797
-0.766335654135103
-0.332280434022423
0.674534511817925
-1.35711431185712
-0.725497008487141
0.675900177717435
-1.52959098463076
-0.869556359997479
~
-0.909166827108336
0.053224161263485
-1.19109338756094
-0.956747885027236
-0.158520959186931
-1.01832425796794
-0.989413354950663
-0.440729765028395
-0.48010463435846
0.584495792514889
-0.758952672165129
-0.328904851376718
0.66290545742979
-1.32982461558665
-0.711748295726354
0.66346374392563
-1.50040756387982
-0.85423736582693
~
-0.893170052824555
0.214530640404529
-1.13298116604529
-0.941733417045295
-0.0162580002937267
-0.985820975101424
-1.0203805797003
-0.425553212167565
-0.461257339513971
0.585126813849365
-0.761249260825698
-0.32429170539703
0.665468975109323
-1.32293927933864
-0.702353655810005
0.664559468494624
-1.49257137587572
-0.846714999127544
~
-0.862489698781409
0.413528547462692
-1.07622092510477
-0.935900135653112
0.138763138706958
-0.938861064208728
-1.07255627871361
-0.270591684358722
-0.518027799887275
0.583274562910015
-0.759927996826351
-0.322386222874592
0.664736696021237
-1.31468435361466
-0.691924164142679
0.666184076849067
-1.48498921764416
-0.835419442718389
~
-0.855055861372952
0.552592456801579
-0.998652093744854
-0.933829571592911
0.285231105738705
-0.910725341984562
-1.07672774011059
-0.247022977894247
-0.508431242576385
0.579945578996725
-0.756609024817967
-0.32081604002476
0.659740164642017
-1.32167697548654
-0.696903432549449
0.660930101925845
-1.48972268893832
-0.841607374873099
~
-0.849667585626347
0.664911213513886
-0.934863131015386
-0.940722838867336
0.361255162074483
-0.874688605162305
-1.09329919962403
-0.184152992688563
-0.495750401804777
0.577659535289936
-0.757556237704337
-0.320758388261774
0.65773128624721
-1.30642382499827
-0.684936868825777
0.654517836029428
-1.48540432904717
-0.813765352268546
~
----
@age
-0.731695612870704
-1.63008381018237
-1.11495460436911
-0.743092966764796
-1.38464456618908
-0.931278706916608
-0.780313739131351
-0.714916508421919
-0.392334075074741
0.658246197958202
-0.757170971876016
-0.408709189578383
0.700414974050473
-1.39276824740754
-0.831552743182787
0.714471232747897
-1.60463404053921
-0.960477220742066
~
-0.734689947864191
-1.6201607922385
-1.10980267160711
-0.74484014189218
-1.38446417578932
-0.93070000312364
-0.781758922760436
-0.714662558418876
-0.391796201542843
0.656445536533229
-0.757185996739214
-0.409456317688221
0.697477667847573
-1.39225448398156
-0.832314040708348
0.711155044952354
-1.60394399704
-0.961241156297536
~
-0.741030310521165
-1.62211243182669
-1.11066039426748
-0.749305371938432
-1.39275583092126
-0.934574396931718
-0.785563838146137
-0.719753052593779
-0.393839978756148
0.656593257272604
-0.757355267115473
-0.410839443183219
0.626659367853461
-1.45414472700996
-0.918620475708825
0.616681387329748
-1.68640791507612
-1.07580241774478
~
-0.741112447327678
-1.62584479139841
-1.11190113491266
-0.750086227283164
-1.39198436612716
-0.933460608980579
-0.786380683467566
-0.719052645752378
-0.392985146766495
0.655844044951293
-0.757461618998994
-0.411553062342766
0.688066354740035
-1.40912094839331
-0.863238725229465
0.698807142049446
-1.62634074223791
-1.00172496767723
~
-0.747238586462639
-1.65632261043814
-1.12762351299958
-0.755554095832705
-1.41542520701649
-0.945007475754332
-0.791620543093846
-0.732371963464118
-0.396808905383946
0.667296585774034
-0.765335814823474
-0.415727746026214
0.703248805953016
-1.43357778974726
-0.874676607363744
0.715232861710209
-1.65632514999346
-1.01540606562022
~
-0.747507296966771
-1.65364408655094
-1.12549617975032
-0.756114497710893
-1.40981032848179
-0.940694569471448
-0.791222437520454
-0.728544130003618
-0.394218857679626
0.663457163180421
-0.764991298315282
-0.41696880731881
0.69844676974081
-1.42807136988546
-0.871097103738544
0.710109954342044
-1.6490980428233
-1.01025405038964
~
-0.745380503722973
-1.66071653767547
-1.12539370488648
-0.756120730431085
-1.40614592171409
-0.938176758314643
-0.790827056609983
-0.727841759001145
-0.393944615079407
0.657493344980913
-0.758896811543327
-0.416289951659024
0.692330790473213
-1.42422678123338
-0.869411822757421
0.703943254793387
-1.64600343779673
-1.00828566683423
~
-0.750898196467594
-1.67301540119287
-1.13137212982466
-0.760986438068865
-1.41016778012493
-0.938845018618644
-0.793775886093794
-0.72924864607208
-0.392530368632505
0.658745139782783
-0.762673954612108
-0.41959222094207
0.693798723694421
-1.42902197506665
-0.87188746687364
0.705483234088593
-1.65113798188484
-1.01043978050876
~
-0.759097247606831
-1.67478717543014
-1.14225744730565
-0.76444151099335
-1.41268009049422
-0.939956268497223
-0.794575353476828
-0.731593648161877
-0.391118330987711
0.659439331097325
-0.763344139167633
-0.420996298763072
0.694881887074969
-1.43103112452561
-0.873793111931691
0.70669607240085
-1.65359352340896
-1.01249072642407
~
-0.793689190542514
-1.64978532650899
-1.15975445478809
-0.773581262757657
-1.41317016203954
-0.939145991953104
-0.796642872949666
-0.73441776297092
-0.385244289743706
0.658174745140937
-0.763838246202108
-0.422590122546904
0.631585945081155
-1.46623760853619
-0.9437069759516
0.622722994100494
-1.70037074694162
-1.10516437110253
~
-0.819259665718776
-1.62464215079001
-1.16583961809307
-0.781385312921182
-1.41361500112496
-0.935196302028439
-0.794285726005327
-0.740976318156408
-0.371901603557814
0.658682169064751
-0.764469599757526
-0.423965812705408
0.691242358023574
-1.43000136723784
-0.89884505248762
0.702095771984555
-1.65184525444853
-1.04488005937839
~
-0.884827767523302
-1.4462094363701
-0.996408520334927
-0.87863621040305
-1.31208117052674
-0.795619962525215
-0.794098819433013
-0.748498634676827
-0.347846619380911
0.656659958122664
-0.767093061142676
-0.425713299247369
0.690618930815693
-1.43115758220853
-0.897228783172711
0.701938606034286
-1.65251242256382
-1.04213316754948
~
-0.940235465031211
-1.48844991646406
-1.13404354934395
-0.890163497448015
-1.30885744173525
-0.796251451552301
-0.796189642770606
-0.756754991658839
-0.309940433541515
0.655190274925457
-0.769944199664999
-0.426220443698343
0.627775122790622
-1.47308841626389
-0.947777631665082
0.618636738745677
-1.70746980415358
-1.10936809693023
~
-1.01945966633462
-1.39270829129635
-1.10728352922146
-0.935305133527685
-1.26719304314955
-0.766723877497605
-0.811884195304448
-0.766306460631205
-0.233558010136228
0.654444748528529
-0.774079291501599
-0.428532314155623
0.626288815002249
-1.47861268769502
-0.948367944377389
0.61690348618191
-1.71345722367247
-1.10938101522923
~
-1.09923815282821
-1.29933745785295
-1.07733881412459
-1.03905679571769
-1.16435792070671
-0.663732627096693
-0.847720425209593
-0.761423204072058
-0.163131419400525
0.653415179715691
-0.784908859692039
-0.433335238514865
0.686853347853962
-1.43101991284251
-0.885762489363119
0.697999403900052
-1.64639024614982
-1.0242380237159
~
-1.17363643103102
-1.20179121515887
-1.03327482399959
-1.09036365616564
-1.12401830397333
-0.618094052433925
-0.90360777300149
-0.739996344276883
-0.0740862984933221
0.652663867222743
-0.79089298517828
-0.435941710624872
0.656709969762177
-1.50908504772086
-0.949607539189012
0.658058670608655
-1.74848243749125
-1.10845955776116
~
-1.26807540474925
-1.09320556454074
-0.915047970197144
-1.21257369717527
-1.05007044373883
-0.467002471038432
-0.987243349042528
-0.682183130480325
0.0475920811705743
0.651680540133767
-0.806488776327944
-0.440391042859252
0.654324089474302
-1.53211903019794
-0.958305070286175
0.655205272587814
-1.77399581742232
-1.11845357907514
~
-1.3619147606883
-1.00177041727579
-0.866500330247375
-1.34754215073658
-0.981234702950833
-0.374530158128127
-1.03661239402064
-0.637461771500357
0.10982198472198
0.649809628506363
-0.809448008051558
-0.442661236777608
0.634713791342516
-1.53520325132573
-0.961650594859933
0.629681845621233
-1.77712164776644
-1.12214542271338
~
-1.47487833172825
-0.877541448186713
-0.797040928692811
-1.40164468680799
-0.884802907791673
-0.314890401229733
-1.1035036951554
-0.547740970889377
0.177173486332099
0.646671657988458
-0.810070898145072
-0.443850293104121
0.684702108957023
-1.44020437054532
-0.869728465979019
0.697378925946544
-1.6502488613454
-0.999264810757519
~
-1.55574676546526
-0.78855327289096
-0.748068972404459
-1.51563877515206
-0.763086390395287
-0.249910063697126
-1.13928499167985
-0.4807532766391
0.210715658775746
0.643712240551487
-0.806357126326848
-0.4463684849865
0.681805621219876
-1.42719845690341
-0.862484242283783
0.694503397091426
-1.63414560246476
-0.988896023707762
~
-1.63507324150558
-0.70500063257654
-0.639556916467979
-1.59372049184585
-0.674870782343698
-0.171799826352585
-1.17563001220272
-0.399743798341242
0.242504366094594
0.642872084884555
-0.803639877631048
-0.446008345447267
0.620713767648374
-1.51203834604784
-0.948831487969485
0.613327644390898
-1.74817116885344
-1.10426354203854
~
-1.66789107898422
-0.629182561412884
-0.569079873906571
-1.61479000345812
-0.59737462150674
-0.145149897291871
-1.18992859909347
-0.33893832880959
0.253409191917592
0.639787274851242
-0.793869653984203
-0.441793960606489
0.621073641475941
-1.4895487297884
-0.934975054178814
0.614835746496624
-1.72144170349382
-1.0874165292484
~
-1.70370786119941
-0.601177069481195
-0.551916158931586
-1.63390552028041
-0.524215383976835
-0.159181666147086
-1.20216250376276
-0.311257707237457
0.256960510574918
0.650532737630351
-0.793501963100967
-0.438036205976448
0.634720411721004
-1.48800868971113
-0.928195952796975
0.629449653549205
-1.71951094904584
-1.07966749822043
~
-1.71240096251378
-0.599629430767391
-0.558492215510466
-1.62490152717584
-0.498915999616413
-0.175231162567058
-1.20303354175332
-0.284612463808244
0.239881302816908
0.647729920610729
-0.780049151318838
-0.430955094990382
0.632393362683045
-1.46126689958251
-0.911906583428386
0.627281176707151
-1.68833953274763
-1.06053508175587
~
-1.73285506017789
-0.619900568170837
-0.56324076779854
-1.65407264429914
-0.508824500174271
-0.222437157598582
-1.21185390266191
-0.270403092282657
0.210173767331145
0.646924807291469
-0.775833475651115
-0.42583740114225
0.632337064674564
-1.45222020948001
-0.902974463441907
0.627474467124457
-1.67768243741183
-1.05041733511445
~
-1.75638487708431
-0.752515524929671
-0.630037995407804
-1.68340639248128
-0.591452740479602
-0.325415702071286
-1.2165611721786
-0.275359335372572
0.166661196502764
0.645974847782896
-0.772252852748235
-0.418492457949874
0.689235310208992
-1.3434435406394
-0.795492654642448
0.703655480939834
-1.53384048636955
-0.909616628036014
~
-1.72614788792611
-0.819630621603859
-0.668822253696244
-1.66030347506475
-0.657274382851013
-0.37261453777449
-1.2132373469149
-0.301953467374554
0.098294323696643
0.645061982720504
-0.769729873736455
-0.40650257607221
0.63874166850044
-1.44470256575509
-0.870460735701856
0.636634880589731
-1.66969346309464
-1.01362824070516
~
-1.66544129334186
-0.910399180298182
-0.710686554742499
-1.62032866776898
-0.717628104729813
-0.401641716235879
-1.20721657392515
-0.323668558786637
0.0589522563576931
0.64270457393676
-0.769365844613781
-0.394043650450554
0.685730183938867
-1.33700386837491
-0.764356003490705
0.700072037457579
-1.52621659240792
-0.876321857228838
~
-1.58141115661629
-0.991526157407957
-0.751795479600163
-1.54977291612638
-0.790707767652545
-0.448497777591403
-1.19327011095701
-0.355555360231438
0.00927849075602102
0.636850003447493
-0.761137756536219
-0.379444772916789
0.63975154895752
-1.43359710222035
-0.838069227722991
0.64071874719378
-1.65775025024756
-0.979528230316918
~
-1.4995128746044
-1.05089678628237
-0.805572076148727
-1.47082909499959
-0.845946952414924
-0.504672353204655
-1.17247612823722
-0.39034965958141
-0.0368228377059947
0.63379026589293
-0.756684135342198
-0.363825782777389
0.639620597517098
-1.42530898793807
-0.822123150061427
0.641564025062692
-1.64818395513249
-0.963520730597406
~
-1.38979931577736
-1.12419582414329
-0.884137683217365
-1.39372824693442
-0.92684490540361
-0.587271608125998
-1.1341149697381
-0.451917143184391
-0.108673693232241
0.635378333901858
-0.757980211933935
-0.347331196542948
0.692805581911689
-1.33211758956364
-0.690832933517213
0.711948014296981
-1.52349674820424
-0.793926781759848
~
-1.32425642938176
-1.15429701074832
-0.929865175796476
-1.32468288250968
-0.986301100769539
-0.675177440630402
-1.10663422427761
-0.490384537626365
-0.156712872841513
0.636827533216654
-0.763366548385764
-0.330398837252408
0.69488082592446
-1.34292920313731
-0.68653475852639
0.714231939973098
-1.53611672176242
-0.793771158431755
~
-1.18958366501575
-1.18487022164629
-1.01214962023669
-1.24881530632099
-1.01577342478109
-0.75297740545437
-1.06945650133496
-0.530516809530845
-0.215586065371487
0.639404128059982
-0.768346138828569
-0.309579292506869
0.697129290509815
-1.35582020966591
-0.677767873766199
0.716371027893336
-1.55164491651194
-0.788959144228993
~
----
@airplane
-1.14132096676361
-1.1727019105966
0.335945946170503
-1.13977975733919
-0.993473578399712
0.363738807972639
-0.962077445004866
-0.369111790176861
0.341006300902184
0.688058558089995
-0.715702060811772
-0.42253197220407
0.833226156696187
-1.13430450398679
-0.920423078480954
0.872400036712553
-1.24459368195937
-1.05898459855077
~
-1.14223569849301
-1.17124708680121
0.336993208502498
-1.1406961766019
-0.992211784844459
0.364756278950322
-0.960939633283606
-0.368082622728242
0.339953301046499
0.685045844402062
-0.716738437747642
-0.422100750281659
0.828598236050031
-1.13570316225337
-0.919240313445318
0.868029351240412
-1.24528579672123
-1.05803359444666
~
-1.10035474569915
-1.3850768049448
0.270108345016803
-1.09882039733106
-1.20664630371547
0.297777379856481
-0.959236576311113
-0.365627612060413
0.338557542066524
0.680239666947858
-0.716436383303625
-0.422545241985954
0.823748513538868
-1.13339766750856
-0.918468886200847
0.862019548713275
-1.2427164986955
-1.05699723460474
~
-1.09940569511144
-1.38160501854946
0.270195054232202
-1.0978731860473
-1.20339145940848
0.297830183044978
-0.958461604981837
-0.364028929711222
0.337911303099313
0.678238744196619
-0.71689507052966
-0.422777287037586
0.821458173219004
-1.13285452765109
-0.918648733433775
0.858412055752415
-1.24220262778478
-1.05722558166279
~
-1.10059915247773
-1.37854645548182
0.271494220004529
-1.09906831126213
-1.20052957675452
0.299098958312771
-0.957821221279301
-0.361368024691383
0.337440584468637
0.67579613810749
-0.717743707302724
-0.423277437828588
0.817110499840156
-1.13346919211304
-0.919002593074582
0.854600439261952
-1.24232037062069
-1.05756762434393
~
-1.09901956828221
-1.37418386973553
0.271419146373314
-1.09749232076358
-1.19658750802226
0.298958767571592
-0.956339128495948
-0.35981373550468
0.336670142553331
0.673420425150755
-0.717294040202282
-0.4234677886601
0.813121697897526
-1.13218401761723
-0.918343571355275
0.85096362035268
-1.24041271596865
-1.05674789706575
~
-1.14033945480659
-1.1432763564223
0.33072976701338
-1.13880760126513
-0.965134462589049
0.358354034131402
-0.959734767137636
-0.358307289100462
0.336214658121914
0.674188852969827
-0.719808461152272
-0.424300725123735
0.812894732465626
-1.1366329383679
-0.920589589960436
0.851160550100831
-1.24487695179321
-1.05958219695469
~
-1.14296130978126
-1.14563832226239
0.332538748832346
-1.14142775519445
-0.967300921556766
0.360193375860158
-0.960641287532265
-0.356821831598238
0.335161265152876
0.673770113128707
-0.721843533421167
-0.423843424444648
0.81141553179482
-1.13971471722392
-0.920564974576507
0.849850240322589
-1.24781474691415
-1.05987933454723
~
-1.15025957691067
-1.14944475349014
0.336029624962596
-1.14872099934954
-0.970525389231862
0.363774939239143
-0.963984233446755
-0.353576048412241
0.334789343051078
0.672980239069343
-0.725922903515486
-0.423985258418926
0.809864527185113
-1.14526829615706
-0.922645629114693
0.848483842332845
-1.25352330923946
-1.06255159275643
~
-1.15058329212247
-1.14829650671524
0.336566155892677
-1.14904657889822
-0.969589622073407
0.364278065829627
-0.963130397485775
-0.351395814658585
0.333767161441074
0.670960199748251
-0.726906811251734
-0.42376093625819
0.807273645390561
-1.14553820025082
-0.922201706157646
0.845709065074425
-1.25355738913963
-1.06206242376584
~
-1.15264260380334
-1.14866531222711
0.337680812230646
-1.15110545748383
-0.969909848636747
0.365400640029217
-0.963722366018156
-0.350240802744837
0.332999789644552
0.669423550523776
-0.728308498271937
-0.42360032252931
0.805000226875904
-1.14747968776718
-0.922072204351057
0.84391024669851
-1.2550372154308
-1.06222073171823
~
-1.15221581820284
-1.14696254763556
0.338469547181517
-1.1506788993599
-0.968235323666678
0.366184956651208
-0.962717444759187
-0.347235645231526
0.332776737047247
0.671052773420916
-0.728879767149618
-0.424340727824046
0.804830526202937
-1.1481228143224
-0.923180793394138
0.843863304959591
-1.2553721312274
-1.06349442550058
~
-1.15499034381885
-1.14827417680616
0.339471003784014
-1.15345064133769
-0.969218755244094
0.367236826749649
-0.963880785733237
-0.346057303857766
0.332678092540995
0.672266467316376
-0.73027659452831
-0.425301480224585
0.805168454918597
-1.15074071626119
-0.925023223247167
0.844271334157693
-1.25796935154093
-1.06576101277374
~
-1.15542623220335
-1.14668092032548
0.339702508055012
-1.15388841517876
-0.9678400652258
0.367434121543901
-0.962524585766143
-0.345872143786872
0.33193621391181
0.669947887176898
-0.730784722435011
-0.424727456837284
0.802308646933835
-1.15042693654103
-0.924300150092156
0.821726291306077
-1.19507761293442
-0.996542551653371
~
-1.15681141422712
-1.14680483019195
0.340409859279315
-1.15527387653309
-0.967998034871881
0.368136967530228
-0.963259229996699
-0.345160756112507
0.331487167343286
0.668359716339798
-0.731783275455676
-0.424185436332986
0.800614786333304
-1.15090881886979
-0.92413401148654
0.819791829804769
-1.194726973008
-0.995782557555375
~
-1.15778789504285
-1.14804677558693
0.340986173800392
-1.15624877493446
-0.969056841260301
0.368741926369581
-0.961932233950159
-0.345692285115675
0.330952966257483
0.670153319133436
-0.732769952408225
-0.424522636873491
0.800962923776942
-1.15184685984379
-0.925912747118065
0.81994062820467
-1.1939610457519
-0.99635411007591
~
-1.15847414594713
-1.14830253013533
0.341865793681298
-1.15693434915273
-0.969235319663764
0.369633432449103
-0.961906237129707
-0.344328010904226
0.330725007825388
0.671147643595321
-0.733587095260686
-0.424519591937514
0.802294978058356
-1.15124671379117
-0.927535950291662
0.820242369877138
-1.19399111595854
-0.996473094053749
~
-1.16097750381587
-1.15093710150854
0.343858033560301
-1.1594338738891
-0.97141983531943
0.371695438807794
-0.962784737832566
-0.343737290236489
0.331604396278502
0.674405506507798
-0.735177057471864
-0.425519703475754
0.807180785414313
-1.15129091990803
-0.931801571047241
0.844181373822231
-1.26039358643381
-1.07226971163401
~
-1.16223195814282
-1.15154780324566
0.345710052245218
-1.16068697119388
-0.971883058651319
0.373570224556886
-0.963425680468877
-0.343171494020417
0.332639126964181
0.675935326928058
-0.735960754106191
-0.425732863072029
0.807685121388325
-1.14858144961753
-0.936186959775148
0.845738530925687
-1.25981187783642
-1.0748871973332
~
-1.16346593383522
-1.15220978498448
0.3469636850525
-1.16192141056458
-0.972590071335835
0.374817099464637
-0.964119026856481
-0.343030889666877
0.333016946777524
0.686825956621451
-0.710796253764338
-0.453546019357781
0.807396050273673
-1.15566546401572
-0.936756346995514
0.84728845674384
-1.26388096972638
-1.0772534119257
~
-1.16387346940192
-1.15262716021096
0.348965876641359
-1.16232816361628
-0.972920373009222
0.376832658219663
-0.964124347066872
-0.342476016100081
0.334483678692433
0.689290265914375
-0.709266665300149
-0.455952570298978
0.812631050473229
-1.15086219297374
-0.942136227768622
0.851965961463491
-1.26125686395919
-1.0812019152223
~
-1.1706795480063
-1.15716553359042
0.352897499748204
-1.16912802519693
-0.976733744374744
0.380876611687445
-0.967777679443521
-0.341497146815232
0.336297827376943
0.691399854034576
-0.710063212573162
-0.458302357899499
0.816799762356511
-1.15107301410092
-0.948355779910197
0.856861473913041
-1.26302457169137
-1.08692979691059
~
-1.17088320168486
-1.1575445467231
0.354273464559789
-1.16933099212932
-0.977037107967706
0.382263784573188
-0.967721042783335
-0.340921975141429
0.337135546058756
0.693225107980384
-0.708605254780486
-0.460907926392565
0.82225319661747
-1.14710563224633
-0.952797715624833
0.861094311744494
-1.2606454667948
-1.0905254172766
~
-1.1708843028828
-1.15775021171229
0.356037440807531
-1.16933258342923
-0.97729764830718
0.384019568912722
-0.967923188521792
-0.341428728332922
0.338813386992988
0.692642484255835
-0.708702858892863
-0.461726955367383
0.824632000077921
-1.14430208351487
-0.955285305230257
0.863809035108174
-1.25820051839656
-1.09254711257597
~
-1.17083972823819
-1.15773833500912
0.357376959055099
-1.16928834108045
-0.977334851731642
0.385350953997829
-0.966888300952779
-0.343236741629764
0.339452244893994
0.704908626194462
-0.702732955700996
-0.460874274891993
0.823673398564393
-1.14140183110533
-0.954931300615445
0.863557846476115
-1.25518263976422
-1.09202070313498
~
-1.17035984494279
-1.15737990208899
0.358634297906048
-1.16880905067119
-0.977037344399085
0.386599212445859
-0.966625832657542
-0.342717220367995
0.340402098227582
0.695341334359113
-0.700739183814389
-0.470779041525014
0.82648203701316
-1.14337807527396
-0.957255975725081
0.867138391185466
-1.25703203820164
-1.09414172826842
~
-1.17017650460877
-1.15790140262487
0.360110319594272
-1.16862448962669
-0.977408700991867
0.388098430213669
-0.966460935320119
-0.342031065497635
0.34170335764128
0.698797157312169
-0.699665444558743
-0.47241408085317
0.828890930469074
-1.14336066101645
-0.958974954998402
0.870121402737426
-1.25709722451242
-1.09582304594478
~
-1.16995121302875
-1.15767242451916
0.361202067123676
-1.16840007364427
-0.977285870943293
0.389173640158717
-0.966085657963376
-0.342032951831021
0.342272589189947
0.6760726736344
-0.719767400693777
-0.478535198139039
0.835666872572784
-1.14942840692992
-0.96867083562938
0.877339043863484
-1.26294179231034
-1.10542717140419
~
-1.12777374769334
-1.376860335853
0.292063153626208
-1.12622410245484
-1.19665217770059
0.320007891559387
-0.965173245058269
-0.341193406431655
0.342876629560276
0.687108690676429
-0.712798954951312
-0.462329261089492
0.830514031114957
-1.13832694914865
-0.960827321190829
0.872452314752749
-1.25188346343666
-1.09722540736126
~
-1.12672228768831
-1.37740971956835
0.293376976241763
-1.12517257421604
-1.19719188405536
0.321323162093388
-0.965249909559909
-0.341455705560646
0.343564245946336
0.683868889404109
-0.754107698077757
-0.510793390320178
0.849445740569357
-1.17859553631879
-1.00285587053851
0.89121344949656
-1.29250450390018
-1.13902506876408
~
-1.16854624547675
-1.1530142660517
0.35416859159391
-1.16699664343992
-0.972813759332154
0.382112448803625
-0.965457087170587
-0.342144983379129
0.344500572342491
0.683703257210543
-0.750727790330563
-0.503925127349892
0.846802040315761
-1.17454162099481
-0.997440993542223
0.888847784126864
-1.28854377046889
-1.13342326520165
~
-1.11622801480002
-1.37729190712168
0.290145564561768
-1.11467883066568
-1.19713825568811
0.318082103167905
-0.966399243108414
-0.344847088984361
0.346023774886833
0.681883269616116
-0.754921551193894
-0.501792787886011
0.845727952313885
-1.17682749083239
-0.996595559428748
0.887976999599643
-1.29083692023841
-1.13244488660298
~
-1.1668144640624
-1.16032941196599
0.358279741252986
-1.16526401325695
-0.98002634199337
0.386239767569252
-0.966099560190177
-0.343979359928957
0.34670415506622
0.68367599988443
-0.755561460250317
-0.501215560715069
0.847890741159895
-1.17683951080562
-0.997265842014883
0.890545237099478
-1.29088024901813
-1.13316520184833
~
----