@Rock On
-0.866136505482016
0.402701553716648
-1.54586595722572
-0.906474372073737
0.254799546270196
-1.50411211898665
-1.07432457188483
-0.285053397822835
-0.982953755834597
0.56404116877253
-0.801893572958963
-0.390951375728013
0.518839885433274
-1.43255694126139
-0.983775738679788
0.475440548770763
-1.68174468649609
-1.19119086969541
~
-0.874925546420871
0.417953964988294
-1.55947388780567
-0.916999421035443
0.264375024001109
-1.51421866976191
-1.08569084201433
-0.285686970860255
-0.985880565874497
0.575029674540506
-0.81585672403408
-0.395937429582759
0.530600681208839
-1.45817087750886
-0.997639080885601
0.486683766955731
-1.71159683860452
-1.20814591701149
~
-0.873403181960192
0.414520593640083
-1.55968419449793
-0.912585438555423
0.269292020422672
-1.52266989963676
-1.08081636103978
-0.276256120213221
-0.992266051698332
0.573219344008959
-0.814210900508654
-0.395751580362628
0.529034525701962
-1.45544429991299
-0.996127358927729
0.485199786818948
-1.70801161994056
-1.20633395869957
~
-0.872581329376167
0.41251669309114
-1.56055866417528
-0.913358280051474
0.261750948492262
-1.51876437811704
-1.08152676226672
-0.28328353118587
-0.989523596507065
0.572082308376666
-0.812064757464712
-0.394712825005718
0.52854004357023
-1.4545287089727
-0.995106219570672
0.484835142572788
-1.70651502822809
-1.20531599086636
~
-0.870608720239006
0.412312322790709
-1.55874843957791
-0.916665694817778
0.24482793666939
-1.501599108199
-1.08433617777662
-0.303393696357463
-0.977863933208704
0.571586251501803
-0.81046978634062
-0.393517206436915
0.528134798707421
-1.45242437503202
-0.993309195781027
0.484670171895391
-1.70401423605358
-1.20320561577494
~
-0.868875087369947
0.412356451630795
-1.55783125855237
-0.91422847781404
0.247753535019662
-1.5032924468702
-1.08055243112163
-0.300141327187597
-0.980834167671056
0.570329773273975
-0.809557466714401
-0.393171933204758
0.526965264083831
-1.45053792984899
-0.991795123074377
0.483253540797496
-1.70152408779715
-1.20149519253808
~
-0.86799163112817
0.412235027767716
-1.55718869887435
-0.907248236830083
0.264724506742827
-1.51914473593809
-1.07433171484253
-0.27799520874542
-0.993351529173828
0.567370393335653
-0.796815885148194
-0.383911795971057
0.525650482860301
-1.44767623075748
-0.990155043456309
0.482232618683565
-1.69821277299801
-1.1995016822184
~
-0.866223381804681
0.412315065487423
-1.55510652987377
-0.910327837384601
0.248996289670249
-1.50202539471056
-1.07554074664268
-0.298072025984724
-0.982742257429538
0.566929967845182
-0.799256654602375
-0.386394406641104
0.525633902965499
-1.44567639865221
-0.988245211211731
0.482302384295976
-1.69568250899123
-1.19734996192633
~
-0.8670403819105
0.41401772936746
-1.55675476530219
-0.914366795591284
0.239480722578365
-1.49409325525235
-1.07827671558876
-0.310769758650871
-0.976832933890777
0.568400083780795
-0.789342791086639
-0.376460703116836
0.526342170142956
-1.44786236321616
-0.989177405395141
0.48303220024478
-1.69813200317478
-1.19853604084759
~
-0.869476308028647
0.414143130283718
-1.56030546197993
-0.91567053325486
0.243017121684893
-1.50109429040762
-1.07956987842016
-0.305253462158025
-0.979824267377273
0.673997479789136
-0.880378802558353
-0.301734183441942
0.702880150560668
-1.45274317346811
-0.821978796671691
0.684680231805798
-1.69535415970736
-1.04458047672877
~
-0.868799096548511
0.414045309803798
-1.55952893202225
-0.917807215788418
0.233496811407274
-1.49182376297775
-1.08027462087557
-0.317207735093599
-0.973707960571312
0.56826408468265
-0.801308705805736
-0.384273996344902
0.523528386847027
-1.44585750547733
-0.987813038408906
0.481911137934151
-1.69834177932246
-1.19549958239043
~
-0.86686184553469
0.413573259302152
-1.55718767803375
-0.907987644973745
0.257684876354913
-1.51160103008942
-1.07459870710965
-0.286102002785454
-0.989281898216561
0.567738387018831
-0.800751726581364
-0.384325703568199
0.52329153210672
-1.44323688480218
-0.986089661579602
0.481867342803745
-1.6952476664134
-1.19341607854965
~
-0.865256740358229
0.411406839716659
-1.55634116121455
-0.903535516592744
0.263926217249445
-1.51839365992843
-1.0708114141304
-0.276964826974478
-0.995056994161755
0.56806847535433
-0.794466585071928
-0.37879660405731
0.523116348102355
-1.44145805424161
-0.984976896596365
0.481916284087371
-1.69307123429885
-1.19198232997465
~
-0.86523406649514
0.411893533112107
-1.55552568218515
-0.902751647840175
0.266329111730225
-1.51946854070065
-1.06987187088502
-0.273701393208085
-0.995702220305461
0.568552546380123
-0.789734478644354
-0.3742885830224
0.523393145199373
-1.44165172674273
-0.985001723667431
0.482068774971773
-1.69302300108947
-1.19205650978218
~
-0.863446701835851
0.412558153427025
-1.55498141049614
-0.908830770181229
0.242939019188278
-1.49663975665533
-1.07467482383588
-0.303613871083738
-0.979848792172421
0.569135471889477
-0.796459521449943
-0.379639726086082
0.525718796014803
-1.44346332722334
-0.984687503776223
0.483797338417863
-1.69446515856678
-1.19213707575268
~
-0.863012337398582
0.412919708846033
-1.55502400438463
-0.907381886403503
0.251186751377639
-1.50445451046416
-1.07281612178379
-0.29389296503144
-0.985553826883815
0.570082612629355
-0.791630366095679
-0.374722473411515
0.526352138344949
-1.44417550511293
-0.985171230551437
0.484099100790487
-1.69522387937525
-1.19264819671765
~
-0.862015982526604
0.411473104394261
-1.55326920319396
-0.90595683686451
0.250102568992989
-1.50304520454393
-1.07233248447421
-0.293473513888406
-0.984741892892449
0.569034440571005
-0.787043757121455
-0.37178739599177
0.526034393489047
-1.44246652134336
-0.983944305783131
0.483495368922886
-1.69284262816154
-1.19135304810372
~
-0.862177850619339
0.410310002468962
-1.55347809700879
-0.902949320025545
0.258309388082702
-1.51258092177655
-1.06931014785815
-0.281407641152541
-0.990875128874441
0.568693734344119
-0.791638653222618
-0.376300995101461
0.526852170723335
-1.44378158979346
-0.984108350165857
0.483691135844649
-1.69334400247107
-1.19196749762709
~
-0.869911756632846
0.425504398286024
-1.56212969366549
-0.909535890472552
0.275853229970117
-1.52532723113317
-1.07735349867992
-0.268577925875184
-0.995180553187931
0.576627493657648
-0.805757184399629
-0.383797618194903
0.536405582536568
-1.46368322328626
-0.995168084418863
0.491911893398248
-1.71585483745004
-1.20585243005769
~
-0.866185899635256
0.420797902063118
-1.55854698323171
-0.904359478035481
0.275356053150403
-1.52524970871635
-1.07188518551928
-0.265649481695778
-0.997193341709666
0.573676250127055
-0.805910458088248
-0.386346063356256
0.534191107635192
-1.45646552628661
-0.991835623169834
0.489530729903089
-1.70707448402786
-1.20176609514159
~
-0.861528812089706
0.416517683398146
-1.55383741371991
-0.90341487139066
0.2607460665346
-1.51034372417284
-1.07080468973965
-0.278592899018139
-0.987762563694859
0.570304544367264
-0.801934795393359
-0.386203979043175
0.531409661992109
-1.44838076308849
-0.987689870082743
0.486661622139617
-1.69700371042349
-1.19680516093501
~
-0.860418964228675
0.417260304198668
-1.55272762876946
-0.911647748984763
0.233163812900659
-1.48345491152103
-1.07435075817038
-0.313676072499359
-0.968873560621705
0.569910825506685
-0.803587924674645
-0.387358238426834
0.532557763467974
-1.44912039048519
-0.986252889014904
0.487100329157332
-1.69695216721322
-1.19576516201669
~
-0.859911165079804
0.417346826012694
-1.55241153253403
-0.911076454541499
0.23364228511008
-1.48381220228633
-1.07461541005861
-0.311007415296987
-0.968297859398843
0.568903996154053
-0.803733406037576
-0.387705332581672
0.531859587906374
-1.44793583594566
-0.985715951967942
0.486204242405059
-1.69531742743175
-1.19519281139491
~
-0.861003428121885
0.429411898388394
-1.55035803273038
-0.905967269174509
0.266653622695314
-1.50126907370694
-1.07181212839033
-0.275570845579672
-0.980221378796619
0.571014089753044
-0.807651065609462
-0.38957731078375
0.535215877946469
-1.4530228205073
-0.98840033411208
0.488559342705501
-1.70058308337188
-1.19899375806218
~
-0.8634014353747
0.441873993892781
-1.55229235612377
-0.910449505459251
0.272306118890396
-1.49757018328984
-1.0773601011067
-0.276415983167492
-0.976022819127031
0.576571134313742
-0.814177905361538
-0.391581842487838
0.542076625367464
-1.46435207975517
-0.99368244645866
0.494514436742723
-1.71333015323702
-1.20599984487516
~
-0.862128839938269
0.443186113149752
-1.55079416678671
-0.907308867537227
0.278404114859064
-1.50091516657361
-1.07576253358791
-0.2671681971525
-0.977050349389426
0.576919122047604
-0.815662945396403
-0.392535551109909
0.543288302918556
-1.46465775990116
-0.993405016004203
0.495419918391647
-1.7132127639944
-1.20586414703134
~
-0.86219860110719
0.443506030476777
-1.55350018385875
-0.904720120310986
0.285999529298489
-1.51079070727947
-1.07330175960062
-0.258243980438875
-0.984457561317296
0.577516580719553
-0.817286519887204
-0.393338510894766
0.545816123518048
-1.46694155838307
-0.993386092739742
0.497595658837381
-1.71511658436505
-1.20667211478858
~
-0.860991983310369
0.442053632036745
-1.5538245381928
-0.906172764448536
0.275147161921158
-1.50249080502298
-1.07654587108671
-0.269501932465658
-0.978183532172903
0.576559779149169
-0.805106428490415
-0.381555807772944
0.545243155080093
-1.46597619850153
-0.99357905186896
0.496805804614221
-1.71379081821329
-1.20667574794256
~
-0.86178066814212
0.443488779255558
-1.55416876266996
-0.90838692623628
0.271119929777084
-1.49804295683382
-1.07905252983852
-0.274985703805838
-0.974518961190677
0.576014835690296
-0.805850601920814
-0.381738933009394
0.545060910902676
-1.46685388885755
-0.994561541764268
0.496238326828864
-1.71460560977808
-1.20770942209217
~
-0.858933945222436
0.432782055312181
-1.55855980185102
-0.910967710177374
0.243597676359817
-1.48726256430264
-1.0758332663572
-0.306874938483545
-0.970634989095536
0.574477261120383
-0.797942729764854
-0.376158998188237
0.543547105810607
-1.46155908284979
-0.992956143442361
0.495800808672764
-1.70858589152345
-1.20538598266196
~
-0.861039207267838
0.439611498991742
-1.5604409803112
-0.908609602330529
0.26416467928992
-1.50216363376863
-1.07626774307112
-0.285684429212586
-0.981050390494639
0.576495928457006
-0.809056556804861
-0.38417541754788
0.54651782146831
-1.46770805563398
-0.996269214773948
0.498423531217155
-1.71570331814873
-1.20952275637912
~
-0.861070671837964
0.444877623460232
-1.55707390950591
-0.904072817336707
0.284371421134966
-1.51241664239273
-1.07410480891933
-0.263339688375748
-0.98812926523986
0.577292099751485
-0.809295819365411
-0.383163855624025
0.547620022972315
-1.46988319650805
-0.99707582040128
0.498815290496772
-1.7179666762509
-1.21055114876721
~
-0.864043301923424
0.451126081176446
-1.55969525440893
-0.911494467658852
0.278390145844079
-1.50434003850529
-1.0801023020147
-0.275525610469889
-0.980858015153826
0.580267618016148
-0.816763398816974
-0.387343680531687
0.551109595750896
-1.47800281248202
-1.00130162398126
0.501846740048146
-1.72733679814737
-1.21572512193398
~
----
@pinky and thumb
-0.91514560271415
0.480437513315785
-1.57570219915967
-1.01950470992689
0.313107060704425
-1.46919017680385
-1.13922356170953
-0.101142349444971
-0.882871281113812
0.630296506093783
-0.909274096481224
-0.236920726423994
0.677264100465319
-1.52518540291023
-0.794992233113081
0.747211940920552
-1.78768097474285
-0.947124841919296
~
-0.919731451521687
0.480205844580052
-1.57992439562459
-1.02344805651524
0.312424048906625
-1.47151494057411
-1.13904361947391
-0.101201864651765
-0.883481171962299
0.631644701314957
-0.910103616886413
-0.235160660518011
0.680065268264196
-1.52468163415679
-0.79188756602631
0.748231842330398
-1.78663740511658
-0.946081149375371
~
-0.9239376419486
0.479859263094331
-1.58447614738397
-1.02714415891159
0.311285294452429
-1.47447157191628
-1.13839812936767
-0.101218752749026
-0.884321686811131
0.632613732199425
-0.910999778564916
-0.234983621645212
0.681217196107897
-1.52481552170839
-0.791155035442113
0.748097924539695
-1.78542893511057
-0.948494550954266
~
-0.925026787362093
0.479146998299183
-1.58594524500072
-1.02636330928443
0.310840400729755
-1.47461115871885
-1.13660476264767
-0.101081404216548
-0.884611074236155
0.634592930571985
-0.910723578152687
-0.232836584979636
0.683493757114692
-1.52463535687041
-0.788575352192217
0.748582517536412
-1.7839531758191
-0.948345667835222
~
-0.927973971147131
0.478134391550278
-1.58740559256117
-1.02805215425821
0.310680592851897
-1.47614098605668
-1.13611685070251
-0.100639179457663
-0.885356128098585
0.63599643326591
-0.910292076105226
-0.231796162852075
0.684910901241449
-1.52478841901956
-0.786963108535769
0.74845750266817
-1.78261854928641
-0.949757660360039
~
-0.927247531069413
0.477504739876477
-1.58632062177401
-1.02651151102784
0.310428382561607
-1.47474049424757
-1.13398782886553
-0.100443793072335
-0.884837476168688
0.636944336100826
-0.909734945743091
-0.231436507183596
0.684936056897062
-1.52242001644559
-0.785074192930479
0.748102104098177
-1.77996967765493
-0.947691780535968
~
-0.925678452980337
0.476834339427744
-1.58605000635989
-1.02460637143388
0.312191662501197
-1.47700641933317
-1.12877145950391
-0.097207401735771
-0.88720800100669
0.636557951542621
-0.909511354258114
-0.231020296454838
0.681308083495829
-1.51873075593642
-0.785175135620697
0.746568643537045
-1.77677936444373
-0.945053411747343
~
-0.924195968628186
0.475804260728644
-1.58592840757548
-1.02330534826372
0.312507913828392
-1.47800072998312
-1.12695323817555
-0.0974606787250637
-0.888552515543646
0.638234711163118
-0.909570515163644
-0.229868550243336
0.680943207179237
-1.51863299590073
-0.784795013741844
0.747538745866084
-1.77687582556053
-0.943899669236416
~
-0.923346682698473
0.479356181425929
-1.58634400125698
-1.02312022594344
0.316614738479139
-1.47930887888155
-1.12673703568978
-0.0952772778928443
-0.888633518249695
0.644506939969643
-0.917906752409005
-0.227922796168346
0.683054217984573
-1.51757163750246
-0.782216822934494
0.750678143362411
-1.77734063576151
-0.940279049190511
~
-0.922524935213952
0.477718236775174
-1.58740850006189
-1.02241292301854
0.313926740999529
-1.47995000723042
-1.12639959735821
-0.0974730162369654
-0.889290892590559
0.643348822773878
-0.9157866672858
-0.229013358765139
0.680254605418287
-1.51884553237507
-0.785929368847478
0.749612616748881
-1.77934451935896
-0.941927198866441
~
-0.918367468243257
0.477275806554995
-1.58923118477445
-1.02017390750995
0.312461416955859
-1.48096701303197
-1.12554927457301
-0.100157849617239
-0.890990928481943
0.644674304173417
-0.915187769149518
-0.228551871866235
0.682037574363426
-1.52241086080791
-0.78750179674052
0.75194578832165
-1.78470938481765
-0.940665264890257
~
-0.914453602065568
0.474035237260917
-1.58968717780727
-1.01651361692953
0.308332865485784
-1.48247818342034
-1.12253757130788
-0.103030853847812
-0.892710682418891
0.644367382443334
-0.913285435249798
-0.227627686833959
0.681340008361047
-1.52283464902028
-0.787682917051736
0.750725688928413
-1.785012411222
-0.940698579267466
~
-0.909909896458633
0.46929207262347
-1.5912979199516
-1.01434811946436
0.303044717940304
-1.48373292090505
-1.12157244264817
-0.105859394670155
-0.89304687018069
0.642794766948447
-0.911679464685237
-0.227564184539433
0.679104626633914
-1.52160941237701
-0.787933407669865
0.748215288109872
-1.78329780165312
-0.941550877622303
~
-0.908417100860353
0.463955015052727
-1.59534381174654
-1.01794242383978
0.286403235567696
-1.47106980549937
-1.13493517678929
-0.124890393251148
-0.879899182001228
0.647365137668527
-0.9181488992216
-0.226378551165754
0.682734126429032
-1.52914426770955
-0.789880606066805
0.753742965150533
-1.79237276333642
-0.943051429791566
~
-0.906109152781282
0.454233884240893
-1.59191356018245
-1.01557378989771
0.278094503814834
-1.46799487604986
-1.14316796891846
-0.14102662125845
-0.868746564638354
0.644710154677983
-0.915312127551801
-0.226138157648715
0.678248170824693
-1.53049804408573
-0.794765993384393
0.753850692401871
-1.79528008864675
-0.942493306335563
~
-0.908465787120673
0.449168234357963
-1.59313257345755
-1.01668085988666
0.272952406479885
-1.46957614274443
-1.15020556087005
-0.148866894633929
-0.86441925712823
0.644242518419935
-0.915034982042154
-0.225218941751306
0.67774182438646
-1.53331262685519
-0.796814625432314
0.754460745300672
-1.79946378244745
-0.941548966705544
~
-0.912924522662084
0.446235900863467
-1.59541178117595
-1.02160108091987
0.268661890483276
-1.47069203380922
-1.1579949439649
-0.150724096764079
-0.861609574320768
0.646283331348543
-0.921118891355542
-0.226975823639556
0.681360110361371
-1.53972429308897
-0.798108849708369
0.758011655009262
-1.80617115411703
-0.939169672630571
~
-0.913401294947379
0.440498837039164
-1.59640843666281
-1.02224946621828
0.26092419434717
-1.47094000247016
-1.1606781898879
-0.155183475154824
-0.860927821472248
0.644101633745008
-0.917966108096953
-0.226584122283912
0.679931098280647
-1.54365927110933
-0.802382542704083
0.757059246983627
-1.8077882031015
-0.938634105831968
~
-0.91093451585914
0.437441712931007
-1.59794640810109
-1.02196920343717
0.256760164111155
-1.47131277915605
-1.16091975180891
-0.157966589123279
-0.860635854349566
0.643740884434541
-0.917429275376481
-0.226008407722608
0.679476838835524
-1.54386947539915
-0.803436849155373
0.756325484870682
-1.80820685894721
-0.938661739148122
~
-0.911872721285271
0.432262926778131
-1.5972479852655
-1.02114228879273
0.253734490228683
-1.47131265787372
-1.16096740835192
-0.160189257588452
-0.86039765914555
0.642769763825687
-0.916458104314727
-0.22689451870971
0.678777012240001
-1.54346983173979
-0.804025326029693
0.755009718489883
-1.8088472821315
-0.939014951741383
~
-0.912969495158974
0.429043607485749
-1.59698697582042
-1.02194209344783
0.251076836599552
-1.47163594599525
-1.16145161600642
-0.162740581708803
-0.86041669022848
0.64259084781666
-0.916618276151885
-0.225694211030624
0.677614006601379
-1.53967904466467
-0.8022685739008
0.753468785393851
-1.80851266003751
-0.942619769163404
~
-0.915897894070273
0.424866421572836
-1.59670815560792
-1.02352471550392
0.247317264532914
-1.47200115902639
-1.16207409780852
-0.165432335289141
-0.860731490785502
0.642649124148745
-0.916670360224778
-0.224979888282874
0.676293414895467
-1.54091639939089
-0.804101503014324
0.753094578650884
-1.80936681105002
-0.941460994188451
~
-0.915957866021177
0.420666143315113
-1.5947906952611
-1.02455898452054
0.241576298841689
-1.46902269725475
-1.16190472338942
-0.168049919960759
-0.859842585378703
0.641910719243796
-0.915999244825722
-0.224553015408207
0.674481216854444
-1.53961934325921
-0.805163535744405
0.751268926621612
-1.80845519312141
-0.939354755637935
~
-0.91710874831274
0.416490309339282
-1.59381596792229
-1.02558130267306
0.23693120324567
-1.46852503786717
-1.16303099620818
-0.169871368751465
-0.859090104554924
0.641915297021342
-0.916767619759073
-0.224524709987887
0.674934832535088
-1.54026827355527
-0.805555385994684
0.750798589732119
-1.80984941808489
-0.938097196878614
~
-0.91885250844911
0.413942395156766
-1.59294214849672
-1.02760497400674
0.23431126514763
-1.46840030191479
-1.16699500075711
-0.173746837158421
-0.85834744718055
0.64255719054114
-0.917616478158494
-0.22383723687337
0.675819995787727
-1.54253999224828
-0.806197033092385
0.751878894116394
-1.81273115460561
-0.938345619924617
~
-0.919435721505865
0.412686537094013
-1.59125759735498
-1.02813774804809
0.231607335145175
-1.46635035408331
-1.16880430425285
-0.176540166785331
-0.857220411880756
0.641171922591328
-0.917451585062795
-0.225008798753577
0.675137167866034
-1.54408300746113
-0.808354123665441
0.75151181933573
-1.81253172154782
-0.938147128873986
~
-0.919855132298844
0.410597324047863
-1.59020140978358
-1.027969754938
0.22930731076319
-1.46591363438759
-1.16895624555079
-0.178420058725934
-0.858392032708003
0.640634609757378
-0.915793128192308
-0.225264239256092
0.674683278275255
-1.54637073571063
-0.811259773311417
0.751634083850395
-1.81397801800736
-0.939378705110053
~
-0.921416705384975
0.409011218882345
-1.58788643856414
-1.02998358760137
0.225898874316274
-1.46256369825057
-1.17028613310099
-0.18072248555841
-0.857438600741214
0.640702825591717
-0.915926474103135
-0.225500966299503
0.673674065187889
-1.54827602149352
-0.813907913381325
0.751695947132104
-1.81447212340919
-0.94018916532029
~
-0.921775368503575
0.407964987195002
-1.5865139419832
-1.03055300222781
0.225197042149745
-1.46183111170834
-1.17154101533261
-0.181683366864831
-0.856936801755942
0.640120458039334
-0.915434036733942
-0.225917927497119
0.673469205737836
-1.54765731171515
-0.814305978093472
0.751037563335542
-1.81456722418377
-0.94149424788492
~
-0.923548262184176
0.407438775133962
-1.58585702921461
-1.03084670234494
0.225210705909249
-1.46224190982224
-1.17199918881677
-0.181817408729569
-0.858208989730075
0.639066948406331
-0.914465469271451
-0.226645810372562
0.672528561124133
-1.5470313178139
-0.814843588106023
0.749796379411048
-1.81456843777382
-0.942426484665217
~
-0.924397914384367
0.412393928587226
-1.58891363840149
-1.03357440616555
0.227932249096902
-1.46431084917856
-1.17575637623628
-0.180950589689806
-0.858738966583794
0.642704065079668
-0.921088776334235
-0.227588667434077
0.67667181124648
-1.55012637039088
-0.81388887813527
0.753815368259683
-1.81902454156797
-0.94402268242624
~
-0.926515727829597
0.411301674984516
-1.58805941873221
-1.03392341560004
0.227789558340447
-1.46476882262623
-1.17629692593449
-0.181768267853962
-0.859191903720924
0.641460244688204
-0.921083569385904
-0.228535621020679
0.676256149179505
-1.54990598749784
-0.81404339401658
0.753559356852865
-1.81919562905907
-0.945345640844525
~
-0.927197002443646
0.411751810044531
-1.58678197236655
-1.03325577927878
0.228520159981504
-1.46439479735479
-1.17658948418691
-0.1812287912588
-0.8593446546199
0.640496550850859
-0.920910532734478
-0.228369760118782
0.674707343256334
-1.54943240139872
-0.814022206231947
0.75232714998776
-1.81750109518286
-0.945910196275521
~
----
@middle and index
-0.946329768148672
0.419104718262129
-1.70788129660799
-1.0322010351619
0.18545934689306
-1.57058134074124
-1.12312841413355
-0.266423638099121
-0.931752197922359
0.639813659174945
-0.952924199127422
-0.308761303199936
0.647344895225128
-1.58081899871417
-0.913341728105151
0.717795562367807
-1.83089637101852
-1.05980761081219
~
-0.944635363914002
0.42235165569183
-1.7049271347386
-1.03226785394615
0.186427737687041
-1.56595818500085
-1.12235267284769
-0.264661438681551
-0.93080712912445
0.640589205395798
-0.954353840508043
-0.309510586977167
0.648032495223451
-1.57895993806963
-0.911602932258266
0.717575026591849
-1.82935750887685
-1.05897176430046
~
-0.946963201891886
0.42647687445861
-1.70600175331042
-1.03544622877739
0.190149828830651
-1.56687508028588
-1.12486649946763
-0.262102591973308
-0.931495226992869
0.640822561959118
-0.956470496269034
-0.308909073087119
0.647056505094621
-1.57892644791882
-0.912803348638984
0.716458835811624
-1.82906002001489
-1.05972113682034
~
-0.947197650074233
0.42821025041657
-1.70749572519429
-1.03626458287139
0.191237147757358
-1.56780746033147
-1.12531808223168
-0.261441911995811
-0.931609070146734
0.642545493196903
-0.959298545970571
-0.30844536763808
0.647945063142867
-1.58096341276155
-0.914091420699781
0.717350146079563
-1.83180430007279
-1.0613254709376
~
-0.950169444245276
0.432991264291977
-1.71278708469278
-1.03972365526746
0.19255744600623
-1.57198510374512
-1.1278463517941
-0.260935401448619
-0.932684032096642
0.644080157955691
-0.963408553907469
-0.307688563844405
0.648291633751504
-1.58575130035605
-0.917035426197009
0.717636934903772
-1.83715499298497
-1.06389685842629
~
-0.952976277222239
0.4381626863835
-1.71659271798682
-1.04271572409878
0.195625840624938
-1.57526964811398
-1.13157418432703
-0.259707416820513
-0.934628270966638
0.64596214022513
-0.966101210792235
-0.306194956197626
0.649236442975429
-1.58864923529057
-0.918407894468396
0.719277780423449
-1.84156664917638
-1.06580977784345
~
-0.95610089108255
0.441211323172022
-1.7197591031865
-1.04628957916276
0.198249697975116
-1.57808322325082
-1.13533285085378
-0.257916512721795
-0.937021147347918
0.646862308856116
-0.967308909241801
-0.305924199674249
0.649350825706591
-1.59116660186193
-0.919751809920992
0.719364677605685
-1.84444510088367
-1.06736554828257
~
-0.958900408462304
0.442978453171937
-1.72376591639965
-1.04972985696625
0.198860616730723
-1.58074647373943
-1.13751910284593
-0.256979339856215
-0.938187924675674
0.648714806598196
-0.971674205019286
-0.305366308063751
0.685010054678782
-1.55488152326212
-0.815832896785384
0.71151087987673
-1.80884793449766
-1.02936684257002
~
-0.961518282579205
0.445590757453324
-1.72646818111894
-1.0522329186297
0.201547025587464
-1.58343521234318
-1.13960430577671
-0.25545952948018
-0.938380219560202
0.65047371754187
-0.975966807199883
-0.304620024897627
0.643040526981661
-1.60541643741714
-0.918923682380352
0.720073374895324
-1.8506656281587
-1.06851942783106
~
-0.963853012505642
0.44684635985543
-1.72730446657865
-1.05456595537084
0.202708906495082
-1.58468169897018
-1.14173255126938
-0.25501404710866
-0.939133806395087
0.650295628513597
-0.97649451974459
-0.304227736435734
0.643480935846432
-1.60531606903705
-0.918683994652959
0.719404972066029
-1.85147883854433
-1.06845066247249
~
-0.964957159222345
0.447433633263513
-1.72833593439986
-1.05582076403113
0.203377260791535
-1.58568639775423
-1.14235346077206
-0.254460524600918
-0.939731416813807
0.65053866027133
-0.977749192163471
-0.304930704802819
0.644885437295127
-1.60633155778771
-0.919357197798076
0.719653679567905
-1.85342931137375
-1.0693916955734
~
-0.959903067248231
0.445723231382459
-1.72259776504962
-1.05079369234968
0.202541552148793
-1.58035856626374
-1.13804358606672
-0.254289925510309
-0.937727622267683
0.650457975590412
-0.974817806873429
-0.304489337068644
0.644996425418828
-1.60141989318254
-0.917075553383543
0.719361600742564
-1.84828778320856
-1.06655158508336
~
-0.960210292594166
0.444198079672045
-1.71979323862602
-1.04978010580277
0.203143070276721
-1.57973224532399
-1.13702773426811
-0.254009700696982
-0.937372524253985
0.649691512563
-0.973538284104
-0.304976453090471
0.644284133859743
-1.59932902097388
-0.917138775948767
0.718402402172698
-1.84700288777762
-1.06665621747997
~
-0.960590987104866
0.445106639364465
-1.71867360422498
-1.0497019593359
0.203882139933311
-1.57924045165521
-1.13647319515177
-0.254268638840353
-0.936739928144526
0.64988011755748
-0.973701128000064
-0.305191097532348
0.644641406937929
-1.59785711335645
-0.917688055444759
0.719008888878992
-1.84708358939221
-1.06859242750177
~
-0.959015324450391
0.445458254755167
-1.71471897837363
-1.04731399567632
0.20416571557405
-1.57634979202899
-1.13392185305519
-0.254355781190992
-0.935210209054342
0.649323075698594
-0.972215195601106
-0.305446526429349
0.644301559564457
-1.59495297872084
-0.91758708238557
0.718375669312529
-1.84384102542455
-1.06729377742045
~
-0.959526506065365
0.445144378555602
-1.71211294565219
-1.04689648196982
0.204686492401024
-1.57528132014943
-1.13326335204609
-0.25374604756983
-0.933934864555129
0.649118353194491
-0.972700508890921
-0.306589229214084
0.644902442054502
-1.59298033133448
-0.917326736601275
0.717981827879666
-1.84260741509852
-1.06715517364356
~
-0.958930952659872
0.445997496238449
-1.70888891340216
-1.04588700373168
0.20517341074346
-1.57263965214689
-1.13272810125128
-0.253736834919725
-0.932819225100373
0.64821212088255
-0.970732568937912
-0.305809357151667
0.644678426147688
-1.5898562851063
-0.916445782081406
0.717823315069431
-1.83928836306975
-1.0668316254691
~
-0.962234815131605
0.446448762236307
-1.71222101548062
-1.04932267114075
0.204767644943555
-1.5758742106499
-1.13434057115061
-0.254480163710936
-0.933518499453032
0.647111254958176
-0.971454958807409
-0.307332855893912
0.643878539279438
-1.59286829942708
-0.920117025473078
0.717673489183194
-1.8435707073863
-1.0699939606008
~
-0.963683156474795
0.440388035915253
-1.70609208339727
-1.04682351917957
0.203461663689447
-1.57365265663584
-1.13196881452512
-0.255024041638975
-0.932494559812905
0.646159150995568
-0.969074373096101
-0.307243467118628
0.643357617916489
-1.5906815467547
-0.919693537117471
0.71749648014362
-1.84151657952822
-1.06880632635074
~
-0.964442723115469
0.440797204426784
-1.70538840221928
-1.04693567764528
0.203913334305903
-1.57303077544667
-1.13173684447602
-0.254682067159363
-0.931956919767117
0.646854846055576
-0.969533181241819
-0.307058513154827
0.643903571021932
-1.58988307337971
-0.919559210858544
0.717936252590824
-1.84077281603295
-1.06867273246452
~
-0.966735524993094
0.439199103228992
-1.70422893183966
-1.04841125402378
0.20400843627112
-1.57296591021651
-1.13233788121139
-0.254889701008002
-0.932427760310539
0.64633656561827
-0.968699196086192
-0.307675805841188
0.643792498157085
-1.59036304422596
-0.920391428390031
0.718004209922866
-1.84140608797157
-1.0695694882979
~
-0.968211729051717
0.4387326680591
-1.7014877387543
-1.04886109544036
0.205288543542899
-1.57104862535995
-1.13384451601835
-0.253775049589938
-0.930953893594962
0.646684934734867
-0.969379717396579
-0.307016815051124
0.643622719804166
-1.58904312313661
-0.919405277701362
0.717223629624678
-1.83936970280399
-1.06814535819949
~
-0.969460185174442
0.436245234674915
-1.69881682262288
-1.04854910709233
0.205750824696636
-1.57002234512463
-1.13373502349186
-0.253514273314646
-0.928094671782912
0.646406128094741
-0.970308270442717
-0.308153191458373
0.64289474467342
-1.58715307373917
-0.919083700728191
0.715974026116504
-1.83730275438623
-1.06757605648747
~
-0.971576981831584
0.434415519836394
-1.69881269362001
-1.04924967087125
0.206346857879081
-1.5715499043424
-1.13460101058272
-0.253877264446207
-0.928810558703955
0.646819806530117
-0.97041904669576
-0.308408798655284
0.643427121365678
-1.58865179791278
-0.920232543671004
0.716433537425253
-1.83820493090394
-1.06883897022719
~
-0.973293377363322
0.438354510571121
-1.70244234924259
-1.05164554522186
0.207932771497253
-1.57438384613219
-1.13643401743544
-0.254220250423025
-0.929999359047163
0.648129741636981
-0.971751353166719
-0.308748000519532
0.64463164216562
-1.59167426019128
-0.922206890664607
0.717847002946044
-1.84275842363139
-1.07119077669812
~
-0.97267026770307
0.439409053113471
-1.70270696994166
-1.05144767455021
0.208371778323621
-1.57435062717652
-1.13590800451198
-0.254386091096135
-0.92969985602177
0.648579514582517
-0.97126540872563
-0.30998527881059
0.644887268046991
-1.59130949863831
-0.92221547641507
0.717575828699895
-1.84291307251978
-1.07177530407636
~
-0.974851239182774
0.441927677228017
-1.70610812697338
-1.05450046047779
0.209301337933021
-1.57647613798107
-1.13774862920658
-0.254591254576273
-0.930915599306751
0.647482573357339
-0.971849689884612
-0.313343795808199
0.6458237387378
-1.59456150609385
-0.924382029823656
0.718376438392028
-1.84586680943451
-1.07365272102341
~
-0.975847111659388
0.443037898442784
-1.7081222808674
-1.05586668930774
0.210066933809695
-1.57823879638152
-1.13899385798616
-0.254328529032099
-0.931104654516588
0.648085933231519
-0.972604654042337
-0.314216396362033
0.646167579126451
-1.59606837990232
-0.925488590244872
0.718718671916203
-1.84749286288131
-1.07456738760271
~
-0.97901300010874
0.440675981983564
-1.70763485532389
-1.05825497720545
0.210068617122209
-1.57878733552127
-1.14076215422328
-0.254423862266245
-0.931078188190164
0.648790295082185
-0.973322498299301
-0.314518696827046
0.646761939066634
-1.59765059320198
-0.926625776762061
0.719383883382083
-1.84909104405669
-1.07587787818525
~
-0.979830708581325
0.438706558483638
-1.70645271820193
-1.05901357718019
0.20852952085559
-1.57693711930511
-1.14081411323442
-0.255593947953611
-0.930257303505117
0.648849965839283
-0.972762607097663
-0.314556721870165
0.646641848830829
-1.59774706859374
-0.927355216576174
0.719554913603119
-1.84879084310697
-1.07595212766437
~
-0.980513143152661
0.438866049690127
-1.70649612254536
-1.06013055295147
0.207589239326743
-1.57592811070595
-1.14176233592499
-0.255886651167327
-0.929336705438325
0.649662053581817
-0.973748740669053
-0.313675989784756
0.688085257118661
-1.55431475412661
-0.826875282683124
0.712654297048106
-1.8099395430147
-1.03958928185049
~
-0.984770974897756
0.44207759600363
-1.71295264770146
-1.06527640833956
0.208931312069185
-1.58154467562606
-1.14564956210555
-0.255923496288177
-0.931620847610991
0.65111755825365
-0.976694948095826
-0.314061522769124
0.650218955004568
-1.60245197315595
-0.925477520139383
0.72035652811261
-1.85578666064702
-1.07959255539393
~
-0.98921905749993
0.445588147721464
-1.71775579422034
-1.07008663624537
0.211903050566891
-1.58624163244754
-1.15041461952742
-0.255614246521564
-0.934048073153754
0.650795412815684
-0.977179611732864
-0.313708324765907
0.649449218511238
-1.60551377885191
-0.928245397441394
0.719764004854117
-1.85922652449276
-1.08237877145423
~
----