@RockOn
-0.21875
0.691666662693024
-0.0540789477527142
-0.318749994039536
0.0666666701436043
-0.0739473700523376
-0.418749988079071
0.558333337306976
-0.0571052618324757
~
-0.212500005960464
0.699999988079071
-0.0546052642166615
-0.418749988079071
0.566666662693024
-0.056842103600502
~
-0.212500005960464
0.699999988079071
-0.0546052642166615
-0.418749988079071
0.566666662693024
-0.056842103600502
~
-0.212500005960464
0.699999988079071
-0.0546052642166615
-0.418749988079071
0.566666662693024
-0.056842103600502
~
-0.212500005960464
0.699999988079071
-0.0546052642166615
-0.418749988079071
0.566666662693024
-0.056842103600502
~
-0.212500005960464
0.699999988079071
-0.0543421059846878
-0.412499994039536
0.558333337306976
-0.056842103600502
~
-0.212500005960464
0.699999988079071
-0.0543421059846878
-0.412499994039536
0.558333337306976
-0.056842103600502
~
-0.212500005960464
0.699999988079071
-0.0543421059846878
-0.412499994039536
0.558333337306976
-0.056842103600502
~
-0.212500005960464
0.699999988079071
-0.0543421059846878
-0.412499994039536
0.558333337306976
-0.056842103600502
~
-0.212500005960464
0.699999988079071
-0.0543421059846878
-0.412499994039536
0.558333337306976
-0.056842103600502
~
-0.212500005960464
0.699999988079071
-0.0547368414700031
-0.418749988079071
0.558333337306976
-0.0571052618324757
~
-0.212500005960464
0.699999988079071
-0.0547368414700031
-0.418749988079071
0.558333337306976
-0.0571052618324757
~
-0.212500005960464
0.699999988079071
-0.0547368414700031
-0.418749988079071
0.558333337306976
-0.0571052618324757
~
-0.212500005960464
0.699999988079071
-0.0547368414700031
-0.418749988079071
0.558333337306976
-0.0571052618324757
~
-0.212500005960464
0.699999988079071
-0.0547368414700031
-0.418749988079071
0.558333337306976
-0.0571052618324757
~
-0.212500005960464
0.699999988079071
-0.0543421059846878
-0.412499994039536
0.566666662693024
-0.0571052618324757
~
-0.212500005960464
0.699999988079071
-0.0543421059846878
-0.412499994039536
0.566666662693024
-0.0571052618324757
~
-0.212500005960464
0.699999988079071
-0.0543421059846878
-0.412499994039536
0.566666662693024
-0.0571052618324757
~
-0.212500005960464
0.699999988079071
-0.0543421059846878
-0.412499994039536
0.566666662693024
-0.0571052618324757
~
-0.212500005960464
0.699999988079071
-0.0546052642166615
-0.3125
0.0750000029802322
-0.0728947371244431
-0.412499994039536
0.558333337306976
-0.0571052618324757
~
-0.212500005960464
0.699999988079071
-0.0546052642166615
-0.3125
0.0750000029802322
-0.0728947371244431
-0.412499994039536
0.558333337306976
-0.0571052618324757
~
-0.212500005960464
0.699999988079071
-0.0546052642166615
-0.3125
0.0750000029802322
-0.0728947371244431
-0.412499994039536
0.558333337306976
-0.0571052618324757
~
-0.212500005960464
0.699999988079071
-0.0546052642166615
-0.3125
0.0750000029802322
-0.0728947371244431
-0.412499994039536
0.558333337306976
-0.0571052618324757
~
-0.212500005960464
0.699999988079071
-0.0547368414700031
-0.331250011920929
0.058333333581686
-0.0753947347402573
-0.412499994039536
0.566666662693024
-0.056842103600502
~
-0.212500005960464
0.699999988079071
-0.0547368414700031
-0.331250011920929
0.058333333581686
-0.0753947347402573
-0.412499994039536
0.566666662693024
-0.056842103600502
~
-0.212500005960464
0.699999988079071
-0.0547368414700031
-0.331250011920929
0.058333333581686
-0.0753947347402573
-0.412499994039536
0.566666662693024
-0.056842103600502
~
-0.212500005960464
0.699999988079071
-0.0547368414700031
-0.331250011920929
0.058333333581686
-0.0753947347402573
-0.412499994039536
0.566666662693024
-0.056842103600502
~
-0.212500005960464
0.699999988079071
-0.0547368414700031
-0.331250011920929
0.058333333581686
-0.0753947347402573
-0.412499994039536
0.566666662693024
-0.056842103600502
~
-0.212500005960464
0.699999988079071
-0.0547368414700031
-0.40625
0.558333337306976
-0.0573684200644493
~
-0.212500005960464
0.699999988079071
-0.0547368414700031
-0.40625
0.558333337306976
-0.0573684200644493
~
-0.212500005960464
0.699999988079071
-0.0547368414700031
-0.40625
0.558333337306976
-0.0573684200644493
~
-0.212500005960464
0.699999988079071
-0.0547368414700031
-0.40625
0.558333337306976
-0.0573684200644493
~
-0.212500005960464
0.699999988079071
-0.0547368414700031
-0.40625
0.558333337306976
-0.0573684200644493
~
-0.212500005960464
0.699999988079071
-0.0546052642166615
-0.318749994039536
0.0666666701436043
-0.0743421018123627
-0.412499994039536
0.566666662693024
-0.056842103600502
~
-0.212500005960464
0.699999988079071
-0.0546052642166615
-0.318749994039536
0.0666666701436043
-0.0743421018123627
-0.412499994039536
0.566666662693024
-0.056842103600502
~
----