@coffee
0.0715996323173718
-1.57959392515507
-1.31915799508834
-0.138597043437557
-1.41949843086469
-1.10659958318833
-0.769186959038092
-0.939211947993564
-0.419532122357835
1.01268271956613
-0.560347276123055
-0.412548193398875
0.567355689795541
-0.531514096085514
-1.26358254812653
0.425293125369112
-0.447867652046921
-1.32884003013996
~
-0.306963823881656
-1.64140213932935
-1.18976999220235
-0.158455150884085
-1.37332765516716
-1.08673300198608
-0.775624190403221
-0.893469018550979
-0.39865840058569
0.98526175275321
-0.682877169262212
-0.302476469867029
0.320620923599443
-0.548725915177375
-1.09969984402205
0.135811789489501
-0.46568313799143
-1.22642235681541
~
-0.289088122797216
-1.59713401371184
-1.17216581876464
-0.17497792938855
-1.32478445055637
-1.07039808453455
-0.755859356500395
-0.859633167296479
-0.392171267835092
0.929828058845675
-0.668928046747066
-0.361008617222219
0.154770091956605
-0.616233838046088
-0.8127574380482
0.0419913832395559
-0.208953572114594
-1.18067624530464
~
-0.281288192901875
-1.50898087638474
-1.12216014866818
-0.194610612188812
-1.25719649745905
-1.01555595434186
-0.712208462613791
-0.816339366194548
-0.387961773250217
0.760874603518838
-0.578549737059027
-0.459664786210555
0.445586207095122
-0.386670707427847
-1.11526957065403
0.353976328441249
-0.32822892434885
-1.1908134700276
~
-0.578081610243668
-1.656750789925
-0.836932281226573
-0.640384455148844
-1.45645403540293
-0.736614912027213
-0.827292920845814
-0.855563858109917
-0.389869543598728
0.760394552927588
-0.59085958953206
-0.493752411484581
0.719318158361842
-0.539896463447735
-1.23401785306127
0.551091342511767
-0.394727035174532
-1.23359380304327
~
-0.751458543802939
-2.55245985897462
-1.05604669899099
-0.812667102577469
-2.23847288190045
-0.927560627588696
-0.996292778901059
-1.29651187389979
-0.474188768252112
1.22763417682228
-0.878928840382202
-0.522149923978061
1.33955935648015
-0.786426892800276
-1.61935994434391
1.3593272200443
-0.830886085486402
-1.56378526328274
~
-0.673040066242229
-1.99569259177554
-0.755111336444315
-0.710406556225858
-1.74271549174728
-0.677715399528119
-0.822506105554262
-0.983784390106278
-0.392883466804484
1.11220943155086
-0.719038184038113
-0.157345607317583
0.951345971423486
-0.917077548730186
-0.991366133667081
0.535416049901615
-0.520935783675147
-1.41561705521098
~
-0.759483932581072
-1.89776188613699
-0.987742689975013
-0.759043051427965
-1.66995847126139
-0.864976825438504
-0.757720331052881
-0.986548265092494
-0.445680696713721
1.05414241562421
-0.73008530624994
-0.149397485955973
0.583020791959046
-0.843459371554046
-0.90902340623722
0.3264997232576
-0.665825084484971
-1.25955315094718
~
-0.146720265495818
-1.28670697683396
-1.31591077049229
-0.297704868601385
-1.2056831160397
-1.10700389737337
-0.750658754034349
-0.962611571715057
-0.429806624893283
1.00555899423162
-0.759767777713535
-0.229306640970446
0.307690599416603
-0.555682375203334
-1.02296575638341
0.0767060895667393
-0.529635446533427
-1.25039871938367
~
-0.101073924628427
-1.18899262810345
-1.30599824480756
-0.25803884071628
-1.11050328625228
-1.09236881448368
-0.728933554646639
-0.875035329365178
-0.405939864115494
0.824643512813348
-0.557508669280128
-0.157700367633755
0.155218510498566
-0.617259013195571
-0.687190872813756
-0.0214900402590115
-0.142045680133195
-1.27955783301927
~
-0.123961193095376
-1.09394673510688
-0.994589584526772
-0.28399120196059
-0.972345486624968
-0.836098390633357
-0.764081116086202
-0.607541783355489
-0.32332389804629
0.753722316886972
-0.531930796066171
-0.201063125299311
0.0649260952923345
-0.34770979790597
-0.477966142519671
0.278888057042373
-0.251270928322869
-0.984812789623355
~
-0.466881601842674
-1.0178864393564
-0.728738099340451
-0.622980331967007
-0.986417402164972
-0.556788080656246
-0.783791164855862
-0.530464639673617
-0.280258828566776
0.533029526044474
-0.599025381778628
-0.456415883137301
0.367066047946698
-0.268327707001888
-0.885542960043017
0.3037178207367
-0.216570657640954
-0.895529587502536
~
-0.313086670315804
-0.833750407323428
-0.790980895424033
-0.601283884067001
-0.837041683894873
-0.496964414979955
-0.738998011882256
-0.423905160060668
-0.251533720283519
0.515055353292026
-0.52995543592686
-0.309528121011367
0.325809015706833
-0.24706413046116
-0.729468230221219
0.251099304532277
-0.15616353807076
-0.831502318718708
~
-0.68591774921565
-1.86080954673936
-0.901602795880055
-0.72732704597787
-1.63503608479208
-0.787393643868007
-0.851554936264528
-0.957715717995957
-0.39424015844614
1.02641869621807
-0.781012791898434
-0.0809303239240732
0.868523140272221
-0.887131661721116
-0.905141339670815
0.787362896326608
-0.73071888231577
-1.07787694551594
~
-0.671800001132998
-1.85416263310892
-0.86831747097052
-0.711363175713039
-1.62454760141752
-0.763216285669719
-0.830052623464244
-0.935702582332225
-0.397539371615091
1.01846673059297
-0.77314754341393
-0.0845343285250851
1.09407578067386
-1.36530570615338
-0.616200220733402
0.918152885163806
-1.32845723569337
-0.784209896212772
~
-0.265083168239895
-0.979643519515561
-1.22656163129499
-0.295453825708926
-1.18497988644097
-1.09966317988797
-0.792132160175273
-0.934206960161114
-0.418314097457307
0.98286639454545
-0.776305945294076
-0.174168778640853
1.04806469543366
-1.37593435870358
-0.683510418948101
0.87706514524543
-1.37010571197382
-0.856466659834912
~
-0.0697390234567592
-1.01051709644617
-1.17453529021734
-0.097903249405176
-1.20093586429626
-1.05685590437173
-0.749400219372457
-0.865949562452504
-0.403301764933517
0.832592786900726
-0.492166285427433
-0.0695627297743949
0.915025853655063
-1.14578144792492
-0.573357387300511
0.761603558095287
-1.15119717031419
-0.73868519626643
~
0.190706510910312
-1.54786662649568
-1.4120810947362
-0.0595256176694338
-1.59066819845269
-1.144867959159
-0.803067886266704
-1.09257718933335
-0.429364365977782
0.302237337134537
-0.666745523389321
-0.525321928729972
0.953513175103241
-0.960077310440368
-1.11976753449903
0.854826333246118
-0.768382039677328
-1.3123041079125
~
0.067417164802363
-1.90409593440967
-1.46943518873405
-0.168466213018036
-1.69268388616386
-1.21961147512795
-0.876116346479233
-1.05844778581082
-0.411372570599024
0.318785144246658
-0.708161424909371
-0.65555272113617
1.02092979445446
-0.968333939960137
-1.2285831567728
1.11970022611888
-0.944370678417904
-1.22785489781631
~
0.0360496567768243
-1.15747891243622
-1.19949549922383
-0.175268974686002
-1.4240631103766
-1.16891896266177
-0.812633481061053
-0.949520184552846
-0.407978805676214
1.07845749632463
-0.733925837711597
-0.0434214942720159
0.692528092066475
-0.807006572448805
-1.08515706405644
0.434581951242115
-0.727920080372175
-1.34851807006526
~
0.290424838873992
-0.735309754582484
-1.27526478315423
-0.342507844533871
-1.22239854905201
-1.10764773137839
-0.791196104975562
-0.927648172275785
-0.424027171350217
1.04378494840799
-0.769183524231526
-0.0844747373040014
0.616269365021223
-0.919762553156899
-0.949766659359376
0.286111636668871
-0.714256922154679
-1.29389383837098
~
0.22147283585695
-0.677187854193455
-1.29047317951698
-0.31767589005859
-1.21018645663215
-1.06678062838692
-0.722502667598515
-0.940687693935746
-0.4310779353271
0.98687471092391
-0.763790025421663
-0.157613809682962
0.588983148924904
-0.87759836077709
-1.00176538470185
0.177490879162362
-0.60905982233869
-1.32639120895718
~
0.383400517212058
-0.581089109166685
-1.16204245592102
-0.170273660566171
-1.00355123364606
-1.10231679010072
-0.750396524456482
-0.777456193057658
-0.379879663969277
0.778643367587327
-0.503411838508425
-0.0964856903967756
0.620858778352499
-0.803019762783053
-0.949605553637672
0.439363314042899
-0.653077283743672
-1.10504189297202
~
-0.194054369115058
-1.42496429397999
-1.30148602214039
-0.344774595866929
-1.32497403524406
-1.09570168300249
-0.796935354211716
-1.02500325903625
-0.426639576466882
1.00017718793912
-0.332524747169363
0.125227859779106
0.674287404557364
-1.04620353265902
-0.635496568416356
0.782319735426312
-0.830235818630425
-1.28423393714609
~
-0.0896584088393218
-1.40724534307566
-1.459686194938
-0.273853602486952
-1.31460577423207
-1.21606743876133
-0.826439141577105
-1.03668710955405
-0.429813882869183
0.668498860516061
-0.863816806200066
-0.494980268726749
0.954200376489679
-0.803027395288796
-1.43900190259292
1.02205119690827
-0.935203011031495
-1.27165222638591
~
0.0326204391874556
-1.34217688622804
-1.55889876830264
-0.164352145375309
-1.27219955816556
-1.30221388771644
-0.755269858900714
-1.06226761414102
-0.478999324494781
1.20871116737994
-0.662827639653837
0.0484364443887171
1.20672880749425
-1.29563364011096
-0.543918939918892
1.29756995324417
-1.5774849887058
-0.355440926912966
~
-0.174810091457391
-1.30587439151161
-1.28096482611679
-0.317281251259453
-1.22637156530277
-1.08871028387342
-0.744694730665637
-0.987863161699033
-0.462300791433285
1.01321289269931
-0.739877582117951
-0.0348570778521314
1.11960181535807
-1.39273132442368
-0.451502314489279
1.18446499896918
-1.52948012269767
-0.277043772683138
~
0.12060939600044
-1.66441887045802
-1.3593167921288
-0.0922911292550977
-1.50233123406679
-1.15579789030051
-0.730992667153952
-1.01606824915757
-0.495134870446777
0.94106310765182
-0.778165877529633
-0.144403393431598
1.15852135838568
-1.46935273382237
-0.434547366563295
1.21580527906617
-1.70598888336019
-0.411982424017832
~
-0.555666926359868
-1.81310489817876
-0.918350203591216
-0.415290967441905
-1.64880694806659
-0.878696733507331
-0.727583533083071
-1.04167337087976
-0.501649756688327
0.986254681405958
-0.545492543080352
0.0269555838398037
1.06720212836813
-1.25355398238417
-0.44648893667729
1.05273713214431
-1.47899240503244
-0.534457187701113
~
-0.0850234414330876
-1.63565788049014
-1.23033260236107
-0.166929419724127
-1.51969462650595
-1.05081485068511
-0.688787692447922
-1.00121658529948
-0.491558773063888
0.78335058808181
-0.505853876497881
-0.089215887277544
0.95670639175355
-1.16753354850287
-0.621064808903701
0.997067642581575
-1.38657379972819
-0.56838611945864
~
0.0813754476595457
-1.53909512051687
-1.14622341234489
-0.00582589668952818
-1.38588116671535
-1.00069354544694
-0.586934985914663
-0.909152082596148
-0.39932511856859
0.963962996175297
-0.467593971140888
0.0307571928822536
1.02518513676853
-1.18373143782703
-0.582387713276918
1.04559251696628
-1.42244390386576
-0.771662197838795
~
0.0717666096249151
-1.79202987837422
-1.33387036328759
0.00399670076437894
-1.61876049518587
-1.17989981792428
-0.605904608350602
-1.07252443293693
-0.520717166640029
1.05417398319759
-0.0875823304693958
0.29057439180762
1.06180810084082
-0.85805053369498
-0.428544198798487
0.819754677486642
-0.928627453268949
-1.2009268595628
~
-0.116626054066513
-1.71105816328589
-1.22844592550452
-0.01226881340518
-1.49153899495964
-1.19975580964589
-0.66588127817103
-1.04416708689256
-0.484853088428845
1.07856803474984
-0.426529020986904
0.120761776687758
1.08394555245675
-1.21074293207791
-0.603351845869411
0.861415022803345
-1.0400095823884
-1.04594976117273
~
----
@color
-0.756801204536783
-1.99410871003558
-0.772660647888309
-0.776763351882791
-1.72065257646029
-0.645694432408616
-0.804358126711537
-1.10926381918945
-0.307496897285532
0.878493454911891
-0.317179715028868
-0.174998616065636
0.166939835203846
-0.734672675529413
-0.623551412731969
0.0697743107330068
-0.871426690724832
-0.770976395802123
~
-0.764403780292015
-2.00597822574929
-0.77609288306885
-0.784595210511761
-1.73105816767463
-0.647923343637236
-0.806361894136106
-1.11446354713712
-0.310201407816826
0.884356000057693
-0.32284038182832
-0.178134572661395
0.169504948408278
-0.742004503629623
-0.632191371274547
0.0706451604017782
-0.875693311118526
-0.783328025383124
~
-0.766600676958334
-2.0063262086807
-0.775796673611637
-0.787040414472858
-1.73111086097706
-0.646932631069215
-0.810657781086154
-1.11404346467777
-0.307235251675582
0.886763979816629
-0.324751991107736
-0.179753185169362
0.169149777996483
-0.741867752473301
-0.63513789916695
0.0680795086286157
-0.876671104612083
-0.784445685781051
~
-0.76744531739351
-2.0205129814623
-0.782367382009713
-0.794425671943948
-1.74556954982219
-0.653199821144956
-0.80951249073656
-1.11640531948323
-0.311175953763046
0.888440791712237
-0.325623456860356
-0.181513790078884
0.163290803271439
-0.736878787932224
-0.631934192391731
0.0710292525228476
-0.892931045987249
-0.765897050811487
~
-0.764378885591351
-2.03489857921921
-0.789792751295172
-0.791334099045493
-1.75988615865882
-0.661340936631569
-0.811937139195696
-1.11406490556571
-0.306032457924132
0.887064181464955
-0.32445113309639
-0.180837485158722
0.167572809540762
-0.739704309825578
-0.635355215681281
0.0359736164288561
-0.864617220910394
-0.768802400965833
~
-0.762839308599165
-2.00284591791052
-0.779722523492332
-0.791716435588967
-1.7323642857071
-0.652180220436949
-0.800389611495703
-1.10595236538795
-0.316199620458566
0.871641825485515
-0.310076732956838
-0.172846708134776
0.156495313628377
-0.716264718221192
-0.613717761575743
0.0152684122428222
-0.821473829791151
-0.748984236916982
~
-0.763486417075495
-1.97466973710996
-0.772179072370732
-0.791690319028265
-1.70670194673553
-0.640657538352567
-0.807828295415065
-1.09910982745517
-0.306616900797997
0.871920606716222
-0.30972956404397
-0.172592242824836
0.156757750135654
-0.711642283623541
-0.613513257445716
0.0132925436779097
-0.811794493348794
-0.749531451702368
~
-0.766852662332167
-1.97404986143074
-0.771660098791742
-0.79476551684431
-1.70640578508676
-0.638613731248589
-0.81016096850498
-1.09803816398148
-0.304410419680824
0.871203308554056
-0.310330512603846
-0.171218435313085
0.158505289302786
-0.719863509943678
-0.611109365793789
0.0214232756356028
-0.8254423395429
-0.750005240197464
~
-0.775499518826546
-1.98230381415882
-0.775769138837154
-0.800030029847153
-1.7107476486628
-0.644283094983279
-0.820608106486858
-1.09962845541195
-0.30269325625928
0.877194188156433
-0.317277428873229
-0.173743020982351
0.160146530011909
-0.73270917226299
-0.617735521724427
0.0233171142349393
-0.843315462508309
-0.755954024919472
~
-0.849326593584284
-2.08139542528052
-0.827658521064676
-0.874794485365996
-1.78748572637263
-0.684410535890024
-0.897239701638623
-1.12567076944
-0.313791038632631
0.964209043823697
-0.413209881934717
-0.203482505600112
0.13981667015382
-0.775826614454596
-0.678648946246174
-0.00800758405433326
-0.898904284029387
-0.826150576109174
~
-0.863820575791685
-2.11503362077903
-0.852310401106742
-0.88779181814672
-1.81394119700876
-0.706526580884661
-0.906804156739126
-1.13660654175551
-0.328295487630482
1.00052575785774
-0.453130991840867
-0.21801903366803
0.149713667848576
-0.801906368688188
-0.707144629775805
-0.000462826811284946
-0.930163650184536
-0.85697368883517
~
-0.85634866803091
-2.26168543853982
-0.926423660472049
-0.873599082713965
-1.99329376777988
-0.801745636388239
-0.918750929527382
-1.1357745875439
-0.32683090895671
1.0104622413548
-0.463758191102364
-0.223567116036169
0.145233937900045
-0.788996123610824
-0.72002861243275
-0.00514601058562816
-0.921778440951009
-0.86868993974651
~
-0.872115624139884
-2.12448601341468
-0.858422973655454
-0.897181605560997
-1.82220231965344
-0.709518127371706
-0.914579483299623
-1.13814034406584
-0.331768982568092
1.01066096235558
-0.464387594811446
-0.223148669785749
0.142434958329912
-0.799293402413807
-0.707150712251504
-0.00768292983829392
-0.933225868438842
-0.855146750957879
~
-0.872527813165357
-2.13057108199055
-0.864454722417182
-0.896466496134612
-1.82628510712471
-0.718654007802933
-0.916401627844559
-1.13753538888259
-0.332454590909684
1.0108233417646
-0.465668866633195
-0.222003826590755
0.142845094648261
-0.783051176772772
-0.722002930353068
-0.00730574873012768
-0.917789072160957
-0.869685384107011
~
-0.883103266104824
-2.14234720969324
-0.86938888398803
-0.9047107561609
-1.83485328280664
-0.721916819304097
-0.920956468003322
-1.14397532336675
-0.337919106687064
1.02149841550762
-0.478646079472345
-0.226766285031912
0.147403980781709
-0.797575186349051
-0.738296527343926
-0.0777624733002477
-0.819216477066568
-0.850650328122537
~
-0.887961346552322
-2.1332370692511
-0.86356735430499
-0.908534106532927
-1.82577314550207
-0.716863534840454
-0.927193588585486
-1.13601644378128
-0.332890752599841
1.02036556302948
-0.480430355505351
-0.222226950096249
0.123626381000198
-0.746757739083538
-0.720605556115263
-0.104264707466151
-0.730328238303582
-0.827516730343352
~
-0.893028080329379
-2.14522248793898
-0.866283978704936
-0.914687417766659
-1.83593742861659
-0.717940504000345
-0.929998529666268
-1.139788435813
-0.334204709806426
1.03067389819635
-0.492287075722282
-0.2275070580102
0.132795291805902
-0.812405425793771
-0.705410463977959
-0.0766601329807399
-0.854835893814063
-0.842761743993902
~
-0.90301823337506
-2.05758346610976
-0.799496062284171
-0.939720308081617
-1.76248801333877
-0.649902375945287
-0.944385252006916
-1.08615855992913
-0.282472695608325
0.786541556437095
0.115551990689991
-0.749964333385962
0.0633308356142845
-0.592695504229577
-0.809071498257085
-0.139526252523826
-0.633789299615497
-0.942095860725369
~
-0.841949358666359
-2.00187062325013
-0.754955558873878
-0.874852314111381
-1.75792628736233
-0.63264929086428
-0.896978539002952
-1.02355352090116
-0.234183164626939
0.648532822152064
0.074537753797611
-0.694384513731903
0.00288611168831364
-0.609283486247934
-0.744969274398229
-0.185585665537597
-0.647463124588366
-0.868560363332077
~
-0.84970008567385
-2.34694233070104
-0.855300197848747
-0.870597530173832
-2.10823360820947
-0.739218710993467
-0.915308128506473
-1.19338805555437
-0.246043569694247
0.496339257932421
0.0487934909943546
-0.750229086647919
-0.1285415274581
-0.849799847471515
-0.846700060436468
-0.348069590991968
-0.894270716209981
-0.99065578282738
~
-0.941642760198488
-3.06397263984125
-0.682351201899602
-0.965120806136256
-2.75285055168204
-0.533235700662265
-1.02224900544216
-1.52659255108093
0.117613366046395
1.13086410020793
-0.694818725387624
-0.0492242773599109
1.36138057014325
-1.92331782559671
-0.585892353198154
1.07626401709146
-1.98107535983201
-0.772858130802738
~
-0.876616598269646
-1.67740573685161
-0.639142309786157
-0.891097830360666
-1.40004812714235
-0.512034663101462
-0.923550065467724
-0.643682747789822
-0.121728812846511
0.666340768617854
-0.490214453264321
-0.237223660494967
0.605580104456587
-1.08191345617042
-0.661283589777397
0.419442804782761
-1.11962025034354
-0.783343082208693
~
-0.889384343227467
-1.66047744807921
-0.612035455640408
-0.905464167377518
-1.3835782022578
-0.484377990593987
-0.937675476722984
-0.637478475511942
-0.100954892407161
0.690932170222439
-0.612454769926079
-0.338186441986206
0.579928862442428
-1.19607249542849
-0.724857134801847
0.542927762940749
-1.39061173126668
-0.839262030735097
~
-0.910769890578274
-1.66486363860581
-0.613105057104945
-0.927417844073857
-1.38795057685449
-0.483620365103131
-0.961613305047717
-0.653430217659453
-0.106706669161855
0.704234459720292
-0.614686599700201
-0.300978295259001
0.559265546352026
-1.16589328087882
-0.729898447873846
0.510942567713748
-1.34962884127169
-0.858350254503807
~
-0.846520804257251
-1.27196769933499
-0.506203742831718
-0.865384527351353
-1.05006349215803
-0.393963667671352
-0.883469731168222
-0.427735071032225
-0.0895350065339324
0.528987776967894
-0.478055710104011
-0.252768975961666
0.364376014732771
-0.863762494948738
-0.659999326807843
0.309505429769977
-0.992331433025967
-0.783913076952632
~
-0.807294008669547
-1.31519775626733
-0.571086543126126
-0.833185934122558
-1.16207477320519
-0.495208480357682
-0.862252460853082
-0.572852099577535
-0.189757211657561
0.42220114836806
-0.442942961248661
-0.203490376742374
0.318305868089352
-0.472481184575719
-0.750881710041514
0.283674110292732
-0.482327259018072
-0.92225352514696
~
-0.799774998627173
-1.21724027640052
-0.533464932375304
-0.822537914843115
-1.02154583283625
-0.436434460873316
-0.834546348597008
-0.570964079235019
-0.20486883354416
0.276864475428971
-0.377175662335163
-0.126459771610111
0.712443941284022
-0.585529722303647
-0.258476467442798
0.66529053389742
-0.708036545727656
-0.434539095123729
~
-0.779203092496676
-1.25644240388377
-0.56357197282116
-0.797709503042542
-1.0916032566182
-0.493803080893984
-0.822297930506885
-0.556291835211465
-0.207484462596163
0.289425537326564
-0.380765582679733
-0.123467640682943
0.773351345899108
-0.399090203210664
-0.178087623396188
0.934659961479443
-0.405198410054308
-0.186052923036489
~
-0.781787752353541
-1.17712026414918
-0.538897907407986
-0.799152609744457
-0.982927824918407
-0.456277932918171
-0.815295005925676
-0.554974235394183
-0.220151002318096
0.21770790750266
0.202495973813848
-0.456224838839997
0.426313480265616
-0.265998487328495
-0.0985372198432859
0.495848671186601
-0.422163316026017
0.0307314911731376
~
-0.867006769079381
-1.91218060597927
-0.343249237841591
-0.889875603495065
-1.62726344407731
-0.218039432499791
-0.923115463654639
-0.998183907914985
0.132375292102344
-0.0195480977535252
0.582172605377412
-1.06693031900025
0.436695984919674
0.129443522203806
-0.415060250864901
0.538835194499588
0.357003855394662
-0.227544601025402
~
-0.858359405228297
-2.00760516149164
-0.384640785858797
-0.872524609909485
-1.77784905060199
-0.288485156153792
-0.920162837312753
-0.989045262524496
0.131910411810867
-0.0193702242852552
0.579794190261468
-1.07001978607433
0.579486320683562
0.288213212979768
-0.437640536457413
0.47771298729587
0.0796861264712242
-0.399328663552682
~
-0.877947945221942
-1.90889848565488
-0.34357160318196
-0.906673621622836
-1.62535629572382
-0.21502955629874
-0.925058348952991
-0.991062877715216
0.128574140143722
-0.0171954364817009
0.578366449075395
-1.06712534966902
0.581200445916166
0.285917275229176
-0.435281186618197
0.473654273786053
0.0797846184953909
-0.404065927059759
~
-0.881962631723299
-1.92094546949781
-0.349477760445931
-0.90913108610121
-1.63632774669395
-0.221650906394189
-0.927858542192973
-1.00133546910533
0.123045670726042
-0.0156826468917778
0.575755177396365
-1.06755830946598
0.584016848139942
0.281812643497913
-0.435522255261385
0.490301512659514
0.084755555069999
-0.413238173095157
~
----
@dog
-0.960899334698101
-2.06281869213066
-0.87634563333774
-0.800337518899319
-1.93088792357111
-0.743816667727595
-0.869562122535085
-1.02531592953969
-0.279836898459158
1.05595833481408
-0.685084496042536
0.0185202443244646
1.3075217519572
-1.01203255436167
-0.663076293582959
1.3286455853064
-1.31069543788518
-0.516264737009973
~
-0.992509043915522
-2.02410352963482
-0.861310073451173
-0.831803682566895
-1.89205484622862
-0.72866241696417
-0.863733892108029
-1.02425330348587
-0.275127930225967
1.05779062078135
-0.680170040425575
-0.0118199053148046
1.32528496831673
-0.994717433699139
-0.69412150327317
1.34507842907967
-1.300357540725
-0.561491999898279
~
-1.12428668397642
-1.87652315922633
-0.699648762064153
-0.963909743821586
-1.74474422125006
-0.567272247725678
-0.857184989480149
-1.03674557116381
-0.277013515614686
1.05077152078001
-0.678448985698008
-0.0376091676468162
1.33969579812365
-1.05091916664185
-0.67574348255761
1.35299155432293
-1.36265198809802
-0.559169684401768
~
-1.15921475281501
-1.73763267841927
-0.62556230643348
-1.00778257057898
-1.61320358510678
-0.500568691750993
-0.843368947833421
-0.952343996660679
-0.241462086336774
0.973885703346496
-0.607779564403632
-0.0289415490664445
1.25452278916929
-1.01135719732414
-0.591099492271992
1.26930200965573
-1.31212852228696
-0.50037181454806
~
-1.11221794121316
-1.80962586751831
-0.724101279300265
-0.951391762487786
-1.67747791558768
-0.591354207394299
-0.880506736771102
-0.99416126241343
-0.223161432471655
1.04812513339718
-0.599831699261265
-0.0536661040526767
1.36762068284415
-1.19192169738877
-0.450603249635387
1.35038877148129
-1.43617214502297
-0.373560469131006
~
-1.19550937104667
-1.75621990610078
-0.604321801572861
-1.03905162729264
-1.62766140752609
-0.475179920323598
-0.854297962952141
-0.950784060803794
-0.201398214046071
1.03366235458263
-0.573154500770866
-0.0196793181642016
1.34128630381203
-1.14618445895521
-0.413661426420458
1.34595972318033
-1.38232666243179
-0.360792565378085
~
-1.18736540785663
-1.77286969642332
-0.612473496460189
-1.03066231329048
-1.64410946437595
-0.483129351244909
-0.838601016249164
-0.967643292414671
-0.210341398557332
1.03487506272211
-0.582532723543109
-0.0144603556264942
1.36928193204098
-1.14875339235944
-0.397244562942797
1.38371094835339
-1.40314652688442
-0.370478070315098
~
-1.18970331010986
-1.75894123368137
-0.58703690529171
-1.03073652806962
-1.62832100216284
-0.455823766423188
-0.855208529324218
-0.933896865788128
-0.188275033957404
1.0571900540279
-0.581255841923359
-0.0136936065953318
1.44233704211119
-1.15594098356972
-0.348769789617582
1.45386087100471
-1.38836956941019
-0.309461702918439
~
-1.12437816283932
-1.73459044919099
-0.56907014409844
-0.971357933936175
-1.60885648994229
-0.442765546169965
-0.827825843783257
-0.932648706128612
-0.191169268107793
1.07130952424671
-0.529196576692744
-0.0817492633300338
1.434869405105
-1.14018142907142
-0.249736429900338
1.501361935533
-1.37453963207269
-0.175611360576841
~
-1.20137175044216
-1.68577380190668
-0.465616336591398
-1.05035289094053
-1.56168435944911
-0.34096372899993
-0.814051466451982
-0.895865719320668
-0.20753649794746
1.03678537351957
-0.611431216295412
0.0137088515773499
1.46764992486438
-1.16527698183388
-0.151794755940593
1.60961321480977
-1.4027568523904
-0.00406563144660145
~
-1.15892108494803
-1.59756873992512
-0.467692695893599
-1.00822913655021
-1.47374783344235
-0.343310730901085
-0.904283746451887
-0.801142328544309
-0.0950138765222977
1.08018162194055
-0.590124459607447
0.145318188263947
1.47082529572739
-1.14201119422733
-0.117214760040444
1.60422573462953
-1.32673137859473
0.097334014082666
~
-1.18320271357501
-1.66539766344859
-0.462003941275486
-1.0293761544795
-1.53900100199869
-0.335034433328506
-0.911252018791732
-0.848563556532321
-0.10147688548076
1.10237240257421
-0.620502162321368
0.162927885667633
1.28838815282278
-1.02146458455002
-0.758242534351378
1.35039339019436
-1.15511872529291
-1.05034833472536
~
-1.27391165275096
-1.45245833754495
-0.274611289483142
-1.12177173252406
-1.32744769220724
-0.149034026327804
-0.645858025742225
-0.887289265082977
-0.412247634153155
1.08082670247545
-0.631657041751361
0.159599526961288
1.25144018150147
-1.06987280480865
-0.734019569727026
1.30831132860458
-1.2159447509722
-1.01710534660999
~
-1.28406580263137
-1.58666140208623
-0.320040376021945
-1.1324330802163
-1.46206753072206
-0.194881771397734
-0.761246712820222
-0.864929001599491
-0.28160573259208
1.07295443492867
-0.6361571303146
0.160337028106542
1.24456733136282
-1.07933055989891
-0.726742758743991
1.25223341055698
-1.16962536310531
-0.915805920432207
~
-1.10275444904946
-1.70641439955713
-0.592777397081083
-0.947688968286803
-1.57899985918539
-0.464785020312774
-0.897565928906451
-0.891715546869734
-0.160534547684602
1.09270341019528
-0.643530719547184
0.17385446870904
1.29022660063116
-1.19962615627645
-0.665720436949148
1.22564334769398
-1.28518670066026
-0.941753360380176
~
-1.05075244626622
-1.87658088544164
-0.697329510379851
-0.903458872640539
-1.75555240351817
-0.575752081356015
-0.871410880726161
-0.883924190142594
-0.182139113916602
1.03955396194224
-0.651056374310485
0.161539901368042
1.01337579599511
-1.27867610411412
-0.580795236087761
1.01918524873835
-1.54358336537881
-0.890610022504809
~
-1.07408954312257
-1.6940824964146
-0.590274599804803
-0.92582493465255
-1.57225607546431
-0.467895618382144
-0.794242151845841
-0.904779717855642
-0.262226345177832
1.04709811490898
-0.673516467169229
0.166709127042903
1.08823758045802
-1.42391241422508
-0.451606482753753
1.10151318775568
-1.57674436078106
-0.6197340003198
~
-1.04479043017557
-1.82979433843409
-0.647367766600706
-0.895594912420461
-1.707203020081
-0.524220615162315
-0.861667778647517
-0.908237052848173
-0.195738804353628
1.05129839556374
-0.694814559509312
0.173367521837681
1.38099075310254
-1.32752387526105
0.107606620867638
1.53098390243692
-1.49404517656301
0.154786266037044
~
-1.05162250746293
-1.8489637913176
-0.628317872356256
-0.90295090523548
-1.72680313165284
-0.505603375551665
-0.884109526527526
-0.891355829807407
-0.162388088163539
1.0427600253181
-0.700779522221736
0.185536990728243
1.37466358187827
-1.31605743962673
0.0857108887272836
1.56323262627295
-1.44231751934081
0.109907722851808
~
-1.10523631876652
-1.67338813792942
-0.555404533870651
-0.957446612279599
-1.55195195843861
-0.433417507677124
-0.880979087880922
-0.898364279490164
-0.159898361216104
1.02682229702867
-0.70616497745071
0.189500358517081
1.36584615056288
-1.31052663532067
0.0694533217227794
1.51659929791731
-1.4326962138127
-0.0480946661326948
~
-1.1073221084411
-1.69285587853344
-0.564514405749093
-0.95852389252051
-1.57059089393473
-0.441695414700619
-0.880120238072385
-0.906784530837448
-0.165585453213943
1.02487281118559
-0.714758008398304
0.187001915821923
1.36930472083904
-1.32269398044722
0.0755850303245788
1.52704664792088
-1.45016420346481
-0.0295004372871974
~
-1.05266582031751
-1.96366613630508
-0.702014423606495
-0.899828467502344
-1.83808236645967
-0.575861030964653
-0.921348039855528
-0.940223006743909
-0.150066928463174
1.03873060327679
-0.690910003499052
0.2187184627013
1.31435148515503
-1.36510429402491
0.00834344141849369
1.46260090113665
-1.4530826032169
0.167488221085661
~
-1.04697060461628
-1.92214391922383
-0.700277950324716
-0.897569884448849
-1.79938397097681
-0.576961341632151
-0.885593079777267
-0.918341148960067
-0.16805745018566
1.01654544668441
-0.712421960839086
0.185413624376136
1.33327251802083
-1.34226886370835
0.146782101600262
1.45430210092229
-1.53535385357703
0.172621116311789
~
-1.02468769448046
-1.75648335273864
-0.638729959791068
-1.00455311725774
-1.60517317977998
-0.45597748928658
-0.946872002612912
-0.925222969670952
-0.145561552781869
1.03796180068087
-0.696262154834703
0.240259935495365
1.37930732912047
-1.3434403937084
0.170526425480814
1.50318617256065
-1.54276215364256
0.210819308450404
~
-1.05863580625639
-1.83452871198915
-0.641241251316015
-1.05751104229061
-1.64019980427814
-0.497483931281168
-0.939438831552415
-0.967043903473046
-0.159416400056926
1.05340322483228
-0.710745179289544
0.236183222625853
1.4129322507144
-1.3610791201336
0.175967593604233
1.5338479755291
-1.56971595171028
0.192738451723518
~
-1.04802164360045
-1.76996790956227
-0.59469001754153
-1.0469336819351
-1.58200610952453
-0.455642825647054
-0.922227816661886
-0.918064562131122
-0.165289347934422
1.01582018056571
-0.734023995101759
0.190338499822129
1.35136239881662
-1.36861400018898
0.106699252106585
1.46009189213052
-1.57483567325097
0.124460211157626
~
-0.868898876412634
-1.95191095407244
-0.775439332030014
-0.867818567502883
-1.76527319731822
-0.637371434123246
-0.86449917670644
-0.942075703687544
-0.239320816242608
1.00624562265207
-0.737035342362772
0.160628872566901
1.29994895191495
-1.37932475991572
0.0126444393332782
1.4758879376993
-1.32270293953729
0.15313299880713
~
-0.874096709324903
-1.90631121586513
-0.76687066571369
-0.873041067843961
-1.72396706715261
-0.631979422653891
-0.858460056603853
-0.932602596534386
-0.247228650071837
0.95808568899435
-0.727801173303559
0.102019495508825
1.23494510719148
-1.46880744784102
-0.304753180254548
1.0967745538175
-1.6899978225528
-0.143033252478754
~
-0.827380685584458
-1.9272469815932
-0.767933381692129
-0.871763016156676
-1.72512442716273
-0.666696143364198
-0.878957655056138
-0.934785914753474
-0.248452914006138
0.936997894749886
-0.755508729483161
0.0227805119378257
1.19952230854293
-1.5691129335918
-0.454157198283734
1.07019558997072
-1.81672184590648
-0.312193950630746
~
-0.857844374565269
-1.91984649418586
-0.796440780792385
-0.902372324092042
-1.71706072078682
-0.694871587269538
-0.868517822023387
-0.926770211953464
-0.269014279152339
0.826759184235791
-0.759703070980688
-0.200151647685474
1.02198342663317
-1.48849920411626
-0.69190909383918
1.07440226641719
-1.74222664898902
-0.867006913331511
~
-0.862123780983196
-1.92743283329495
-0.817674337783353
-0.907148109429815
-1.72238684677184
-0.714973211065051
-0.870439450295852
-0.929035936318844
-0.276262440960937
0.822495292015501
-0.766875957871053
-0.218507245806846
0.983659569518566
-1.55805343583553
-0.765767126290032
1.03944148638681
-1.82323550661624
-0.928688560943653
~
-0.869261866241067
-1.87155653899389
-0.819788118493449
-0.913416418920463
-1.67047173406666
-0.719070915947756
-0.862968469611606
-0.932107922305471
-0.299564967152719
0.754422831846855
-0.750831619632041
-0.211502533614274
0.853717348731951
-1.49703317060732
-0.699765209748344
0.849368051083698
-1.76378321630204
-0.857804965722412
~
-0.879017366381847
-1.8738550591091
-0.826087423734436
-0.923275578176074
-1.67229696412746
-0.725132993445417
-0.864364961220536
-0.89709791939874
-0.29002921289709
0.87347545594262
-0.781338512073009
-0.109260023978178
1.0044827051185
-1.4760882118764
-0.525685071558553
1.04125279676674
-1.68572001584646
-0.67020436573969
~
----
@cat
0.0795942510823495
-0.690123108435139
-0.660876427488548
-0.272376654572199
-0.979191821426626
-0.439747738068492
-0.431754213044029
-0.372568753727486
-0.0189864235033845
0.994237123152306
-0.344465611697651
-0.353937550566318
0.966518365188751
0.115374887008695
0.187722754994877
0.9572787792009
0.268655063058623
0.379500342320042
~
0.0745746505044359
-0.688064116043665
-0.654354984777863
-0.303927018520663
-0.911823354197003
-0.388547642367518
-0.493437538136266
-0.320412803668708
0.0326173146579849
1.00938916636733
-0.38674756308394
-0.278404658277795
0.966398895660296
0.113000697419547
0.221445557656398
0.952068805424619
0.279583470418783
0.39921184115293
~
0.0788203958758479
-0.689159556754787
-0.670981529344325
-0.350577183472377
-0.829451563318376
-0.335618441459675
-0.47128453826093
-0.343193054990106
0.00181900605595194
1.02306703669911
-0.373150340970084
-0.296315250464512
1.03705743866097
0.115435133542566
0.234984768012547
1.18166674800903
0.218276486746078
0.27153639882931
~
0.0310357053179568
-0.822156924609865
-0.80984768292895
-0.418600272416624
-0.972009194650366
-0.449115439778246
-0.558146302020248
-0.481983563803367
-0.119427614431636
1.01161921504796
-0.436702896936583
-0.475382394228165
1.04832396146805
0.0336457202255111
0.109634001418552
1.06055887694142
0.1904285822316
0.31651224166497
~
-0.257731941460522
-1.051086767296
-0.672640420561833
-0.462560699383313
-1.14640464677148
-0.504774703005243
-0.620679777823366
-0.603760633948595
-0.14453535583256
1.1336669242114
-0.450785521716495
-0.621938150183873
1.14779427135801
0.0373550657559213
0.0445372383025167
1.21811944375553
0.0251215252154203
0.145739372595742
~
-0.502256772819374
-1.3755513279034
-0.586333431532562
-0.532154538449282
-1.11607925807963
-0.406010865807285
-0.645145737023932
-0.492889809184834
-0.0354848069913521
1.014636656462
-0.402690416435063
-0.59883898022937
0.896967548099759
-0.00035866020565122
-0.0489779437339423
0.857744502420475
0.133751925204153
0.145238987884233
~
-0.581010890523849
-2.20491333564304
-0.994790169340747
-0.639230703586422
-1.75238028389693
-0.700401895957853
-0.827305869090786
-0.844112145752068
-0.138598448039058
1.2177667035149
-0.51424691770212
-0.853850831243709
1.27031702521419
-0.520544953549111
-1.68406334926008
1.47743733743013
-0.378919738985634
-1.73965914927055
~
-0.584098237489391
-1.9837465807017
-0.842593311523754
-0.593185648499295
-1.66588733942596
-0.680130973996393
-0.658466901158146
-0.765207084400144
-0.188600108955329
0.913975956183609
-0.701378138033065
-0.426518153513847
1.59674217494988
-0.251796621813194
-1.11196599826295
1.18952537176266
-0.375471381040509
-1.10040706903507
~
-0.592361823691102
-2.24399621684558
-0.896648433457454
-0.608017930967777
-1.92907909909056
-0.66218018702296
-0.782988793750864
-0.969400403640957
-0.0884257391976448
1.16628623117915
-0.878657161369073
-0.206984149885886
1.29188659888762
-0.391941127134178
-1.12058926690433
1.43548610186253
-0.169330973446497
-1.07798911189806
~
-0.560528101970444
-2.05448091186623
-0.746962664172521
-0.559628503565494
-1.83428854739468
-0.609832933939079
-0.735426764628368
-0.907440078322717
-0.0556344640036546
1.15637893616671
-0.832656170352986
-0.192407982012085
1.27782138455331
-0.362052514351103
-1.07575852425299
1.38040379002024
-0.126687254226039
-1.03874393366332
~
-0.603109024960593
-2.00153375777631
-0.677764570281694
-0.612267042815493
-1.77201277948596
-0.530669890886054
-0.817142877457299
-0.80493005228732
0.058470975294411
1.16098265944917
-0.626580893154912
-0.0202685467070773
1.28869299516319
-0.131688400322737
-0.94920174231739
1.40025694924521
0.114545375807065
-0.912828038552791
~
-0.598497127436612
-1.99338546799035
-0.650579502523765
-0.613788509356709
-1.76230384193915
-0.50306773496729
-0.816940213306483
-0.788732932706691
0.0912543140933589
1.15963506086465
-0.612391459632821
0.00308504934468773
1.28821236297529
-0.114139359258368
-0.932146636038483
1.34892818009086
0.133203206214064
-0.829542796568375
~
-0.345988211523974
-1.49127794879308
-0.555299574385415
-0.360831383716237
-1.3259233037166
-0.443916095792422
-0.502449668956599
-0.612092809550862
-0.0177537946770847
0.93577610998685
-0.461228885688702
-0.121159112734777
1.02940388127582
-0.0984103938782316
-0.802173017696482
1.06899713855805
0.074994394932316
-0.710893490619696
~
-0.346138292838874
-1.54352843191949
-0.569551752620988
-0.361735354886725
-1.3752137436205
-0.459299349498304
-0.504422493943687
-0.658816332244721
-0.0214157006785389
0.944561068295316
-0.448760088863828
-0.13126970188848
1.03907639613109
-0.0825022268783484
-0.818732974617761
1.07713612899098
0.0904264340153422
-0.721904265889258
~
-0.334217168335371
-1.50166029771517
-0.553562181386032
-0.356435021360216
-1.3380534882831
-0.441836887680037
-0.4879999342276
-0.641683355596036
-0.0203418646888337
0.940293325823399
-0.42471897713719
-0.133521276273397
1.03366661334019
-0.0628867248126621
-0.812672727433646
1.06957450473062
0.107966601982988
-0.716427593282041
~
-0.343245818511962
-1.51258572523451
-0.546745136551381
-0.354237137749234
-1.3405141964125
-0.446426278246394
-0.48289049387815
-0.637843293766163
-0.0209608330763144
0.944890928723688
-0.413829343294245
-0.137330540208308
1.03833182032629
-0.0517350340378345
-0.816968827588522
1.07272055133628
0.118865524739658
-0.719469478175477
~
-0.319065939488472
-1.47523369115017
-0.542441198487942
-0.324797687799791
-1.30634815883641
-0.445185342962842
-0.449853815742528
-0.617176159323748
-0.0262338750408894
0.946769563956599
-0.424690317067446
-0.147368605509407
1.0628155777131
-0.0555335010589383
-0.692459195190434
1.09448314294775
0.11001941597183
-0.594462729898572
~
-0.31889400130719
-1.44600533789237
-0.539845216822985
-0.329423529654534
-1.28069481455381
-0.435881095775694
-0.452623812486016
-0.587453584705381
-0.0044745074803154
0.962897515430146
-0.443521163389937
-0.120982324106131
1.09564095770827
-0.0711974269281673
-0.64378817143263
1.12698106296933
0.0948135086744405
-0.545273375570197
~
-0.277278479481194
-1.41341531951921
-0.564876662274385
-0.291308776517043
-1.25820264462891
-0.457484018462533
-0.418667717962541
-0.598950318304755
-0.0226779706340046
0.957965426650839
-0.424198901463595
-0.141093437778157
1.10092813625024
-0.0772118102905203
-0.633362769508133
1.13125792019693
0.0834477103924264
-0.538023254856247
~
-0.286869724725004
-1.4498799557612
-0.597986134884547
-0.30359386406242
-1.29414500382211
-0.483490793558895
-0.431364844148492
-0.616137456690436
-0.0405299340372129
0.98458717178232
-0.449058372060481
-0.15139980383164
0.895786765282359
-0.169526587244545
-0.837102834306232
0.956615212546331
-0.162166061769592
-0.831558341993469
~
-0.307408093328366
-1.4585921545305
-0.615921725540395
-0.331279539175049
-1.30573233039668
-0.4908370721533
-0.446065176687854
-0.606213730684371
-0.0389467731374657
1.00318722647904
-0.462176025427024
-0.152397202268149
0.955084877070778
-0.192700380860962
-0.826258015926633
0.972347916310485
-0.165304758985932
-0.840575525792826
~
-0.32418815337761
-1.36372139001831
-0.524705619794117
-0.351742823212964
-1.14934447498281
-0.358262345000785
-0.450979160988617
-0.608881408917708
-0.0439047454611966
1.01341176780291
-0.470002286295578
-0.150479279957619
1.0037198556964
-0.211748640278829
-0.80292999670588
1.0568370397837
-0.198149706360521
-0.813088140293955
~
-0.309007733908771
-1.28122624348951
-0.488576157766236
-0.343281415683672
-1.06174979310026
-0.331708601773608
-0.41994557378778
-0.539450356027473
0.021687860646217
0.857957907928033
-0.506643463330265
-0.374382206671564
1.08209228100213
-0.145387529626559
-0.853912048443638
1.13101255920754
-0.211061449989945
-0.783734904510282
~
-0.194875143255771
-1.12473515633152
-0.470695741201587
-0.238122929100806
-0.934796064360161
-0.327934927050246
-0.253830990846596
-0.428634474205093
-0.0226851799661944
0.620728943651388
-0.516508139878506
-0.502942462781427
1.05764970050234
-0.17374997433324
-0.672342518626735
1.22233184312529
-0.229386832454079
-0.712958623724188
~
-0.15167231079088
-1.1215593220975
-0.485903557005597
-0.198687324918145
-0.936435922932914
-0.344969952609106
-0.22336771098508
-0.400057764179964
-0.00514966282388478
0.651844302871351
-0.505301065945601
-0.497199800846199
1.10446969151629
-0.161737988940951
-0.609671078069598
1.24463000664992
-0.195429416150422
-0.709676823486041
~
-0.160603928114936
-1.15958925924231
-0.4626446982321
-0.212652137696232
-0.963217872305596
-0.312627492208022
-0.152311877143612
-0.429089102575015
0.0720905889696708
0.730089473894279
-0.507282030166259
-0.478899686944775
1.21852946926417
-0.133287370170076
-0.565651222570944
1.38134283186998
-0.00862248350468122
-0.58286322818156
~
-0.177556333426161
-1.18532891802994
-0.484214006448519
-0.188807849462521
-0.969178089860199
-0.344477675688367
-0.304233454965318
-0.495267733331989
0.0296175932686029
0.376869599440276
-0.411033419071269
-0.743652753867351
1.10579738242352
-0.190251233924485
-0.586614737958833
1.34877329960376
-0.11665717744931
-0.52232761933783
~
-0.211465445822513
-1.15921101395501
-0.468289192741305
-0.222570082026111
-0.945880906567132
-0.330376583147542
-0.322568790999734
-0.485034903875763
0.0307249621459233
0.340115222344749
-0.388853196341142
-0.739630000103565
1.05818076580493
-0.176024826132599
-0.574072249208826
1.29753596764937
-0.105082025717561
-0.507100546799374
~
0.177883196185018
-0.689406263900824
-0.685997023382046
0.0891327423570081
-0.565094972829066
-0.609277428553682
-9.85189484832348E-05
-0.0880248065063928
-0.14392761502764
0.293453644473122
-0.341281322466345
-0.648543391369932
0.964831861902157
-0.192662517159302
-0.523928031212298
1.18862459163418
-0.143122915390288
-0.471669707373319
~
-0.244880944447631
-0.912095452584518
-0.333432275009263
-0.386191887005511
-0.8257453624859
-0.277498811300558
-0.561935115986036
-0.367949376136171
0.13141560494702
0.0101655635540512
-0.248851511473653
-0.617416739970442
0.690694493043064
-0.11489446871136
-0.452361607627491
0.917537469539401
-0.0702421403759335
-0.386379983899016
~
0.00901615646959584
-0.533177807514392
-0.471201289506232
-0.147726890207462
-0.459458821067692
-0.447911055421398
-0.57619934558589
-0.364732754106648
0.157305821420699
0.00140402739915618
-0.228376574829752
-0.611968441084925
0.689023336334726
-0.11801898309146
-0.457432714312676
0.918229782272588
-0.0812331288047006
-0.394959173189798
~
0.276412306118659
-0.326687940480583
-0.454508515641264
-0.00203751661357015
-0.331827128240436
-0.291411542598736
-0.558629380286721
-0.363361333576429
0.0831301926831559
-0.0137409062329019
-0.194645422455135
-0.59834801690451
0.677013554299322
-0.0821168706610596
-0.457423577110738
0.769193767625563
0.0537891491952699
-0.553817900142533
~
-0.0394966603768161
-0.486471530685352
-0.533250199412705
-0.204344514346696
-0.424927529446359
-0.379735172994157
-0.645491716085058
-0.33522591137302
0.216388917664099
-0.0138982703330828
-0.181283605953842
-0.599897406644902
0.674727161236519
-0.116115530271543
-0.429177787387226
0.90426897175972
-0.0943928287514412
-0.361311928233792
~
----
@eight
-0.71852617229396
1.04525677692775
1.08312664319707
-0.634851478075699
0.565504528645107
0.673174481828159
-0.35474469152531
-0.950648230595006
-0.362748190500742
1.56177698940275
-0.106730251568693
-0.141265217312134
-0.314307239919327
0.0380877877471596
-0.517231225445555
-0.537558144500898
0.440360761649961
-0.615794741841897
~
-0.652882226431633
0.989848369410221
0.999572370020225
-0.554293150471847
0.517894960307517
0.591802907973721
-0.187129921707353
-0.89121307937799
-0.529205333909876
1.50119228925161
-0.116636099567549
-0.162009493872786
-0.359635046457899
9.08699522889999E-05
-0.542940823826095
-0.578517654485878
0.399626842304697
-0.644411507452909
~
-0.669431328287763
1.03244054951173
1.04916897772924
-0.565563478745765
0.54709551170012
0.635969551420488
-0.251603435497906
-0.932996228938182
-0.480247711491569
1.54192575622165
-0.118675437605554
-0.173020027033246
-0.358321754835883
0.0188111596485856
-0.569067611363809
-0.597660877104137
0.420131304098124
-0.666621369044441
~
-0.676611574583083
1.02350765168691
1.04846777462615
-0.576463647826258
0.534481765667077
0.643606917489611
-0.27511167058688
-0.952222504361041
-0.4521036689512
1.52072380481589
-0.124492399252118
-0.164618264919324
-0.371614562496807
-0.008653730924584
-0.556253833884177
-0.595778442300406
0.396084146208599
-0.664019977124329
~
-0.528752015593583
0.649811760129641
0.739803683911228
-0.468615735839953
0.260440150862465
0.45314555602813
-0.307190738223839
-0.952822928279424
-0.271929750935049
1.15387324050938
-0.226305396119932
-0.234201983780437
-0.281157109196201
-0.148735021089383
-0.527632694960235
-0.455746208733463
0.151684338875204
-0.622298617954467
~
-0.63206366751912
0.954069581640881
0.99956274913492
-0.535028144482388
0.444427437703296
0.598476390700013
-0.102863561524584
-0.964955869802495
-0.605943559279744
1.56518321895311
-0.158169678962079
-0.199818427497664
-0.36617493600828
-0.0804584020632102
-0.596342983848846
-0.599996644877003
0.323091146046424
-0.728257091675223
~
-1.12583320184399
0.403729137752226
0.622163078872077
-1.07636438312601
0.116612122610784
0.403676084992824
-0.972260837293261
-0.777650965708245
-0.158880358531771
0.537172218554764
-0.531019338570245
0.353247186303541
-0.45304049696752
-0.285170371288528
-0.068821065556853
-0.587267817487573
-0.0631129589782467
-0.140414260953692
~
-1.11570466139939
0.422739826918639
0.625919484538411
-1.0620264023969
0.128362960005543
0.39793665844936
-0.866513320413242
-0.71186718816615
-0.272079017828089
0.721496918189971
-0.586493461958463
0.26805908671403
-0.326806595018906
-0.339618870006634
-0.0969913381564152
-0.458756149209262
-0.104552228710698
-0.16514306288675
~
-1.13277519973303
0.441493323199268
0.63718795209377
-1.07826691961007
0.148140294401925
0.408661571334782
-0.901941798585976
-0.712601787807697
-0.23958173984921
0.222154622700824
-0.291158541387023
0.494076440304266
-0.731877767587337
-0.209137012320938
-0.137464265132769
-0.868549014208185
0.0229574602738241
-0.205440449906515
~
-1.04145549937169
0.459307018709139
0.490215220999788
-0.992906455400096
0.203829203152291
0.290180306960007
-0.855180828625116
-0.566207556112775
-0.255916843092232
-0.0450797637027206
0.0598777572212463
0.338455123522116
-0.834512715943183
-0.0682940383297321
-0.267890377076335
-1.05159663991878
0.102248908212927
-0.407643581958375
~
-1.05266179511014
0.459031142709541
0.486252904193154
-1.00738635565092
0.206440238980321
0.291681750986416
-0.880976077696567
-0.555747405899968
-0.237808504839283
-0.0553394615106309
0.0596572641932919
0.308560162557955
-0.844141831050357
-0.0615643060676656
-0.267481926775365
-1.05783095617565
0.0994913725404078
-0.401854343337192
~
-0.988162843341285
0.221687342504852
0.187412946346919
-0.959398570831617
0.0247834422791525
0.0395544409177751
-0.560684674733151
-0.269051532303159
-0.159337833690251
-0.171393812290051
-0.256248685975571
-0.0585193049370371
-0.774789504693075
-0.316412260092123
-0.513099703683551
-0.912515692960887
-0.211361679647867
-0.597319669170829
~
-1.00434379106463
0.216836552043782
0.162748937590361
-0.963037705758951
0.0298638217567089
-0.00456059351674474
-0.54873563886737
-0.263963167557211
-0.208134659696455
-0.183622335683686
-0.2437672449806
-0.0564845553177294
-0.803364015094564
-0.314471204460419
-0.519454230825243
-0.95209862193622
-0.20652712807843
-0.608650012615678
~
-1.01119927736241
0.236183920037656
0.161219733143673
-0.998388983733827
0.0586506598299611
-0.0211569239447
-0.587176305801
-0.279609406941113
-0.165492365428197
-0.183461999635991
-0.238727317598031
-0.0557238458892621
-0.802651274406481
-0.317371631708921
-0.520463180248993
-0.952940801381589
-0.1745369331885
-0.618018829563132
~
-0.973880699891844
0.212902954031726
0.147497888659134
-0.9672793844492
0.0408384419356692
-0.0377230545378335
-0.541648286380695
-0.257874709975975
-0.203646293613261
-0.198669615616251
-0.244397200975314
-0.0819824950916168
-0.818085933076264
-0.319547746871518
-0.535748908457521
-0.943731582876363
-0.166381850270057
-0.618223038990456
~
-0.988161902906989
0.220164161131982
0.148928149363426
-0.98414167322147
0.0516000545232033
-0.0377747603868089
-0.560666708113391
-0.267573596176169
-0.163926291488822
-0.199130405777209
-0.252321830488159
-0.0829231733337435
-0.811318161313789
-0.325760498854031
-0.539888625260548
-0.943302448944697
-0.169565768645007
-0.61795981662883
~
-0.987799127199337
0.227415877199421
0.151977914994573
-0.985813803126862
0.0582781070304632
-0.0342726279344146
-0.557821037378993
-0.235995851588218
-0.19707350762508
-0.11462198564041
-0.110307462704734
-0.0161274585757341
-0.718671272986284
-0.271817378631039
-0.459655034178691
-0.968082921573215
-0.163424206863208
-0.604786248814692
~
-0.989281990218597
0.231225086321656
0.155162135714224
-0.986970356172145
0.0632428743748771
-0.0319815781169317
-0.549100322798522
-0.237015777293712
-0.19961716884604
-0.157385364227735
-0.168738328200794
-0.0411293768698645
-0.765513841643335
-0.289049317467386
-0.491824991368429
-0.961636537527554
-0.15277930915025
-0.610186676034196
~
-0.992351345701104
0.230665835628048
0.155482115748875
-0.991548768914246
0.064324722408102
-0.0329413224911437
-0.557598423306062
-0.245968142494266
-0.181236668492592
-0.171094430039461
-0.190519124149673
-0.0519125418057045
-0.782517859569752
-0.292237875615251
-0.501775601834574
-0.956173474024236
-0.143805613996965
-0.611017191570921
~
-1.01577545112038
0.204377032862781
0.137186101620471
-0.981423203778488
0.0219375783353023
-0.03238704570247
-0.53846442083886
-0.251322356245627
-0.184905173563782
-0.131267594239506
-0.147511758017575
-0.0186844894317542
-0.722972820611657
-0.293308683931357
-0.483044789574378
-0.932310430059835
-0.162966839785555
-0.628308985304965
~
-1.01560583970217
0.210569470570134
0.143229134022367
-0.97721269798911
0.0277902339541925
-0.0255145601838566
-0.539087448464332
-0.238129399813974
-0.199876111797256
-0.184564022278605
-0.207598075416706
-0.0646625804834429
-0.792398033523705
-0.301566644424361
-0.521671509431331
-0.957533675052147
-0.161093241377815
-0.616618004185468
~
-1.00725174773833
0.208786683067544
0.141851537523082
-0.965586855175188
0.0264946589483776
-0.0267879867688964
-0.528585633315594
-0.232738728172688
-0.212064127138262
-0.188057009428596
-0.211323184213304
-0.0683849397326463
-0.80183487579988
-0.264494098219903
-0.524201231060558
-0.963931480705397
-0.159411611289709
-0.617511977938118
~
-1.02039545101405
0.19806398212397
0.145661976669032
-0.971562990226275
0.0153617108918708
-0.0217611444091787
-0.53115265454657
-0.239302983052275
-0.209375808782461
-0.195836046525888
-0.238210774994543
-0.0745401511209866
-0.806256398612243
-0.282008854795308
-0.53993791917332
-0.956511189029945
-0.166054902803708
-0.621819463252568
~
-1.50176772017183
0.41751386531329
0.250040423277735
-1.45363188975406
0.172033598075004
0.00290244720970623
-0.79826621109006
-0.366262966174483
-0.342968475344732
-0.424043691986166
-0.189718147723646
-0.0562059097479074
-1.2747891215527
-0.245992403006735
-0.702598221675142
-1.47023248149345
-0.075320128684907
-0.795877067496421
~
-1.51574018223521
0.434250002363472
0.258399798733816
-1.43969497575888
0.186398799342038
0.0152183887146711
-0.794679656864693
-0.359834143247151
-0.373222708786328
-0.423988880939615
-0.158535919420925
-0.0476931668819678
-1.29445516799999
-0.236424130908916
-0.683501211834996
-1.50734001188087
-0.0532156403690434
-0.790364596783164
~
-1.51727900000426
0.443186582233981
0.267484372574467
-1.4381722192629
0.193886202977379
0.0260312903601303
-0.804641930970736
-0.359975315101489
-0.367965643928811
-0.313966620207757
-0.0257613976072488
0.0535630215642285
-1.17180256161672
-0.194822148779362
-0.584334805006349
-1.51537832731274
-0.0450328330530821
-0.783004882990874
~
-1.42894606404447
-0.0440561006741305
-0.838359985417553
-1.43283106865344
-0.0284365620808052
-0.825170229871797
-0.796377576035245
-0.35850958572627
-0.376734635392914
-0.381171797930909
-0.122136885378444
0.00575983263961028
-1.24570800778115
-0.208571576035408
-0.639812636458989
-1.42290102325666
-0.0197342981039952
-0.685806078119933
~
-1.43577035873254
-0.0306081199575142
-0.829401634055077
-1.44035628219551
-0.00720812560940814
-0.817944480041407
-0.884561574279398
-0.402864741651414
-0.242002221881938
-0.380743019193226
-0.112971835073521
0.00378627714484351
-1.25414163183375
-0.185712891763685
-0.630486741930783
-1.53097736589034
-0.0354314899745382
-0.767800228633934
~
-1.44935733812325
-0.0206344057654845
-0.826394631276054
-1.45436463692275
0.00607759002684765
-0.815802182129902
-0.957255370446803
-0.389016586058445
-0.156596845348626
-0.413162536313524
-0.151354200403787
-0.0333428790055502
-1.30143466748941
-0.176302145713149
-0.648177189152452
-1.54099881234591
-0.0261847561642187
-0.767291161976136
~
-1.44679006726062
-0.0150529845872869
-0.8225095592766
-1.45049914479938
0.0157619460355479
-0.813321543647459
-0.962342485389827
-0.38411265533595
-0.154039512148801
-0.394195072265254
-0.126025492604167
-0.0122700915554236
-1.28005740246839
-0.16574231574531
-0.629114277915191
-1.53870097963112
-0.0408372997727121
-0.763002750240858
~
-1.45601824964636
-0.00703897304076658
-0.821403875313343
-0.763868172313802
-0.555991786595025
-0.930565648129936
-0.966953044611663
-0.378117712577781
-0.153984475123456
0.0409545780942273
-0.469748843305594
0.541428142327476
-0.758812396740329
-0.270802866679027
-0.161990344122467
-1.54362318067415
-0.0310000546756335
-0.763680305819664
~
-1.49588442398592
-0.0023137529291245
-0.845655489840694
-0.745762578547018
-0.693309732637612
-1.13639926391945
-0.888897085954149
-0.350027955244502
-0.370030908365886
0.304432972683558
-0.502832063691435
0.585325838988203
0.397858293963308
-0.970066977413921
1.52489070633639
0.429000044859107
-1.12581194865475
1.85375262224358
~
-1.6267985990811
0.0199045585598112
-0.875200511426278
-1.59744949732282
-0.0396885881543617
-0.838213731123622
-1.08478788683106
-0.452628464743064
-0.183183501379635
0.313395089858579
-0.515987103057924
0.659410602002916
0.414054805409754
-1.00793620105468
1.67961748535086
0.440379498504293
-1.38950253387125
1.56829197757054
~
----
@goodluck
-0.765514901336846
-1.81562028990144
-0.873510866014701
-0.768128030158813
-1.60211171321704
-0.76376479058565
-0.775967416624713
-0.961585916475149
-0.391752985251464
0.857342431527794
-0.846084408810435
-0.0213374399081563
0.946199548350438
-1.49394442534748
-0.786534436357949
0.97581858729132
-1.70989780865227
-1.02734241999532
~
-0.766315836314762
-1.81514852059528
-0.868116887434799
-0.768258454626763
-1.60116330273261
-0.759763672689302
-0.774086176287636
-0.959207515869467
-0.391957895980384
0.867064272119086
-0.844932487220488
0.0189773124782177
1.01400295299504
-1.32387739537941
-0.70305883607817
1.08877529940143
-1.47121791743525
-1.25001784201675
~
-0.770401551218754
-1.81091791447122
-0.865407397308053
-0.77093910137914
-1.59732449728211
-0.758009498778808
-0.7725517518603
-0.956544179284942
-0.393198146234209
0.859266524451977
-0.843077451047044
-0.00887396201496039
1.15102921449759
-0.869914237582391
-0.976563098293148
1.16443751043156
-0.995432133602793
-1.15976061810373
~
-0.768450842419011
-1.7901283388503
-0.850836239477235
-0.767028591639406
-1.57775933958907
-0.747096274428319
-0.762761970674209
-0.940652473178978
-0.393730146406402
0.856355589990766
-0.831369231196501
-0.0934626069768234
1.19823660943444
-1.07043627253196
-0.708972176216774
1.31219694924899
-1.15012527536264
-0.900093463503192
~
-0.773032442520064
-1.75724812424202
-0.838137145780615
-0.769671579157872
-1.54745513532659
-0.73634307150069
-0.759588859428364
-0.918076298223257
-0.389365173300918
0.841412120700535
-0.819086659842535
-0.174253323825371
1.25735633134686
-0.655072988515532
-0.753963620209827
1.39600439075872
-0.600401753936286
-0.933335506265798
~
-0.778067873267876
-1.74942901969061
-0.834652676462032
-0.77413456753403
-1.54022110668027
-0.732857290907955
-0.762334520985728
-0.912597496995996
-0.38596427519846
0.854969924446339
-0.726061614053535
-0.269367998180917
1.24441416114063
0.0382994392664829
-0.595168695846188
1.37422890131594
0.29308650015541
-0.689933308718857
~
-0.798049804969017
-1.84900883756683
-0.871516422302491
-0.795383750464799
-1.62702894488726
-0.762605938002546
-0.787385449512487
-0.961089404288214
-0.391762951684952
1.0193756910315
-0.719892973374254
-0.396605225748907
1.31331823321662
0.0601328916409534
-0.568301444806807
1.41129910351827
0.320141513312689
-0.61082967335352
~
-0.792417522259767
-1.81737028543498
-0.856214285412146
-0.790843421174029
-1.5985994898809
-0.749001504698974
-0.786120982475317
-0.942287238660128
-0.383885358280454
1.02590909865997
-0.63009925929869
-0.50173300538944
1.20733244300188
0.077877896130538
-0.553762044064344
1.26780686854227
0.313870281273614
-0.556612274940981
~
-0.794391699070613
-1.9257900641131
-0.888614913829417
-0.797350260159274
-1.69472182368886
-0.775605231237856
-0.806226086440732
-1.00151724543161
-0.390666500464505
1.06707903316685
-0.656872123050131
-0.534071547550455
1.30039991030533
0.027229234323692
-0.850385161727504
1.37817351218225
0.255263043950879
-0.940519805453631
~
-0.786029330985497
-1.94393929289267
-0.893201789554861
-0.79424679034323
-1.7109754125211
-0.777578303516056
-0.818899168416429
-1.01208355436927
-0.384259008341916
1.08335665385436
-0.643827199149684
-0.561833569312613
1.115814193107
0.407486275482951
-0.512783180668388
1.12663338491549
0.757924100360497
-0.480949912512521
~
-0.764568638813856
-1.94316309237608
-0.88377164157882
-0.778168842060651
-1.70550112651965
-0.766731165209016
-0.81896959499574
-0.992515085755679
-0.36963278106332
1.14741420985671
-0.457410122302254
-0.667944003939452
1.01789542493449
0.569057080710682
-0.566566736893458
0.974722490660638
0.911212803115436
-0.517448662866032
~
-0.775072458604894
-1.90787961421711
-0.867641148415023
-0.78515802082041
-1.67591762201573
-0.75386420829642
-0.815414848865899
-0.980031786810523
-0.367130753802717
1.110814344446
-0.391238698692437
-0.719262190815193
0.932710925810947
0.592340690318701
-0.508695413671111
0.873343113707641
0.920200575030084
-0.423372465109039
~
-0.791778917448043
-1.89170006570741
-0.847798327271176
-0.797259886824225
-1.66334231271153
-0.738264619527982
-0.813702794952772
-0.978269194644581
-0.364409916470289
1.09131162503326
-0.38361845482282
-0.732769839924031
0.749035276056687
-0.267457088421418
-0.109496786522014
0.634943171474554
-0.228736635890131
0.113345612448951
~
-0.803372120836446
-1.94736914833299
-0.86559120613753
-0.808628230588523
-1.7137536970526
-0.751715384333012
-0.824396704465867
-1.01290712627976
-0.363641402080998
1.11053711606627
-0.385045950569901
-0.749782667771083
0.784879617896561
-0.277011981143933
-0.0959286308510385
0.676327118506659
-0.241000659508413
0.137504887068463
~
-0.797877937460327
-1.9036524884332
-0.852439532741224
-0.804670528505076
-1.67543314633234
-0.737642483158472
-0.825048443835958
-0.990774977833101
-0.347578344119249
1.08593426334336
-0.386192995629724
-0.747791341372918
0.772655702726385
-0.290931168571244
-0.100239811298192
0.668229515854061
-0.259177224737203
0.130834839228193
~
-0.757484423578568
-1.93100279571544
-0.903349619750532
-0.77637301684079
-1.70260862104713
-0.775298794273621
-0.833038796627456
-1.01742616956232
-0.344550683415938
1.11756347999717
-0.376024483628344
-0.758894740691825
0.77678826710962
-0.299899893856172
-0.105902597376518
0.663196523437093
-0.274525029843364
0.127293135150552
~
-0.79017663171076
-1.91669491107909
-0.853183490088852
-0.7984958921518
-1.68819099715205
-0.737089500884529
-0.823453530748106
-1.00267904128073
-0.342952833891663
1.09391641571064
-0.364816931272228
-0.755788996937632
0.798763415720787
-0.223836274379064
-0.105325251208914
0.700379076443885
-0.176842722081342
0.126781087463041
~
-0.764071165987917
-1.92572551052843
-0.873561274559114
-0.778004121383785
-1.69225902508327
-0.752061997269454
-0.819803129101742
-0.99185935645224
-0.342091029772752
1.08254598143328
-0.297501795414733
-0.782436108940114
0.750213419599383
-0.214986407552499
-0.107913778905289
0.639435894565261
-0.187481275316539
0.132084898356028
~
-0.737927418729942
-2.12223230202337
-0.925568307393615
-0.757485481714206
-1.83857218290036
-0.790448719174131
-0.816159811297618
-0.987591966161956
-0.33990758607991
1.05566321626143
-0.293816040679407
-0.797144986823431
0.700709590804209
0.389746445322756
-0.682739164031548
0.582391709792193
0.617600607323477
-0.629543100288997
~
-0.805823248738834
-1.90389403438571
-0.845356341449191
-0.811101916781786
-1.67737011991116
-0.729733042570265
-0.826938062562809
-0.997798234835318
-0.337350870942793
1.04508337524195
-0.275832688900911
-0.816187327001194
0.658198334713632
0.366448767149161
-0.719635509421901
0.529236642733177
0.580542633049908
-0.672281189637687
~
-0.713658221371501
-1.97436379542372
-0.967804988342573
-0.74301688023589
-1.72580111223338
-0.82267457209683
-0.831092998943242
-0.980112991605262
-0.3416208988738
1.03804711806167
-0.254862471769937
-0.834917993344669
0.58786961673247
0.35936819820933
-0.737888680995685
0.437810431858463
0.564111748947661
-0.690324768717424
~
-0.70301635489182
-1.9183482193955
-0.955106982075278
-0.732640037240392
-1.67835976113902
-0.811558772632061
-0.821510945056789
-0.958394386369575
-0.336174752797254
1.01307281923459
-0.253743818678679
-0.825059004034412
0.524670475467639
0.296820481480464
-0.726295296394754
0.361869671007103
0.480341914866844
-0.678461115652238
~
-0.7349918349966
-1.92527036946671
-0.879364254133236
-0.756601340550367
-1.68321175149974
-0.740663689168205
-0.821429857211665
-0.957035897598835
-0.280019052711793
1.01208471311247
-0.335237589072061
-0.748919404573275
0.510208624458413
0.200398797620382
-0.658504046899479
0.342916594907062
0.378944236028904
-0.613518131957688
~
-0.773404024802784
-2.04424744193652
-0.881365317737158
-0.786435375177779
-1.79713836817053
-0.74615485264609
-0.825529567792545
-1.05581121761747
-0.295058828831431
1.0676823783127
-0.470138249208853
-0.676005916806979
0.523761647242171
0.102692257683206
-0.646291930753061
0.3424547133037
0.29363575998056
-0.621232392554604
~
-0.737644678117656
-1.75115339594663
-0.766085077444438
-0.75639888868485
-1.54391095951997
-0.645179662451169
-0.812661654511776
-0.922183516114659
-0.239359823421915
1.04734263261378
-0.390866682075173
-0.428055943566984
0.586597869399643
0.214392750809224
-0.490358239578785
0.43301629283871
0.416145872749798
-0.496757628065775
~
-0.75873608125507
-1.95774498049273
-0.747378518740358
-0.772400366283217
-1.73528844541831
-0.625939206697839
-0.813393362830135
-1.06791898165756
-0.216151269555434
1.20502261059181
-0.525759229335292
-0.331120653755901
0.676106274746196
0.143776378602512
-0.446397294456126
0.943325569182352
-0.0354342285183752
-0.48389503612458
~
-0.757663421166637
-1.73522700670245
-0.720119205310357
-0.769437354721016
-1.53108672407133
-0.609305469015763
-0.804759285018761
-0.918666005812577
-0.235189845182986
1.04427738666761
-0.397502719722254
-0.268155925766077
0.619299951867738
0.232898756056736
-0.386388909893668
0.477640792080483
0.443032629929378
-0.411908260107058
~
-0.771268229140401
-1.69288384657586
-0.730702413497697
-0.778677020076848
-1.48960510553421
-0.627562281371123
-0.800903265773024
-0.879768755296103
-0.277272459549405
1.05147382501748
-0.385739173602695
-0.244987240498766
0.64343827897331
0.286457815885621
-0.411302108153363
1.02277024189407
0.0201761645393943
-0.407088560894868
~
-0.755019159051332
-1.54110596551089
-0.703493526721433
-0.764472628088471
-1.35025802902606
-0.604825932576395
-0.792833155056735
-0.777714159643146
-0.270281503222073
1.01657622624933
-0.346819987765695
-0.210512729398177
0.694345484765606
0.350178316670214
-0.368724725350863
0.959126292866321
0.0949258731534605
-0.372932180082898
~
-0.752887086294238
-1.52271427064559
-0.695626716435995
-0.760489716062082
-1.33317570271381
-0.599291941482224
-0.783297605365614
-0.764559998918451
-0.272224874864144
1.00598595021576
-0.35343536344384
-0.204891185897891
0.766961255215047
0.335125131583065
-0.27719221511132
1.0039846274364
0.0801606929181845
-0.309073714562794
~
-0.760681498392358
-1.56515232819772
-0.697216100864113
-0.76610907242914
-1.37153207659507
-0.600567339841754
-0.782391794539484
-0.790671203657727
-0.272630164846651
0.983752385524746
-0.388143587806003
-0.188608493101697
0.756119574852588
0.297346529713742
-0.25156674536834
1.00063045034723
0.0524905391372993
-0.275593323057129
~
-0.763092601606598
-1.59967139089211
-0.694495751504701
-0.770597191184445
-1.40383410686518
-0.594852487886339
-0.79311084041815
-0.816322254784382
-0.257488204407945
1.04028704191273
-0.431322349960941
-0.18372239085174
0.566023132384638
0.216556366909129
-0.368083388816602
0.407935162541942
0.432515959115791
-0.416725557263787
~
-0.777955608574051
-1.64996613059669
-0.702987975674299
-0.783870634053679
-1.44736337312507
-0.601611725534493
-0.801615833535131
-0.839555223752789
-0.257905594138746
1.04452208848601
-0.449205991784107
-0.140545621953186
0.567537665752654
0.140777995537264
-0.466884540643288
0.40854285048471
0.337439304137293
-0.562471883937973
~
----