@RockOn
-0.130418309120377
-0.222077608807795
-1.86068162694143
-0.156962994921258
-0.257552252195185
-1.81760867336393
-0.421692700494235
-0.215664740020885
-0.894692856302847
0.713080908327459
-0.90451905377957
-0.311041638423243
0.794465217429274
-1.4574597895255
-0.741023030338027
0.79796737784613
-1.71883530125698
-0.896520133472128
~
-0.132651658060402
-0.224408667935628
-1.86474801827373
-0.15795656922668
-0.25890405062228
-1.82373744484787
-0.422921954049873
-0.216994725403296
-0.897881120024737
0.714504870266791
-0.906445873175104
-0.310456054504277
0.775397596521662
-1.47026081402743
-0.768357378471268
0.788339456104428
-1.73823435884352
-0.913471363550959
~
-0.133682545545011
-0.228077130592143
-1.85567258271031
-0.156235710165568
-0.26166488264182
-1.82391441947507
-0.423380633567392
-0.220910020512013
-0.899015670962345
0.71559839249651
-0.903285880147682
-0.307714338791668
0.783726242604539
-1.44875787191812
-0.753819884916146
0.790347114520771
-1.71190973045737
-0.907751742006159
~
-0.134734055145188
-0.231956323096854
-1.85981318087743
-0.156655694660919
-0.265015631753702
-1.82926552677973
-0.421722301338109
-0.225377510411433
-0.900901572451722
0.715440982612784
-0.908166970731533
-0.311481631810207
0.769746337228639
-1.45812049503621
-0.774173276208604
0.784565583610798
-1.7222063358503
-0.927523349968882
~
-0.13324579004776
-0.232174114651405
-1.86245006922036
-0.152801869940625
-0.26718748026719
-1.83994717703186
-0.421982123124093
-0.232140875596983
-0.908030874779646
0.717646600558723
-0.904960659222911
-0.308490460154086
0.773166656851351
-1.46158741313624
-0.776118206366552
0.787412496816776
-1.72584470063501
-0.931903111320385
~
-0.132231853106075
-0.23792929764567
-1.86933765035122
-0.150788222977594
-0.27419097845226
-1.85137126037233
-0.424418397163182
-0.242175082259318
-0.914218647641338
0.720885907819007
-0.908415213897673
-0.308843402859085
0.791890608949046
-1.45544065567143
-0.768702480031656
0.797701814078406
-1.71678640291183
-0.933645109758339
~
-0.132498604221407
-0.250365633088512
-1.86977985317106
-0.149228971664505
-0.285340889571126
-1.85663539396064
-0.427690246149306
-0.257028464696546
-0.916798095411222
0.722128634929632
-0.907459581647939
-0.307285594062058
0.781054696191127
-1.4535271906318
-0.774952128851366
0.791379726886191
-1.71953075586102
-0.934392184312491
~
-0.135473450017848
-0.269630520813528
-1.8828916793431
-0.149540968001832
-0.295528924298379
-1.87623881377924
-0.432172649382302
-0.260835087997166
-0.928579061819814
0.72468502482339
-0.912072175815942
-0.307785065810593
0.779869995716995
-1.47380893348899
-0.789894604507389
0.792706121600309
-1.74306896064938
-0.949114812648471
~
-0.135134208817024
-0.279684663329491
-1.88234781641173
-0.148598680400266
-0.304073266987664
-1.87566513113957
-0.43088561301851
-0.265823211810961
-0.93378143400364
0.726290103327751
-0.910628694348816
-0.305918386128313
0.802951592646315
-1.46548597119251
-0.773485684307662
0.806010562264033
-1.72953848672113
-0.943469099515196
~
-0.133847482849612
-0.282081077318122
-1.88215924523714
-0.147454244868639
-0.306412542190414
-1.87380075235236
-0.429831229430624
-0.274390874767053
-0.939874066626135
0.72821112065771
-0.908753932805355
-0.302344758084341
0.805627786155184
-1.46564943102001
-0.770984872834219
0.808403810996182
-1.73038312083036
-0.941957993122332
~
-0.131496112671761
-0.284605058127068
-1.88178177639907
-0.167601100581238
-0.311458222516809
-1.82352916456417
-0.557953804745675
-0.349916391011658
-0.908413409230711
0.729325244093781
-0.90729797502083
-0.30157672881088
0.806567764797375
-1.46583223447566
-0.770490815448356
0.809462894160979
-1.7308658930512
-0.941873690869587
~
-0.0530404681587621
-0.1217209229526
-1.89856046667755
-0.162657759780503
-0.315703028102413
-1.82855925850916
-0.536993581450542
-0.361346902995121
-0.905910041366221
0.729736796045461
-0.906074790459121
-0.301470424800583
0.808171207821917
-1.46656607151318
-0.76854878164969
0.810838058513551
-1.73208235669172
-0.939826646514498
~
-0.0276099559169984
-0.123736280804809
-1.94694661181658
-0.139424269551294
-0.316436941470919
-1.87546730648681
-0.429360761210986
-0.299401898602996
-0.938661562112512
0.730677153031617
-0.904851455960674
-0.299946029370813
0.809399413496076
-1.46692839567692
-0.766647393586334
0.812258838216158
-1.73323753970205
-0.937760306748544
~
-0.0226122433870374
-0.126536928961324
-1.95125033902255
-0.135703331569413
-0.318899566203988
-1.87879992103553
-0.429197976747221
-0.299912920089654
-0.944023796995103
0.731847449255802
-0.903967333479975
-0.298079617932003
0.812148285227172
-1.46934925921062
-0.762920253501228
0.815201562114924
-1.73622430946008
-0.934734150137639
~
-0.0190952227619427
-0.126417144933305
-1.95372072498014
-0.133063086362265
-0.318730578368281
-1.88063141597478
-0.42510746568847
-0.297840956299587
-0.951090425349765
0.734424234344643
-0.909779625971315
-0.299457256064121
0.814263842626554
-1.47656476925729
-0.765055241343114
0.819189641456152
-1.74608493024452
-0.934130350596379
~
-0.118276385242972
-0.300110028068977
-1.88355536882067
-0.132316011031652
-0.320835374704703
-1.87390456240051
-0.42261614316739
-0.297978008823076
-0.955125738168845
0.735701428898735
-0.907016157772261
-0.294770253069185
0.816544297260109
-1.47574278498512
-0.758514270879796
0.821724372272864
-1.74589894518309
-0.927277706994054
~
-0.120021934287833
-0.308856515451568
-1.87932659900535
-0.129950991814334
-0.322275912177335
-1.87696152417921
-0.380751454901684
-0.263032184951285
-0.968220012329569
0.737647329557012
-0.906360372302767
-0.292364869999835
0.82266743126646
-1.48036646270029
-0.750092092451079
0.826718894036384
-1.74955660032647
-0.921658743345338
~
-0.122264224355501
-0.317639808194161
-1.87439509053462
-0.131867491478373
-0.330210960437394
-1.8694972644342
-0.384490727226223
-0.265456769590148
-0.968088455088226
0.738534164066914
-0.905436634017611
-0.290664163092536
0.822607204416703
-1.48045241319393
-0.7472160301016
0.826709008709194
-1.75030891750117
-0.918019178198049
~
-0.12293810988074
-0.319750625982736
-1.87569368987727
-0.14601389388216
-0.336553877123836
-1.83743594350928
-0.525922900865468
-0.403610822679145
-0.908866556357223
0.738895319196699
-0.9063402015094
-0.29093948294866
0.823447361175912
-1.48269384595255
-0.746236091754269
0.827498039263329
-1.75343696421082
-0.916214606771301
~
-0.122927247418241
-0.319611553202337
-1.87382307038927
-0.151522796789689
-0.33480947143408
-1.82890901162066
-0.589771004973584
-0.367217087073217
-0.92554430149709
0.740883819102827
-0.908557588090912
-0.2895710821909
0.823256252496905
-1.4844983082269
-0.746176601953858
0.827433108949069
-1.75527117000003
-0.916116631492978
~
-0.122028301983351
-0.317027031534304
-1.8731950679415
-0.132180434002039
-0.332599556136255
-1.86505123233849
-0.389334293501728
-0.26786053258875
-0.968248854228088
0.740826035567985
-0.907632696390693
-0.288660084245688
0.822181037122123
-1.48339259197756
-0.744858858869709
0.826702840724948
-1.75414195798201
-0.914711030161116
~
-0.121322913348283
-0.315779607070829
-1.87413600401094
-0.139501660838988
-0.329377203994088
-1.84477331217051
-0.524494601241484
-0.388981223715725
-0.918430999435258
0.741422542213698
-0.907290054308785
-0.287605776460729
0.822354611688755
-1.48318951323556
-0.743619512960059
0.826943986894224
-1.75397950746757
-0.913603123321578
~
-0.120964776502193
-0.31278347951952
-1.87408117918022
-0.127425402321149
-0.322860712919868
-1.8718560261832
-0.386858204631816
-0.262575556363087
-0.970525532193315
0.741549837734338
-0.906125517111016
-0.286691565342262
0.823245866808796
-1.4823763430789
-0.741571380855796
0.827932508320769
-1.75337462111429
-0.911261913758052
~
-0.120165964313987
-0.308934495086975
-1.87211799283955
-0.126083271827738
-0.319168861864412
-1.87119140186096
-0.419414776316868
-0.29857355285413
-0.958709541127942
0.740808265613679
-0.90380527888255
-0.286200408406201
0.785608972009168
-1.49537741725665
-0.764206669806883
0.808728785308345
-1.77235437920002
-0.921251025660043
~
-0.11898474432263
-0.304048310253031
-1.86921417527716
-0.123971045724035
-0.314888332806111
-1.86998186574648
-0.418519159311571
-0.297966233715992
-0.957202234964486
0.740683690577878
-0.902056252723599
-0.285401076224097
0.812915610934186
-1.47746953580712
-0.73910354124906
0.820636863847956
-1.74873036079922
-0.906323440679735
~
-0.118082738802812
-0.298577330228512
-1.86928835910073
-0.122893411039447
-0.311921336577862
-1.87099972100651
-0.418341954592228
-0.297592473528931
-0.956070881425489
0.740456769330137
-0.90165202195898
-0.285635751845039
0.815082259242168
-1.47645751724411
-0.738795975069316
0.822086142219051
-1.74750161142133
-0.906131017585122
~
-0.118329449387545
-0.297933800385605
-1.87255637721169
-0.122497209471137
-0.311292396144557
-1.87522109108729
-0.419297474359756
-0.296158426097431
-0.952382305428617
0.740170059755369
-0.903330310485879
-0.288514439923175
0.816450095011006
-1.47776945945931
-0.741507997075594
0.823011053567068
-1.7487320254805
-0.909013957074887
~
-0.118852102440722
-0.295124053465277
-1.87337089836236
-0.123905596878079
-0.309996078425758
-1.87451150918037
-0.419800624787857
-0.295174451035628
-0.95280692745435
0.740163998248739
-0.903088098574854
-0.288173307267942
0.817933085157911
-1.47725821545827
-0.741322248216374
0.824205198265453
-1.74819891350413
-0.909109957940587
~
-0.119321611603677
-0.293452925923708
-1.87339717542686
-0.124327246551977
-0.309402223351056
-1.87447776743177
-0.373996555553033
-0.235353876004305
-0.970266725389981
0.739939655680041
-0.903103359382928
-0.288367224547648
0.795363395158907
-1.48478147355561
-0.76754844548118
0.811634583736532
-1.76384089121787
-0.920333665473127
~
-0.120124854472259
-0.292258410280148
-1.87458612101442
-0.142053230428659
-0.309983897981621
-1.84091564764841
-0.56127634526929
-0.34008884190559
-0.933553209548056
0.739785860282223
-0.903589256585311
-0.28877962157747
0.81389860044301
-1.47315499239896
-0.749468820337036
0.821241349004016
-1.74671062514167
-0.912748005580182
~
-0.121929885733459
-0.292855569245371
-1.87832636630433
-0.145939195820975
-0.311295189227034
-1.84002412636194
-0.561829273979
-0.339394926386514
-0.930221693701557
0.738786690318419
-0.90560663431811
-0.29177239703337
0.813024436074305
-1.47551270560145
-0.752832412343541
0.821366761933375
-1.74860826178665
-0.916935807484021
~
-0.122684442430223
-0.292500014521288
-1.87864236512862
-0.147320302245923
-0.311115495527109
-1.83899465693544
-0.561788153880527
-0.33863966968525
-0.928947658458495
0.738379185551636
-0.905334676696243
-0.29208418157683
0.793139564067063
-1.47908283038777
-0.768270697448347
0.811374436134927
-1.75768342484772
-0.921587250059695
~
-0.122813779776929
-0.291304818289239
-1.87719770563002
-0.148350533574911
-0.310639646731661
-1.83574283914934
-0.561431052108372
-0.339708471992723
-0.926478763059756
0.738120776647529
-0.904367656833353
-0.292306696917857
0.789921171331514
-1.54544352634565
-0.816457462540766
0.814830966069812
-1.82672544430205
-0.962544228402266
~
----
@THumbsup
-1.3462209911154
-0.833854186928291
-0.913098009474359
-1.37769208131435
-0.731143644010819
-0.615481808312531
-1.17097852382566
-0.429549873636032
-0.0159115069961802
0.701585325749309
-0.857660657789735
-0.324547751208269
0.803226719466849
-1.39463280907541
-0.748795830876806
0.820367038147154
-1.62632050068474
-0.917132472863067
~
-1.31078301813193
-0.853261164977495
-0.925904325554618
-1.31563276865787
-0.750147094686421
-0.663705448974115
-1.16341101390831
-0.430105252242464
-0.0619904168895839
0.700089045555769
-0.854957864537873
-0.31753605310988
0.798949383920887
-1.38712655211344
-0.741898036300512
0.816690526237126
-1.61644635118655
-0.910391643859733
~
-1.23993233838497
-0.895993841983723
-0.964717902489599
-1.2542928908025
-0.785766217513675
-0.722935461035445
-1.14478746915267
-0.445223905461558
-0.12557516455161
0.699997489822078
-0.857529818060061
-0.309088483376254
0.794648496971814
-1.38569367747031
-0.736822316262599
0.80693953209097
-1.54228000813997
-0.846782235281021
~
-1.15850581661204
-0.933299056299482
-0.99305654619148
-1.20250300675482
-0.803708925867653
-0.759294071969743
-1.12341831395558
-0.45268573197189
-0.165725818211865
0.698912555056604
-0.858080310463545
-0.299677997911678
0.791335295314244
-1.38446090803193
-0.726948019407258
0.804600423785325
-1.53240087375004
-0.83549319839869
~
-1.01785953692393
-0.985818237946364
-1.06471921513801
-1.16119605506939
-0.832523668805161
-0.799860876037544
-1.0952064481907
-0.46038679716209
-0.212529459442482
0.701282389686997
-0.864400390230436
-0.288529562866889
0.793355358684945
-1.39527530685827
-0.718036231533854
0.806839397689165
-1.53527682854355
-0.823385853972836
~
-0.876222461038769
-1.06073722892298
-1.16458639318633
-1.06349199529121
-0.876904912057708
-0.862922467680629
-1.05889934040086
-0.466551998738695
-0.250828642882726
0.698454696888208
-0.867976956772732
-0.285968632964074
0.79245361083423
-1.40229300872374
-0.707405986766506
0.805632582217092
-1.5319100493772
-0.816375968862436
~
-0.832851433177827
-1.06852297816164
-1.17136129210346
-1.00859929146174
-0.905372481708338
-0.911087300347464
-1.02352645875943
-0.474150418358725
-0.289008750671377
0.696579091392337
-0.867753874518975
-0.279698273899163
0.789581612670669
-1.40655180595609
-0.694595327345693
0.802952864665922
-1.53155044772994
-0.808243342768018
~
-0.767077719464847
-1.0838213146327
-1.19876899507636
-0.889575589628836
-0.943989992056941
-0.971321654813751
-0.997551506328636
-0.49804747993862
-0.34190256867831
0.69679852872477
-0.872581661454376
-0.269661750517286
0.792351145954026
-1.41594524782286
-0.684276345152883
0.804544312363482
-1.53956668475366
-0.797110569665288
~
-0.71940737224663
-1.07912360774197
-1.2089465864839
-0.881320329106912
-0.939237375153566
-0.972820057283016
-0.967433135454078
-0.498625285626935
-0.366392667631569
0.696926696976781
-0.874981905324182
-0.263001901218101
0.792129877172797
-1.42049557651886
-0.675019201328617
0.80659222612017
-1.54480353138563
-0.788556867020882
~
-0.658720947121504
-1.06549421134975
-1.20896041091996
-0.772613781837697
-0.988913479828038
-1.06981385438712
-0.898817666843992
-0.597892868505814
-0.505408469739297
0.69552337373235
-0.873733564986028
-0.25534158787146
0.791506933858669
-1.42110829928374
-0.66218284300701
0.805316234232171
-1.54271759153632
-0.774578958966544
~
-0.445239826945386
-1.03415593783216
-1.26380639914798
-0.706758982025673
-0.969732616508872
-1.07335966498286
-0.86337586656006
-0.595116201972751
-0.507660018526685
0.695052991012535
-0.870584393051402
-0.246123305414119
0.793071800405275
-1.42205994675499
-0.642604234980191
0.805450874768858
-1.53908209439376
-0.755731298559657
~
-0.228379592476238
-0.99614294318104
-1.33887585139953
-0.528999639472799
-0.929059738233702
-1.13706596931
-0.768212516870556
-0.618003790668459
-0.560343029504791
0.695992535710246
-0.870459328785017
-0.238791900298588
0.795376795022117
-1.42531391901492
-0.630702124840451
0.81948122256937
-1.65856711335621
-0.794130873929196
~
-0.127805781818967
-0.943603090060824
-1.35494946049802
-0.470223181273945
-0.903678113970476
-1.15226500139096
-0.740103521520463
-0.600636850423639
-0.586627934293338
0.693965087605322
-0.868846815246982
-0.235922389407606
0.795485847258439
-1.42646014965535
-0.621296750280901
0.81864933929851
-1.6574291680436
-0.78744184555361
~
-0.0402070744142481
-0.849212138433651
-1.33476973076025
-0.31257287256052
-0.836092325751258
-1.20412373697025
-0.696970235945084
-0.60017395459814
-0.674478168939003
0.691344571325655
-0.86911538721599
-0.234333008834909
0.795479104724379
-1.4305814577088
-0.615932286399146
0.819070836689701
-1.66174482527082
-0.782894460877665
~
0.104780365464012
-0.738491813327906
-1.33136326538231
-0.226767744969188
-0.743485648045896
-1.20074414663867
-0.674008499040583
-0.569347254707094
-0.694383408734032
0.69281913283808
-0.872902429431903
-0.228914539916901
0.798884378031685
-1.43836778059802
-0.610167431285083
0.821519338169035
-1.66989367818501
-0.779192895193543
~
0.367668147636755
-0.559169163083138
-1.31336011805363
0.0133823052586518
-0.654010752011107
-1.27244640118439
-0.644417953676794
-0.533842075133905
-0.713431340391714
0.692778799167319
-0.875875033306025
-0.221105036193218
0.799400707188954
-1.4450414303004
-0.604059025666333
0.821853120393789
-1.67837694360947
-0.773483089188002
~
0.477091059144082
-0.426643769719498
-1.30658885428703
0.12314791827111
-0.551232314626178
-1.2755936023747
-0.602283404700458
-0.48193896260204
-0.7456179570496
0.693588390032741
-0.864330321819128
-0.219373607441024
0.802048440712016
-1.44326141269432
-0.599993267793157
0.824600938218407
-1.67717930336894
-0.773813487298786
~
0.584872642814976
-0.281771144898316
-1.26319364687743
0.194966868739744
-0.447549561956304
-1.24113089640045
-0.57588685811834
-0.443375827896834
-0.758280780853898
0.690274427268053
-0.859313397024315
-0.194615702398769
0.802536092607439
-1.44613156816427
-0.577370189907119
0.825534144848788
-1.6826450268987
-0.753512575780623
~
0.603636413112659
-0.235073767559264
-1.27434599824159
0.3246833129613
-0.3355793031607
-1.25719015702708
-0.31347314808927
-0.459250275526511
-0.983189221930204
0.679195845010985
-0.808598839074479
-0.187082026019979
0.818440968945235
-1.4960882343009
-0.610813744087157
0.848832502517132
-1.70303202346329
-0.787557201940538
~
0.791092028607235
-0.0985947975563742
-1.28732235538502
0.518024839666109
-0.222795434942314
-1.29423423992011
-0.126095719478308
-0.427879913941742
-1.0810778259928
0.676994737008855
-0.765714837398188
-0.169998926683024
0.854800796956871
-1.5678260087044
-0.645784293830399
0.884685014006757
-1.7934112667766
-0.841379467628864
~
0.832828777889261
-0.00249644782953981
-1.17989328794995
0.60644904935986
-0.123732954505935
-1.21375577695101
-0.112127954395238
-0.337855103947913
-1.03553538308881
0.668792755060353
-0.763386392694958
-0.155847249078904
0.846416649513824
-1.55356470040967
-0.626827281165552
0.875983648678953
-1.77062943654167
-0.824822177288193
~
0.870372970123527
0.166362011949304
-1.05705180057268
0.652428989858886
-0.00459181599369159
-1.11002788032499
-0.0819435020538263
-0.276177483763003
-0.956051618216635
0.644823459912062
-0.739178830265366
-0.120037131866227
0.824696896294295
-1.52408893928367
-0.584521604196327
0.851877488261449
-1.73628014839663
-0.78020563781565
~
0.784902165477366
0.423924647190179
-0.868579059744189
0.635112848922276
0.298734688779091
-0.908148962519292
-0.127314430395525
-0.107285963811842
-0.83990170694015
0.608518633103582
-0.829762813414751
-0.125572567410089
0.709285743002344
-1.35878241226935
-0.508927776433791
0.731534578768358
-1.55702448003846
-0.69852586919281
~
0.808337346252405
0.524110891806885
-0.813972211040918
0.641903866559844
0.371655852771042
-0.792629979329091
0.046137414939381
-0.248069924631042
-0.625479177854207
0.603761291773577
-0.838966685893226
-0.129570686170341
0.676505936478184
-1.36364360827496
-0.548299826562502
0.724108164562084
-1.55615439214083
-0.718374097269306
~
0.828002793390827
0.617768386731487
-0.794052634843271
0.79370517940138
0.55077496353708
-0.824998360987658
0.226109118837328
0.337076112341289
-0.54771379097877
0.606081886823422
-0.839689842477692
-0.135153501862069
0.676591951502984
-1.37637232881985
-0.558695369971283
0.730153909076666
-1.58162840469164
-0.741959730560436
~
0.836676620457451
0.666468240059699
-0.773235939389453
0.659184911609969
0.466656177365742
-0.771380183644534
0.0940689878145476
-0.216974796977806
-0.64044895594699
0.608996642213208
-0.842328886742028
-0.136018892625319
0.678612645094846
-1.38720389547561
-0.566115246849304
0.723235668336949
-1.59778952773378
-0.751085305744109
~
0.83568722497142
0.687674447073022
-0.761045453608431
0.799055276519127
0.616505553919249
-0.798244022112462
0.231004250218177
0.366243800453601
-0.536137459180071
0.606686632177391
-0.831398090537873
-0.137076480404045
0.676240645552859
-1.38861624076631
-0.574593454331239
0.721440050862342
-1.59943123499567
-0.75930219384337
~
0.834918396939729
0.697233870263335
-0.750430030435071
0.662397341364668
0.498072875605216
-0.756258438335536
0.112339276154578
-0.199395490855216
-0.64899885307713
0.604063339480043
-0.826437261851698
-0.136704291685236
0.67232689618782
-1.38375509308622
-0.575608484129948
0.717890635470187
-1.59448174002531
-0.760097603714162
~
0.836902217896034
0.697909345938152
-0.749342650590309
0.799955841953629
0.629563480550008
-0.785018924262658
0.232161855465962
0.370840347925579
-0.531302110155886
0.606882759780133
-0.82952890553442
-0.135899881571433
0.672206124421761
-1.383556653232
-0.575833671693826
0.718533548204107
-1.59436785503613
-0.76072773190741
~
0.844453680436971
0.672708710964955
-0.74569758386985
0.672282035203945
0.490140067209618
-0.750705152464805
0.10418455553233
-0.206469459491862
-0.640284852459493
0.622822027218021
-0.861772930925973
-0.133574327796994
0.679548843588257
-1.39126532822209
-0.575627836231693
0.727406566531939
-1.60422042786222
-0.762523799016466
~
0.933606866314445
0.524793691155896
-0.804922585786207
0.775737727128027
0.400558177120249
-0.821927794457338
0.213809007553092
0.272607404788729
-0.521906551296845
0.629775318179146
-0.815731696608259
-0.136680033900422
0.687368271361232
-1.34646563547137
-0.576061821280112
0.742168113005927
-1.55681091897534
-0.734387475484638
~
0.797099692623735
0.324048922642103
-0.831387742692432
0.641826457854832
0.222026018704768
-0.847642320150727
-0.0291047247226478
-0.259061796917027
-0.595952992292699
0.591707968015067
-0.724604878136198
-0.152763191849006
0.706871821290706
-1.27926148796246
-0.482415205468949
0.732545931796804
-1.47816170060483
-0.665796891886313
~
0.804887165079428
0.182409325839456
-0.920549166159942
0.624855672774709
0.0885071097570001
-0.939698124058589
-0.0887839075825976
-0.281026713949951
-0.60572992843795
0.584702682070794
-0.751385408036728
-0.22543501321158
0.718613018581812
-1.32067542485607
-0.523838561255383
0.742638589394027
-1.52426963847398
-0.708530071930012
~
----
@airplane
-1.12551315532241
-1.33921146209788
0.28649310946453
-1.24373148029516
-1.08979171928279
0.425759398120873
-1.00418050419094
-0.422506608933779
0.368667640865943
0.71687579103754
-0.797957081824575
-0.462288303682394
0.778482993628696
-1.24493703102364
-1.06222720282883
0.812608670224541
-1.37856106047167
-1.24442838687051
~
-1.12541153664106
-1.33911462769501
0.286608202648822
-1.2436993502257
-1.08972142510527
0.425850325517218
-1.00383125560133
-0.422550527695853
0.368606089287099
0.716901544043348
-0.797898206052057
-0.462501610854561
0.779199883535184
-1.24508860649708
-1.06221850512855
0.812753795634868
-1.37867403450465
-1.24454865745072
~
-1.12501111237956
-1.33985544688675
0.286413128595586
-1.24305640008689
-1.09026194847651
0.425542056986904
-1.00368730011493
-0.422787551621818
0.368554763337511
0.717104159665091
-0.797831101298959
-0.462677880346014
0.778330517031259
-1.2452817955633
-1.06240797163743
0.812336410241661
-1.37860980794603
-1.24485940599048
~
-1.12502163429746
-1.34011365856693
0.286511661306266
-1.24319561357485
-1.09062839900472
0.425894685153097
-1.00378946292158
-0.423006031462982
0.368481829254716
0.717231384774208
-0.798009312515163
-0.462808880713555
0.778602813646491
-1.24541721167795
-1.06283904082534
0.812460455952426
-1.37856891373759
-1.24551726310213
~
-1.12673690831076
-1.34195300937369
0.28689795599927
-1.24495420680028
-1.09208426667588
0.426466811968309
-1.00533199941914
-0.423489207536483
0.369055798169561
0.717241742746448
-0.798739699740849
-0.463268014489495
0.779285620499165
-1.24685096019579
-1.06398407834299
0.81309522092576
-1.37984907939882
-1.24716163719256
~
-1.12781685231953
-1.34318585178195
0.287260802091773
-1.24616297125282
-1.0930676227026
0.427088649379115
-1.00659430648876
-0.423550204456174
0.369398855368728
0.718062818686875
-0.798963899944453
-0.464273508287969
0.779393581747966
-1.24864729505501
-1.06499637410748
0.813125238514075
-1.38144823420695
-1.24866987583325
~
-1.12677238250451
-1.34124956670332
0.287281204770462
-1.24506937617637
-1.09140096702079
0.427068859645005
-1.00564733608768
-0.422401825496247
0.369487781308715
0.717899773410921
-0.798496716116236
-0.464961011673016
0.778797515203722
-1.24790100202743
-1.06520528625052
0.812384726077505
-1.38036907468467
-1.24891131017338
~
-1.12670024162035
-1.34146775469612
0.287410500762921
-1.24495700985037
-1.0916333483196
0.42726584063218
-1.00565840262665
-0.422559824251623
0.369570389356176
0.718106076272001
-0.79843933301028
-0.465040200045529
0.778746819662825
-1.24796318724183
-1.06527153056881
0.812222955319718
-1.3802305928109
-1.2491458665919
~
-1.12726111999159
-1.34310031889253
0.288019410364251
-1.24555600061385
-1.0929855044226
0.428259585002717
-1.00665143647549
-0.42274366729074
0.370348509706956
0.719989796585289
-0.798405622088692
-0.465876173546363
0.779643497247989
-1.24911454137968
-1.06659942786202
0.813407891547021
-1.38128568632285
-1.25087150818612
~
-1.12814709076234
-1.34395694488478
0.288348052067838
-1.24648744131005
-1.09370171586221
0.428699027637414
-1.0074749295621
-0.423020203388841
0.370743302795156
0.720394131012881
-0.798554332120997
-0.466124286917886
0.767040217644363
-1.25465369824267
-1.06430552216691
0.80633355840173
-1.38480241253521
-1.24908651402305
~
-1.13030676611438
-1.34621729478221
0.288732533948925
-1.24879852631767
-1.09566584743062
0.429325360968834
-1.00971768606213
-0.423965521452625
0.371381723031545
0.719565539245706
-0.799487998299445
-0.466498160856525
0.7696866608221
-1.25464436184061
-1.06647577278509
0.808283344349333
-1.38524286818899
-1.25145892205598
~
-1.12992310227808
-1.34560603129098
0.288829201900367
-1.24842841054839
-1.09513364545991
0.429364098094701
-1.00930280462646
-0.423591153545315
0.37160063021966
0.719469722804824
-0.799383374078104
-0.466770594093006
0.771509412452923
-1.25339972161961
-1.06728237228707
0.809179300445014
-1.38421009313926
-1.25222924461469
~
-1.13079272325382
-1.34537021069403
0.289498555841535
-1.24939735929856
-1.09478011691514
0.430094888307046
-1.00969941923096
-0.423031325636134
0.37199431644289
0.710372347622342
-0.801232914589873
-0.472618974779858
0.779834693329857
-1.25661772074602
-1.07068708196874
0.817092066404903
-1.38740654286165
-1.2558798522317
~
-1.13147878713277
-1.34536861370622
0.289785161651988
-1.25011769071328
-1.09467976058073
0.430441488969902
-1.01026274778456
-0.422664175267649
0.372147948989386
0.711401939128326
-0.800620960568668
-0.473687406112209
0.779718247972807
-1.25733795294029
-1.0712462206409
0.816685599133728
-1.38819988885774
-1.25655523509055
~
-1.13205631770227
-1.34515685465169
0.290409311198903
-1.25126816264411
-1.09479671931623
0.431567997566178
-1.0107256532917
-0.42263026288838
0.372594904205419
0.713734717169688
-0.800289395388827
-0.473768341287186
0.789306385001741
-1.24001028722689
-1.08462409314678
0.827961059232189
-1.3881209064234
-1.25626860533526
~
-1.13424782069666
-1.34645196704275
0.291063030580959
-1.25364146577725
-1.095752861532
0.432460739539955
-1.0124391612835
-0.422709177679722
0.373172305725286
0.714378568682945
-0.80123610314633
-0.47401544943724
0.789949987728306
-1.24096667992664
-1.08631489174299
0.828464592886621
-1.39035650996359
-1.25732772569794
~
-1.13319146441725
-1.34550210255327
0.291207864599297
-1.25276594090877
-1.09519681113204
0.432630358657164
-1.01183725301898
-0.422588171546864
0.373346460034898
0.7144241714002
-0.800940992892969
-0.473569712546114
0.785000629237173
-1.24923839267779
-1.07910222865352
0.821222471529387
-1.38382121621876
-1.26224484079233
~
-1.1330196754007
-1.34534867518347
0.291342141075877
-1.25258787713756
-1.09500211085562
0.432788253371764
-1.0116666221118
-0.422242276319164
0.373488159040567
0.715160925432179
-0.800827580155818
-0.474061947319879
0.787997782446258
-1.24427339478059
-1.0833322511829
0.825605836624429
-1.38433332689304
-1.2620742655203
~
-1.13282981164033
-1.34497648703477
0.291337608208135
-1.2523857034593
-1.09473093777475
0.432756010897039
-1.01146630442083
-0.422156615039372
0.373501904552611
0.714523395380157
-0.800984019950517
-0.473933302517712
0.782348230584722
-1.25048153370126
-1.07878024601134
0.822928673258036
-1.38211436664677
-1.26309623077399
~
-1.13511650637838
-1.34623945053908
0.291910459349705
-1.25479623911041
-1.09560429532505
0.433511180225857
-1.01306839464594
-0.422223689937907
0.37396147475158
0.714513050293861
-0.802155354622342
-0.474484853788019
0.785112360444731
-1.2484623985745
-1.08296889685815
0.827438463887313
-1.38368630724192
-1.26468394744681
~
-1.13390868123581
-1.34500542388092
0.291874103465437
-1.25344669695776
-1.09439165292071
0.433395181734473
-1.01198974224008
-0.421107963250426
0.374017472430938
0.716078074252456
-0.801274523268576
-0.475466667659566
0.786529786320367
-1.24587061242778
-1.08503484606932
0.828061348594913
-1.38435259420843
-1.26436270803696
~
-1.13332432088845
-1.34470702381478
0.291947793747735
-1.25276604171855
-1.09414262376366
0.433395709168871
-1.01130662318127
-0.421087814000751
0.374011340555775
0.716522702452618
-0.801021972422393
-0.475151886511113
0.786890079709724
-1.24455200671088
-1.08527680467296
0.827244074687674
-1.38510775453068
-1.26314993698774
~
-1.1322281898819
-1.34366746242248
0.291876645478983
-1.25171624288664
-1.09334417301742
0.433198393740324
-1.01061679460596
-0.420665067610752
0.373993092432508
0.71652351167516
-0.800576178711702
-0.475093551026468
0.787381667781694
-1.24245376771954
-1.08577522585443
0.826143004736579
-1.38533746931295
-1.26191619641283
~
-1.13250789153599
-1.34403570922782
0.292274416408822
-1.25188222428623
-1.09361724802124
0.433642935954712
-1.01093051519325
-0.420712153959759
0.374412078908842
0.718246498772153
-0.800041223436375
-0.474744380403191
0.787826316986145
-1.24106228955614
-1.08646816084485
0.825353971888916
-1.38590069916748
-1.26132735018577
~
-1.13253491756045
-1.3439081583802
0.292479770075208
-1.2518146091914
-1.09348677693887
0.433763982238372
-1.01075084026113
-0.420768973587589
0.374455423457497
0.718081001513678
-0.800053878449532
-0.474581937915348
0.788462352283627
-1.23978692101976
-1.08703105873479
0.823500066641901
-1.38611724970369
-1.26109288556317
~
-1.13251254283482
-1.34343052984862
0.292868723304899
-1.25181408549315
-1.09308062637641
0.434177759473241
-1.0107047934559
-0.420441665207282
0.374782279519179
0.719323834341485
-0.799446689894751
-0.474852973500656
0.778797636698006
-1.24121021088602
-1.08690674733661
0.815988550317867
-1.38147770230718
-1.26541925514714
~
-1.13287223320122
-1.34339249998942
0.293185608862926
-1.25219344380654
-1.09302139403355
0.434482899351733
-1.01082206737687
-0.420364037592076
0.375052833171615
0.711666383518071
-0.797535792471839
-0.483922386018276
0.783660033115162
-1.24620943524094
-1.08921048180413
0.820428626875911
-1.385675743805
-1.2684550076465
~
-1.13509103249749
-1.34378445460639
0.294192111560501
-1.25482087009992
-1.09340427547443
0.435769133024208
-1.0122031047092
-0.420497204759746
0.375723786587924
0.712273113813828
-0.795944173887995
-0.487326881174993
0.78426826192668
-1.24912291940896
-1.08998606234799
0.82080728431708
-1.38756616871463
-1.27034355562459
~
-1.13679898521414
-1.34378311116134
0.295026698240645
-1.25664502760449
-1.0932790612175
0.436763217464701
-1.01355770321223
-0.419954438758247
0.376549975134403
0.710618246992892
-0.79462567490728
-0.491881724066844
0.786787305409429
-1.25102007023785
-1.09213629135425
0.823447990634572
-1.38791482458056
-1.27385037184553
~
-1.13662536284591
-1.34387067407582
0.295272275950263
-1.25644161445652
-1.09337652308697
0.43700249159717
-1.01337740933414
-0.420007726599664
0.376836232097625
0.709617732698477
-0.79327567082216
-0.494856667878348
0.788800070949814
-1.25222176147301
-1.09261384218454
0.825918675235981
-1.38793954532512
-1.27509557309396
~
-1.13648997454273
-1.34413243149413
0.295513997730138
-1.25626810708806
-1.0937743770936
0.437205299212196
-1.01320296785236
-0.420693086991898
0.376888808531838
0.708393037464748
-0.792862298162942
-0.495362822208054
0.790006936725785
-1.25169644191883
-1.09251201181878
0.827378879181049
-1.38553677127836
-1.2761924102768
~
-1.13567853261868
-1.34398359680028
0.295456542483209
-1.25530321752521
-1.09369444202804
0.436920423252333
-1.01239525534646
-0.420960233746787
0.376919530507621
0.707979007690018
-0.7923228232965
-0.495658139307682
0.79080705571917
-1.25040752057871
-1.09265842157795
0.82826626493649
-1.38375326379945
-1.27647885729223
~
-1.13457163365436
-1.34288344494767
0.295547889420673
-1.25394774746876
-1.0929645405875
0.436889028472392
-1.01154940074768
-0.421086949282808
0.376782266609407
0.706376111349838
-0.790956702635998
-0.496386644821794
0.790251110115075
-1.24952440730231
-1.09150243169095
0.827678543243526
-1.38214899558484
-1.27543596762023
~
----