@Head - Rotate to Left
-0.0330065143546829
-0.706748564433621
-0.743250764703846
-0.21767306814646
-0.693386842551897
-0.648901089728983
-0.771672627656493
-0.653301625974077
-0.327788263171402
0.737673455086628
-0.780693550922971
-0.0742202774532892
0.826090100462124
-1.29492311601537
-0.453443181083446
0.825510894385915
-1.48663003884588
-0.615901623179505
~
-0.033087329923452
-0.70178625075904
-0.739479337680113
-0.218267634128425
-0.689538176998923
-0.645983113939003
-0.773808444883177
-0.652793955718573
-0.327432558332292
0.737509957321512
-0.780887595888496
-0.074185777254837
0.825942584902252
-1.29488081646076
-0.453774203652792
0.825743270023088
-1.48665081129312
-0.616217128887971
~
-0.0376019818946207
-0.710791349400988
-0.744620069256834
-0.221967080910976
-0.696179599952177
-0.64981037420839
-0.775062276095187
-0.652344351605744
-0.327317652462762
0.737497299792385
-0.781167332894003
-0.0744035161260005
0.826271935113712
-1.29519134619811
-0.453984154772814
0.827019852344593
-1.48747052952126
-0.615919122064744
~
-0.0500593704798346
-0.740507378807015
-0.760262098596424
-0.231688353533584
-0.718324706675707
-0.6615779813435
-0.776575200804847
-0.651776690281782
-0.327451788035622
0.737141943093216
-0.781273968845345
-0.0751713732743956
0.82666374366064
-1.29560757615439
-0.454454799798207
0.828551000883724
-1.48844802356457
-0.615888067292783
~
-0.0573800035799948
-0.75295052651772
-0.768235046043457
-0.237559617115375
-0.727453153715456
-0.667566207563274
-0.778098406762544
-0.650961035308666
-0.327475809849014
0.736084116276008
-0.781935174678636
-0.0765395612101
0.830037581372541
-1.29719765154584
-0.453619650142574
0.831308905816124
-1.48996178715275
-0.615338968252139
~
-0.0589433754033382
-0.753880346252044
-0.769292253980357
-0.239119716415473
-0.727952672459076
-0.668506091718652
-0.779648739451878
-0.650169600098145
-0.328046086220054
0.736699830636612
-0.782194743568294
-0.0761263604606301
0.829987378152261
-1.29734853403993
-0.454164197306885
0.831261444460251
-1.49006946126194
-0.616193639292178
~
-0.0592130106205557
-0.752891356741043
-0.770748293141406
-0.2397147479887
-0.727141899772593
-0.669842358787759
-0.781219909036472
-0.649893477810583
-0.328967257911919
0.738007701811016
-0.782684501271632
-0.0751601024081388
0.831335398065255
-1.2981497950624
-0.45451926373016
0.832527468989508
-1.49099999438009
-0.617052221890676
~
-0.0615464837180838
-0.749136197466924
-0.772890162707436
-0.242057177922485
-0.724022404920612
-0.671266961458626
-0.78358920941388
-0.648680976159867
-0.328190963469276
0.737564782672065
-0.780630707326226
-0.0717189885851146
0.832458091880474
-1.29855351219531
-0.448496118143654
0.8343353102221
-1.49065167983243
-0.61249651331587
~
-0.0641281525026532
-0.743273089966373
-0.775813010312381
-0.245040799064201
-0.719707522822594
-0.673289086871187
-0.787778738748843
-0.649010872658755
-0.327401628646113
0.737380102479534
-0.780094945493355
-0.0673860001735713
0.831366218673387
-1.29999588045697
-0.444866131602358
0.833571413224867
-1.49195995408898
-0.610216939100693
~
-0.0654735703604178
-0.738875998739189
-0.779420062884581
-0.246935810096751
-0.716516543220029
-0.676205579723474
-0.7913224778742
-0.649438228094102
-0.328123011627893
0.736822063661632
-0.78050608509502
-0.0616355711989196
0.828927974614522
-1.30260720449267
-0.440166440628696
0.831800529623368
-1.49425330285881
-0.607205421816347
~
-0.0644282707893589
-0.746487992587371
-0.781946154243521
-0.246407057336377
-0.721540033194103
-0.679091493846951
-0.792343313845139
-0.646696206580446
-0.33198738746868
0.73574420857345
-0.782079513966412
-0.0586434967064726
0.827009777234813
-1.30524880123814
-0.438979302912304
0.829548198133879
-1.49685900945206
-0.607166620508716
~
-0.315986634023997
-0.277578175297658
-0.877594487335195
-0.399742018511978
-0.403999399985485
-0.925797087578692
-0.749772239811926
-0.643827081203324
-0.418234760913672
0.7431561394384
-0.803934092377002
-0.0911099863118886
0.823792623569236
-1.33052381016023
-0.470543331115867
0.82883227312776
-1.51821011346368
-0.643579397291784
~
-0.129148570556635
-0.412731799440358
-0.975351116413935
-0.362820722174457
-0.489973768372096
-0.937214899058497
-0.750594243437183
-0.649814693868379
-0.425313221317571
0.743460198033353
-0.807694040836126
-0.096045584089383
0.824382888838308
-1.33365760459861
-0.476330990738701
0.827281010887075
-1.52225712788911
-0.648513742503514
~
-0.078028925416623
-0.538500338415115
-1.119173645225
-0.247334001805247
-0.526832429403554
-1.03666423343314
-0.79280082664559
-0.582107689199227
-0.346027726438606
0.742812612310876
-0.807974551454778
-0.0969005450625501
0.828648929949572
-1.33481105447052
-0.474158085515753
0.867306948366429
-1.39769653140224
-0.535323446642941
~
-0.239959957281422
-0.661972104923791
-1.19798027336445
-0.343351006605179
-0.655250140388834
-1.05616008698094
-0.797241521945291
-0.577731954797958
-0.296996692010629
0.741413508077504
-0.807657597630833
-0.0971563048063277
0.827222302340042
-1.33332759695962
-0.476045585407524
0.856779886770982
-1.42147701310982
-0.562433620962743
~
-0.56467626800706
-0.824492121369829
-1.12009312232222
-0.71248185041608
-0.795383892566881
-0.914320968434393
-0.784676261712095
-0.593418275495446
-0.281875262541458
0.740478767625086
-0.806103739389513
-0.0960902876410024
0.827258039418864
-1.33227186516393
-0.472786201874089
0.856972865764448
-1.41209924614162
-0.555653967153084
~
-0.593457481248563
-1.07243335410905
-1.1326225585813
-0.735778921766196
-0.977304563088121
-0.944039300410354
-0.758191969122566
-0.642171079791985
-0.300137530751694
0.738808860219596
-0.804659291219853
-0.0943021283498805
0.825201246781606
-1.32944124482133
-0.471545227561564
0.859063355970644
-1.39906104362758
-0.542932402542869
~
-0.502749309665424
-1.28426169759697
-1.13903010380027
-0.598276833919826
-1.11276538529251
-0.977518781299039
-0.750938918083605
-0.660147401361464
-0.316166189380784
0.7378683240546
-0.803406302325151
-0.0933849461294094
0.823332079691557
-1.32795075728521
-0.469896786714095
0.868040303341082
-1.39035118614776
-0.529105966776267
~
-0.550035104725052
-1.26536275292766
-0.99201437725546
-0.628165855659107
-1.0978341301397
-0.817281140699229
-0.737016092184773
-0.66897023761835
-0.330756287364491
0.736442499188108
-0.803354060306381
-0.093745800812908
0.82178905413144
-1.32723443056001
-0.471042390467613
0.871216541382651
-1.38850658878196
-0.525484056411754
~
-0.563342656125057
-1.29960818881455
-0.982605206826466
-0.65129219943564
-1.13240681066283
-0.812620549643223
-0.721213216333457
-0.6781648299742
-0.344544623830635
0.734557434696954
-0.80319522347717
-0.0946349781068153
0.817219292038402
-1.32534913039295
-0.474170040878029
0.853971676903683
-1.4088459611761
-0.550422049837108
~
-0.559775147941363
-1.30103840951349
-0.984613066211658
-0.651144840747467
-1.13508677858256
-0.815739249980443
-0.713703385443666
-0.678430906140226
-0.350683145392536
0.732426927735052
-0.802182942434439
-0.0965249770589458
0.814155305242006
-1.32295080188834
-0.476423825643122
0.812352795572036
-1.51579986217289
-0.641386361935405
~
-0.562662709015716
-1.30349201087366
-0.985455063223958
-0.651491735034699
-1.13622056099844
-0.816870110620918
-0.710723848769885
-0.678381217974582
-0.353664141486994
0.731388021107442
-0.801628417692881
-0.0974694783356107
0.811975175830457
-1.32140765571833
-0.477840211840482
0.809136812122166
-1.51498437799389
-0.641581482365697
~
-0.497399707375798
-1.38257213038536
-1.0575962683241
-0.60153633120297
-1.21926604506335
-0.894233823048482
-0.708428046410227
-0.678400436769193
-0.356569685149919
0.730472306340921
-0.801011566986341
-0.0974910590614732
0.810425625881981
-1.32003263006744
-0.478191396435582
0.806012927917157
-1.51338900390247
-0.641881568192795
~
-0.55597147094793
-1.29963402593926
-0.986261907435227
-0.659722593224528
-1.13634130055436
-0.822847531297639
-0.706256255134364
-0.678517279913573
-0.359320543816199
0.730002098706444
-0.800683770459513
-0.0976033634821992
0.809446851122433
-1.31947025455453
-0.478177622751326
0.851353260862105
-1.46056672672195
-0.59381657925392
~
-0.56828037120461
-1.30514378296286
-0.988712127815664
-0.658750177120728
-1.13639098664356
-0.823243076710021
-0.705201800331377
-0.67780855139649
-0.36117785507625
0.728739485245088
-0.800258916002818
-0.0980414404188934
0.808781668648852
-1.31893804620435
-0.477836310526185
0.851490735545649
-1.45977379850793
-0.593285298442691
~
-0.566438781361099
-1.30415724814165
-0.988858356051544
-0.658027987455298
-1.13624824518673
-0.823487110622553
-0.703962970357498
-0.677147844275143
-0.362742362037121
0.727724697451893
-0.799634396230672
-0.0979264558960432
0.807785137781588
-1.31788334645632
-0.477367846221705
0.850804393842435
-1.45840322421081
-0.592819586536344
~
-0.559617100669731
-1.30193011364542
-0.98827153944779
-0.65303460735531
-1.13505935461982
-0.824047684894465
-0.699179175405752
-0.676080554085867
-0.366048260380127
0.725593154708004
-0.799144113197182
-0.0989258800123463
0.806530624313607
-1.31547157803675
-0.477575753781954
0.883718558449102
-1.45851490646199
-0.568650347637765
~
-0.55656070801031
-1.3003918593087
-0.987618816834899
-0.650256282943055
-1.13386378282511
-0.823845351414936
-0.696469375356273
-0.675593742523233
-0.366621963781126
0.725632154286084
-0.799100991839346
-0.0994134166213959
0.807155402451102
-1.31451725214314
-0.477417029891477
0.885232365154673
-1.45657092266202
-0.568653047229857
~
-0.555973982653869
-1.29996544096016
-0.987794499313848
-0.649760216154098
-1.13360969065898
-0.823943979143937
-0.696094025475944
-0.675022638579038
-0.367141277707372
0.725512656830427
-0.799057527843753
-0.0992814099416337
0.807388549085411
-1.3141735252755
-0.477582229124733
0.878762168605328
-1.45556532605022
-0.57507669880167
~
-0.554653122173183
-1.295954753221
-0.990733402046163
-0.648856341088505
-1.13118216075024
-0.826006754498598
-0.694348509014745
-0.674815853422634
-0.367853311367076
0.725137135146081
-0.798834436917443
-0.0999751386375166
0.807652087308777
-1.31310083058514
-0.477983596538612
0.843811553253306
-1.38617861438447
-0.539378996158259
~
-0.551021601816241
-1.29424305384539
-0.989998020342085
-0.645705179487519
-1.13029676468926
-0.825646722181703
-0.691008922138531
-0.674810364172691
-0.368784424226025
0.72479955916806
-0.798625249002858
-0.101310933355824
0.807411227809531
-1.31167240336694
-0.478360050442449
0.856495299009746
-1.45427705517333
-0.586031132692858
~
-0.550393692023893
-1.2944219921333
-0.990053400490769
-0.646227528411111
-1.1306576667279
-0.825885377249314
-0.691611184462736
-0.674512930673509
-0.368948028538647
0.72512989456298
-0.798691681087142
-0.10059416998741
0.807726654074791
-1.3119833036423
-0.478258102646204
0.857777060148738
-1.45432238146612
-0.586087445087252
~
-0.550070160901247
-1.29531132088017
-0.990345171139771
-0.646717777893193
-1.13164034013794
-0.826413877168139
-0.69182621156002
-0.674815792893672
-0.369779095229429
0.725403763064341
-0.799320622487746
-0.100642361526802
0.808086562868254
-1.31264960000739
-0.478728993896111
0.856666455769771
-1.45509036561977
-0.587217013836686
~
----
@Two hands zoom in
-0.566517493287702
0.0809029563965062
-1.70261754634425
-0.551983653647471
0.210878023533076
-1.73203346237181
-0.827636037786824
-0.245743207303493
-1.10120161864346
0.709471932519475
-0.764473655319205
0.248784454553863
0.684131254312679
-1.29690312402559
-0.209403977250846
0.675684370617494
-1.47437964975604
-0.348489951010756
~
-0.56598983537016
0.0808438183831098
-1.70421915483972
-0.54152717469725
0.208655084937716
-1.749893346061
-0.828710914217793
-0.246590011987924
-1.09944950888324
0.709581176328238
-0.764947467715026
0.247115827805385
0.684946560029078
-1.29738250562313
-0.2109468424614
0.676735021262691
-1.47486088774992
-0.349992206548364
~
-0.56553743117214
0.082267889695689
-1.70517518972056
-0.539753219271942
0.203751199934751
-1.75415837136905
-0.828118329402143
-0.246659848726162
-1.09954729751703
0.709989571471705
-0.764854070574415
0.247187754848257
0.684599842148609
-1.29641190142967
-0.211596431182461
0.676136590004129
-1.47359782697452
-0.350886328721988
~
-0.565260480576507
0.0825999875225552
-1.70486090039901
-0.538386879578351
0.203594519197504
-1.75574554567128
-0.827336416907436
-0.246236317789562
-1.09945703987497
0.710991635892524
-0.764329758920923
0.247270303791336
0.684600638714132
-1.29489593125623
-0.212396201505218
0.675803648689148
-1.47175128589675
-0.351983678201886
~
-0.564949208668932
0.0827744353749657
-1.70491088470098
-0.536290989779837
0.201020295849596
-1.75802990493903
-0.827033310882357
-0.245913890799648
-1.09930220136743
0.711777938339784
-0.764435589895144
0.247147317784662
0.688023390481799
-1.296988820326
-0.209846381412927
0.680105216894769
-1.47450654573835
-0.348546069453979
~
-0.565682117935487
0.0830336103441424
-1.70724147282299
-0.535668085050316
0.199012324185818
-1.7624847902529
-0.828116625009027
-0.245861495571389
-1.09944217284256
0.711923583239801
-0.765133485688486
0.246205157972882
0.688310116801865
-1.29846992264521
-0.210822929065098
0.680438970363208
-1.47624875304543
-0.349521179593326
~
-0.566257108897936
0.0826028991305861
-1.70538123603379
-0.535224015744552
0.198211311774572
-1.76326470344719
-0.827613701356693
-0.245565790846758
-1.09911497126913
0.71126599076227
-0.765026864646266
0.245137955160802
0.687481128858239
-1.29738646263573
-0.212770743221252
0.679552850594906
-1.47483966196555
-0.351766810770692
~
-0.567630743860621
0.0819732617185502
-1.70547582099146
-0.555847434502666
0.214276347439122
-1.72694182063581
-0.828896109270323
-0.244872175749021
-1.09965302567292
0.711441115183381
-0.765140605391278
0.245785674218129
0.687954957602588
-1.2978467797151
-0.212634709618418
0.68012623840899
-1.47541552258103
-0.351789651223513
~
-0.568125145713695
0.0822031184933504
-1.70597670155362
-0.546809722546654
0.225874753932578
-1.73575184576099
-0.828758599786635
-0.244632023492799
-1.10037959155915
0.708584995895609
-0.764907336759293
0.245963504795315
0.689447429090099
-1.29816976703363
-0.211816366855452
0.683068231109924
-1.47592387427838
-0.350758501338223
~
-0.568907916166045
0.0802294266196329
-1.70366505200496
-0.54167676220904
0.210439314421902
-1.75068325096582
-0.828094173570934
-0.244286113573416
-1.09973766476815
0.707487221021682
-0.763958272940381
0.245466027806419
0.689361224570906
-1.29613132332281
-0.212748040010431
0.683319216716621
-1.47352239434111
-0.351846446261975
~
-0.569390189549904
0.079588251893634
-1.70236731980099
-0.514732372960115
0.211752279403885
-1.78357184983145
-0.841280297056975
-0.258596344996641
-1.08944610930822
0.706021499780003
-0.762667678371349
0.245139173569535
0.690008130528135
-1.29562491163426
-0.211702945086669
0.68467034981062
-1.47327734078811
-0.350350451710289
~
-0.570128828787229
0.0798369015968347
-1.70444925746964
-0.516774891760305
0.20957233858355
-1.78602267022895
-0.837378257925485
-0.253032776603377
-1.09432624623636
0.706677790640055
-0.763498631085105
0.245317856034509
0.689371758349639
-1.29588156866504
-0.213777184200933
0.6836030809195
-1.47334256594825
-0.353157361532226
~
-0.569861312670647
0.080211594172805
-1.70546045560562
-0.561971375159763
0.223039375576173
-1.71496348127806
-0.836492307231428
-0.251419282275578
-1.09563993175994
0.707494933631754
-0.763824072963193
0.246219179184167
0.690044654937939
-1.29586617298661
-0.214002160605402
0.684227904423628
-1.47321355776167
-0.353749701672797
~
-0.570065680379555
0.0804826506911514
-1.70523051919009
-0.542153996839024
0.204517214911102
-1.7543995961839
-0.836121959347418
-0.251179571702101
-1.09582946455146
0.707047960552818
-0.762970797749092
0.247329400901888
0.699318068400971
-1.29945135340781
-0.207342848954229
0.69674142863437
-1.47827820529405
-0.345242309287797
~
-0.5696506993312
0.0807031125412911
-1.70406799225467
-0.538918503521133
0.20095146487009
-1.75912554193046
-0.834642822906298
-0.248658049695987
-1.09667475760997
0.706898365639936
-0.761556579942219
0.247479466594596
0.7015866481937
-1.30027805141856
-0.203796492809095
0.699816066666089
-1.47985187524401
-0.340569282243149
~
-0.569582773627909
0.0813018687791268
-1.70342027846939
-0.535376667818706
0.20129973246293
-1.76431687280061
-0.834144697600498
-0.247314890815344
-1.09705335774331
0.70613339568345
-0.760716843825795
0.248090235868388
0.70296281923456
-1.30120976095171
-0.200351722319796
0.701905969459977
-1.48137408474378
-0.33618575237942
~
-0.569297933801643
0.081056078819436
-1.70253084140133
-0.534180956992587
0.199144575592506
-1.7654081648749
-0.833182877327273
-0.246876172942423
-1.09722785103877
0.706048414856593
-0.760354847207367
0.248045066389906
0.698847551312552
-1.29774186449314
-0.203907888411025
0.696447254426731
-1.47687090640629
-0.340917858456416
~
-0.569350906275751
0.0808264217564684
-1.70112823447485
-0.531200731945358
0.199593829633701
-1.76935084221572
-0.83246925412425
-0.246039478369167
-1.09725245060488
0.70477272086342
-0.759887414458072
0.247432053455914
0.694920299287965
-1.29425181536539
-0.207611055913106
0.691636149730946
-1.47237331846196
-0.345659897513886
~
-0.570527020824943
0.0808264834529349
-1.70258250493076
-0.538066901382824
0.228055293787377
-1.75117932464724
-0.833367550803276
-0.246098213862624
-1.09828660667055
0.705019501906286
-0.760842711000304
0.24739917042902
0.693579416493301
-1.2945833872935
-0.209561091180405
0.689766054688972
-1.4724969822227
-0.348235184463516
~
-0.571038611824821
0.0800543557664024
-1.7014705252789
-0.513335515167063
0.2212012585635
-1.7895917193694
-0.833118300998184
-0.245437640735504
-1.09868351921245
0.704326380607089
-0.760768073956204
0.247103499267383
0.70234469409225
-1.3000733638995
-0.202679267126662
0.701684140960889
-1.4798417758001
-0.338962150490687
~
-0.569812536577979
0.0801910532940135
-1.70049148029851
-0.516325463842014
0.21017589743683
-1.78879373825298
-0.832291946629836
-0.245200203544803
-1.09860024590219
0.70466580530134
-0.760609946828735
0.246661803090495
0.700734500656907
-1.29821507756362
-0.20493131482649
0.699424065775429
-1.47741676973573
-0.34182357321796
~
-0.569654866040408
0.0811435131271208
-1.70086310381693
-0.542469679988949
0.215501968584912
-1.7494342413584
-0.832374807948223
-0.243471383356549
-1.09892242059319
0.705013697321175
-0.760871069326413
0.246265790298003
0.698365732138803
-1.29618268510259
-0.208167191663166
0.696149734708901
-1.4746198542182
-0.346006465968612
~
-0.569570923533368
0.0812118455154898
-1.69910554078884
-0.535869997560034
0.213666137779527
-1.75865050251898
-0.831820879396692
-0.242658517156556
-1.09865049007717
0.704606938006978
-0.759557595587696
0.247370594895349
0.694222250832591
-1.29122016746955
-0.210671305754523
0.690760688441128
-1.4684410247635
-0.349725327027072
~
-0.569217910562065
0.0825775629851773
-1.70119030801174
-0.532742722257325
0.211529459736279
-1.76474426659593
-0.831773101113599
-0.242284052746244
-1.0989788895519
0.704695172859221
-0.759452274976044
0.24843715753194
0.69480243424371
-1.29068407880978
-0.21036862869806
0.69150484567512
-1.4677613828747
-0.349674096418815
~
-0.568797691169185
0.0832828573398732
-1.70185682775422
-0.530440107649818
0.211012095685555
-1.76880202877324
-0.831155106579841
-0.241724148239899
-1.09924079884045
0.704634484099477
-0.758975034044676
0.249232517953312
0.692776530238276
-1.28830201522526
-0.211823455888746
0.688823869921799
-1.46474434228546
-0.351880005853436
~
-0.56860687665279
0.0832310328431631
-1.70096072528742
-0.529711907571757
0.210572991300393
-1.76877009621944
-0.831648814621467
-0.241535893744565
-1.09856877902133
0.704483303170083
-0.758826581274913
0.248915021793785
0.689380154301452
-1.28589085975775
-0.214382150869995
0.684345762319589
-1.46157895258536
-0.355191437540689
~
-0.567243858768155
0.0867226326266941
-1.70516572039382
-0.529192041973746
0.210200104859255
-1.77085690650712
-0.832084915473447
-0.241855372994967
-1.0988582672938
0.705091494708367
-0.759737191245973
0.248845790415217
0.696418049506113
-1.29288202865466
-0.207593511517901
0.693526910136419
-1.47059697445756
-0.346108540312443
~
-0.566853138807566
0.0869076506589455
-1.70552621523393
-0.571106583659948
0.151300711390301
-1.69555799670631
-0.940161285475324
-0.363541653020797
-0.994237692562219
0.704948312756076
-0.7603059813332
0.248662913151047
0.694593077368902
-1.29145802444336
-0.21088434290928
0.691141341275116
-1.468508669339
-0.350428993662021
~
-0.56684593427487
0.0868244624424246
-1.70588069600449
-0.570857287396663
0.148958966042427
-1.69731190876392
-0.940172429519876
-0.363804909302043
-0.994294433364347
0.704909775905582
-0.760561434789572
0.248536035452792
0.694652296074417
-1.29216158037733
-0.210641744442217
0.691233136130696
-1.46936161083401
-0.350061557996506
~
-0.566386217779024
0.0872046999602902
-1.70491220083796
-0.581486025822515
0.135775541199553
-1.67837606086874
-0.957474649453088
-0.373423956638957
-0.976873927429646
0.704758650740704
-0.76025121281504
0.248551030107569
0.692195474748161
-1.28974284577276
-0.212790300628569
0.688007758449552
-1.46624002062972
-0.352937554995393
~
-0.566408134218314
0.0870653616901954
-1.70404127731049
-0.577186520871596
0.139863798679256
-1.68430232316098
-0.950849359640373
-0.371003205376324
-0.982882919056467
0.70464458296564
-0.759080231669347
0.249694703085276
0.691364825567543
-1.28750120896085
-0.212870589678222
0.686938239768178
-1.46364153472469
-0.353427652717503
~
-0.56590904171184
0.0879996667937073
-1.70522437276938
-0.570260842475057
0.145553478598426
-1.69824853279484
-0.942074673369311
-0.36206770862786
-0.993462242234216
0.704367558810035
-0.758801352317996
0.249941847718779
0.691370422152802
-1.28723352820307
-0.212471113869017
0.687038043267057
-1.4633775507145
-0.352979973109553
~
-0.565898887187643
0.0888924840645979
-1.70717971300631
-0.567537195478702
0.149669000205918
-1.70445169379832
-0.938081098690793
-0.359647478704864
-0.998846358580386
0.705020749020913
-0.759706528028366
0.250291423880383
0.693897064146847
-1.29172363655807
-0.208870044446049
0.690189178227268
-1.46906267273464
-0.348281023494702
~
----