@Left_Hand_Up
-0.627681091501954
0.0174202472794083
-2.00981721316677
-0.689377154610492
-0.112325780569869
-1.88728690757067
-0.724455806822311
-0.209365989798554
-1.14832369467536
0.632691611443893
-0.90694341628665
0.030376932868415
0.702363945052111
-1.50928583183548
-0.387638125746819
0.696476683206973
-1.75139744976931
-0.5424301086723
~
-0.623465698217879
0.0165032215940064
-2.01354559510134
-0.686367305941151
-0.113834626396162
-1.89572274395755
-0.722432499245468
-0.199188706868515
-1.15347313856973
0.633313834707644
-0.907444132460462
0.0314851022497289
0.703729769351339
-1.50927120696819
-0.386642515322384
0.698443669057695
-1.75151739155988
-0.542816456770435
~
-0.606942958008036
0.0476703420271431
-2.03188460120632
-0.678768318319759
-0.105261546416509
-1.90248849032064
-0.722641224904847
-0.194086078573435
-1.15888036106803
0.632480074005592
-0.907475270623647
0.0332931852177014
0.706234422513006
-1.51004928047425
-0.383439531067437
0.700252121058453
-1.75272530227124
-0.540667365422627
~
-0.555855059411424
0.151645854854399
-2.04422584152309
-0.647710905367044
-0.0578062163996555
-1.90210468961653
-0.722157268045273
-0.194488217318462
-1.1624322461141
0.627616573816769
-0.898592763909188
0.0369924682307388
0.709738268272943
-1.50848378247626
-0.378512630201162
0.701427258234405
-1.75091187247787
-0.536504591387474
~
-0.524768542709658
0.205577503861957
-2.0241213962702
-0.621736387435639
-0.0149571957413539
-1.8914127980076
-0.72142681434981
-0.194441794418695
-1.16323212226541
0.622293744645977
-0.885500764737793
0.0391888014609937
0.708552145743041
-1.49421619443651
-0.372229789230033
0.692765637943806
-1.73684034850084
-0.526417540621442
~
-0.518248916442893
0.222659670416402
-2.00069883999262
-0.619250280438702
-0.000667338477509492
-1.8807156833701
-0.737331412664768
-0.203937497477148
-1.16236579996672
0.620274595986465
-0.886652625484166
0.0375430200879447
0.710965734134527
-1.49772663422111
-0.372941222956051
0.693637524611832
-1.73919372015449
-0.530451948900626
~
-0.520629858994949
0.232568238710253
-1.98038825820796
-0.621745897947428
0.00320053574954971
-1.87310014459875
-0.759855443005253
-0.225041742287109
-1.16173756662868
0.623511359325162
-0.893502267022889
0.0344236395602086
0.715711131977608
-1.50985170886352
-0.377038263853647
0.699243213182476
-1.75261887897595
-0.536154719659335
~
-0.530926727891145
0.238082984450917
-1.96114483356358
-0.629125169006539
0.00709176687436293
-1.86066620195538
-0.77387139174973
-0.233214413658903
-1.1572130901982
0.626527767796489
-0.894820436908405
0.0352976114702104
0.717983773112708
-1.51700797830892
-0.379108717372846
0.702807229329409
-1.75938476843593
-0.541088074110333
~
-0.543419191053051
0.232027013997633
-1.93391810283468
-0.645678223403131
0.00290204578781886
-1.84160430245127
-0.78007102465123
-0.239743248946733
-1.1433543512924
0.628420750777454
-0.894850520496762
0.0324819778506571
0.718049605521496
-1.51547293492515
-0.380473093607678
0.702687626128943
-1.7556280169891
-0.543827649938294
~
-0.548370347862144
0.227182246832599
-1.90226218848515
-0.64331761409866
0.00328029613676744
-1.81718502976045
-0.77735962990679
-0.241847552999672
-1.12838921097445
0.626196999420434
-0.881362499329899
0.0317339271746449
0.714193268861421
-1.50290075796486
-0.380094203347479
0.70043296750015
-1.73996617633869
-0.542710109250008
~
-0.551687779497706
0.227556733787686
-1.87755281523326
-0.644419598058012
0.00494937957687725
-1.79221970128091
-0.780967264480616
-0.245050062615906
-1.11297306287716
0.627936957253769
-0.868356224535791
0.0341330143352882
0.713846306463031
-1.48886521015388
-0.377435683092324
0.702203608231267
-1.72449059610656
-0.537863278547515
~
-0.551294415779439
0.222352850123748
-1.85945012514039
-0.639170716952886
0.00104049728213267
-1.77297990292173
-0.772353110215219
-0.244200203142395
-1.09943300742204
0.629624337494868
-0.861154573632618
0.0324929951959268
0.715158661476256
-1.47504966524774
-0.374760753825135
0.703892949523469
-1.70835302828783
-0.533447346801371
~
-0.5595201470664
0.219254292917134
-1.85201398342931
-0.63991573953881
-3.20484475954623E-05
-1.76200033049592
-0.770405415870142
-0.243168008466409
-1.09193036443964
0.63106247674762
-0.85431455046046
0.0328312600758597
0.714461950022915
-1.4645448680026
-0.375349598272974
0.69226144722771
-1.70250268612296
-0.522531084343253
~
-0.564547667282104
0.216104141720848
-1.85150395758527
-0.640301510001544
-0.00299988406670744
-1.75863138290239
-0.768332046532447
-0.242687652105857
-1.08900637690568
0.633901352777907
-0.851252237220219
0.033347533954662
0.715125015209574
-1.46226017407273
-0.377076010101778
0.696115522329218
-1.69315066788179
-0.534125171289075
~
-0.567203926456311
0.215760948148451
-1.85640865534215
-0.64189711273623
-0.00503603356113219
-1.75986381812235
-0.767318493016838
-0.242717272686791
-1.08844973006304
0.636675731211557
-0.853514808908651
0.0328834300681004
0.719196946287242
-1.46324904881027
-0.376920576816803
0.7005485632984
-1.69442965928322
-0.533936293781605
~
-0.568913803893068
0.215060019006712
-1.8592259247171
-0.643310873286279
-0.00688176365033848
-1.75990379713511
-0.766540781491686
-0.242016853808888
-1.08777342632283
0.637266137978284
-0.853711219516293
0.0324000069345018
0.71961623120939
-1.46341711662259
-0.378016260567997
0.702172217493107
-1.69475550462584
-0.534541822260015
~
-0.560699754090323
0.221732576310347
-1.8421120291199
-0.633121003928466
0.00442016750151383
-1.75002746830325
-0.762023079197178
-0.239712185592673
-1.08787066367932
0.638343796353823
-0.842201417471922
0.0372971238862526
0.719892296444232
-1.44697389099942
-0.371105740635857
0.703908929082973
-1.67688646640204
-0.526506406099794
~
-0.559555278287466
0.222893875105028
-1.83994667602088
-0.632050387676602
0.00622124880266759
-1.7487038678343
-0.761110345348442
-0.238703015349541
-1.08814689948156
0.638088760284666
-0.839541361008302
0.0381624057954702
0.719720903608283
-1.44274503571831
-0.369756012868104
0.70461894837766
-1.67234874791255
-0.52494096447254
~
-0.562036057023097
0.220768329533634
-1.84785073862303
-0.634995292903455
0.00348188450922509
-1.75328388781937
-0.76242539669471
-0.239607096745959
-1.08936817937682
0.640247220908129
-0.843253486842072
0.0375577455960898
0.721764900487696
-1.44864172155686
-0.372818026674764
0.707384516688593
-1.67909512451367
-0.528303474962707
~
-0.562542956347802
0.220355232188672
-1.85072266164836
-0.635430648355905
0.00283484279861912
-1.75537643278212
-0.761642230152682
-0.239690248707928
-1.09031576420209
0.640666216897334
-0.844910847512309
0.036851601618465
0.722868473027304
-1.45010450627835
-0.373703631740068
0.710395108264897
-1.68084919459548
-0.529384482594509
~
-0.564023911014354
0.219499156037298
-1.85642677147762
-0.637479616062784
0.000639772047739279
-1.75871158674006
-0.762228152931925
-0.240128453874704
-1.09126958172985
0.641266503328121
-0.847357817499737
0.0353987972090955
0.723394871844347
-1.45410001447532
-0.376627747791808
0.711052044306346
-1.68503900501851
-0.532958108974955
~
-0.564694791444937
0.219140642160018
-1.86018663979878
-0.6382269929489
0.000286559489595745
-1.76128892517032
-0.76258797772905
-0.240509841216649
-1.09261703957599
0.642733968544207
-0.848911744294019
0.0349426433416574
0.724527658327621
-1.45638705121568
-0.37767311686141
0.713112514758086
-1.68790746545538
-0.533985583847823
~
-0.563578284488647
0.2197005015128
-1.85920656691285
-0.637126845233637
0.00169334383670489
-1.76036412661135
-0.761451437053434
-0.240577971430516
-1.09272412632672
0.643043387863204
-0.847855325939074
0.0350727003450387
0.724761768681806
-1.45330849155991
-0.376195229862671
0.712069515702886
-1.68451427227932
-0.532607001940743
~
-0.564948296682374
0.218885973289939
-1.86325711232278
-0.639219355892973
-0.000471577206450114
-1.76148593626844
-0.761732225187268
-0.242430053023285
-1.09284599014104
0.642229703685968
-0.848357311431654
0.033968513384829
0.724273261593436
-1.45278770165018
-0.375747280092025
0.711361930848118
-1.68399121492669
-0.532507813819003
~
-0.565390100804689
0.218985469063959
-1.86537678503642
-0.639816921289304
-0.000681502037173135
-1.76250272124518
-0.760772939298096
-0.241239824615
-1.09299240071616
0.641292050293582
-0.848416622212947
0.0327515263310995
0.724063673445175
-1.4525751390616
-0.376726621720626
0.710881679219751
-1.68356784692747
-0.533825814187331
~
-0.565502467390722
0.218294657776681
-1.86716360997738
-0.639928006938233
-0.0016974764661299
-1.76312423273251
-0.760231184699093
-0.241052988296347
-1.09305451846299
0.641294984215223
-0.848593002351246
0.0321061210924597
0.723618513984398
-1.45255447327039
-0.377624045411325
0.711622651060358
-1.68408920955066
-0.534034344561564
~
-0.565174035953331
0.218230089052158
-1.86716720059538
-0.638561685824085
-0.00134771844322558
-1.76450590776309
-0.758286338962146
-0.239125643171401
-1.09398650428005
0.641245895027157
-0.848405084750652
0.0322365054263793
0.723677535889868
-1.45170485754944
-0.376877283514059
0.712998550671888
-1.68349515642519
-0.532870780321037
~
-0.565787752696987
0.218120204114205
-1.86934895551558
-0.639167258686261
-0.00158634812161928
-1.76591080956494
-0.757958968009983
-0.238516577931042
-1.09468648165018
0.640007453279209
-0.847094431155209
0.0328613469330393
0.723571889785912
-1.45184685250806
-0.377073849474778
0.713111152689305
-1.68360051828774
-0.53330166360116
~
-0.567725395158704
0.217770793461089
-1.87542597546771
-0.641865836206608
-0.00279320258093172
-1.77076215484427
-0.758436720965643
-0.238070497918742
-1.09666354877109
0.641569224356426
-0.848989928100491
0.0323078491644146
0.724834117704234
-1.45492577379632
-0.377177949067104
0.714066396287467
-1.68681113452957
-0.534398442306
~
-0.567841735950448
0.217777713515282
-1.87643525959929
-0.642131329697775
-0.00271549158972158
-1.77088780722392
-0.757876586280605
-0.237338960776296
-1.09664519693196
0.641149619807736
-0.848257919488032
0.0318134749179855
0.724446305995359
-1.45331716157579
-0.376661406026319
0.712983448595206
-1.68474965493474
-0.534370367763921
~
-0.568105822573793
0.219476230225896
-1.87606761728725
-0.642344708477126
-0.000480709815086368
-1.77111581034232
-0.758258072905921
-0.236764470409225
-1.09764047955721
0.641327319091073
-0.84763755119071
0.0322610581127314
0.723580154452288
-1.45233935616843
-0.376802247116261
0.713046373926152
-1.68419934899858
-0.533902653667125
~
-0.568017555897857
0.220097131543253
-1.87597098126152
-0.642090409460547
0.000558231993949724
-1.77125096136575
-0.757693271477196
-0.236046430597882
-1.09797306036421
0.641614730304298
-0.847245349677161
0.0327237291883131
0.72327608816825
-1.45147347762748
-0.376934951531367
0.713180662199888
-1.68337765145159
-0.533943921799362
~
-0.568379198484596
0.221444272082073
-1.87669115284201
-0.6423915618904
0.00227921157249004
-1.77195183007993
-0.757860714060286
-0.235253303862161
-1.09877431941195
0.642932175239508
-0.849213015021682
0.0326629932992019
0.722989989151472
-1.45009677564074
-0.375958488152558
0.712574126538514
-1.68196091298659
-0.533178978766756
~
----
@Right_Hand_Up
-0.409052899500459
0.167178816157243
-2.14588784031917
-0.56237169026874
-0.0967112961992772
-1.88802325811937
-0.677755380213525
-0.147347062051854
-0.937164456713916
0.613262651782229
-1.10645372249447
-0.163214730659966
0.674236644662088
-1.80543007241359
-0.599213743463536
0.665417166992697
-2.04670109997794
-0.752904405626285
~
-0.412063469733941
0.169149141973473
-2.15378036332452
-0.565812047774358
-0.0958457834405681
-1.89516139312327
-0.680641418884156
-0.1472964382598
-0.940755928112576
0.612098812824276
-1.10948850551344
-0.164956554692899
0.659484598991295
-1.90614400613792
-0.665477159064077
0.661515655789053
-2.1785607642882
-0.835160347027851
~
-0.413474557112257
0.171909304666439
-2.15874887979183
-0.567426587830305
-0.0936400570742578
-1.89902788303659
-0.682072332928903
-0.146241691857415
-0.942685247553048
0.61270721055959
-1.11052331614677
-0.166371372770988
0.665523691433841
-1.90994960863364
-0.665314613900719
0.660928315756233
-2.17349604567661
-0.833318735593928
~
-0.411894420604919
0.172775232462023
-2.15684808416214
-0.565579961838839
-0.0920864249115454
-1.89767043140833
-0.68133134552911
-0.14554679111754
-0.942664534843406
0.611998660428182
-1.10821085734758
-0.166765944891252
0.660715225011311
-1.90521928324429
-0.668144998497653
0.659626168634728
-2.16779554196545
-0.831859565215591
~
-0.411510422762273
0.173883142917994
-2.15748936681978
-0.565879641795593
-0.0913536076425151
-1.89890248695151
-0.681406205947849
-0.144888115516061
-0.94361914834101
0.611857289692661
-1.10759014534184
-0.166572321188441
0.659526949597035
-1.90432688479174
-0.669021707387689
0.659132725099662
-2.16661036337553
-0.831652306254009
~
-0.408799875535318
0.175071710782579
-2.15368467382021
-0.559366235705846
-0.0827642058038665
-1.89942711722342
-0.681372625598119
-0.14604708700973
-0.946345096422724
0.611789328517636
-1.10450335036499
-0.163794099838101
0.66107529936227
-1.90156149408506
-0.664086465239752
0.659706524293332
-2.16190602887031
-0.826987121190908
~
-0.40746813475011
0.175257118252103
-2.15437156238073
-0.554418346319164
-0.0754414914887419
-1.89929616520528
-0.681499725731118
-0.14646525275024
-0.947469496584779
0.61212050964617
-1.10340504070185
-0.163512340137666
0.664511179863285
-1.90138355122509
-0.66186743178088
0.660032949478246
-2.16113223013363
-0.825707314259644
~
-0.406548063565039
0.178615423011764
-2.15829147251865
-0.557268293604069
-0.0796704161852036
-1.90651363213358
-0.683324958321287
-0.147490173356602
-0.951810943212702
0.61485838396475
-1.10270709263098
-0.161073843354675
0.667088024359934
-1.90185771789935
-0.662243979375618
0.663434097104385
-2.16322614638443
-0.824766837521369
~
-0.405546375417977
0.177796020781863
-2.15525864665175
-0.549858101076166
-0.0705139390183784
-1.90326988472651
-0.683110519391843
-0.148442269711315
-0.951443132229077
0.614540837642646
-1.10089362575478
-0.159437930963849
0.664989227903116
-1.89896938526965
-0.660656643841988
0.662543939313745
-2.16047646354425
-0.821796221317422
~
-0.405404325802992
0.177510390159781
-2.15695208177108
-0.551064952135613
-0.0730618456376495
-1.90475225414372
-0.683367085655778
-0.147801923561586
-0.951759250105509
0.615020823467058
-1.10189203083522
-0.160984410974033
0.664089156891405
-1.90086323580007
-0.662265009700285
0.645581102681229
-2.07080649906523
-0.789552952692278
~
-0.404936719975868
0.178095689435569
-2.15995284057627
-0.548827423238578
-0.0688007752483486
-1.90613468887267
-0.683902566423197
-0.147662131930555
-0.952232706921951
0.616586693599502
-1.10403958744195
-0.161799161774634
0.666378660648184
-1.90443843177651
-0.663742540345565
0.650680575427914
-2.08013003649061
-0.784017058002801
~
-0.405409069386633
0.182616962307423
-2.16693744266747
-0.550447113451165
-0.0656153937630392
-1.9117162240188
-0.685653748270795
-0.147427235404631
-0.95505078292362
0.61978335309775
-1.10427659085925
-0.162489564219886
0.673965423668852
-1.90576145587929
-0.667939071570934
0.658387304518779
-2.08584646814802
-0.78279890887805
~
-0.406373351027247
0.179143751900131
-2.1704825428851
-0.551411512473354
-0.0682951898651946
-1.908480060862
-0.684423531551036
-0.145998272165109
-0.95116356045129
0.618862783548793
-1.1071920461011
-0.166074892927913
0.659464598997977
-1.90666629753879
-0.676318523334265
0.657755686102494
-2.0905067756798
-0.786151494830901
~
-0.407635454661641
0.176006929871746
-2.17604272239575
-0.554506743863819
-0.0742194934901548
-1.9107981629124
-0.684663767482563
-0.146826361527904
-0.951407162473267
0.618744376443199
-1.10912492884803
-0.168118596141161
0.683161763622937
-1.88835665790304
-0.650041572401706
0.666028865775574
-2.13149293815658
-0.807485938512369
~
-0.407195389201119
0.174302034740757
-2.17254788084562
-0.554868214979699
-0.07624843933711
-1.9070838299487
-0.683390293859287
-0.145650516159704
-0.949235692984383
0.617253665504542
-1.10859546690623
-0.168534564505798
0.670620188809193
-1.90942329931339
-0.673642159190724
0.662188757809996
-2.16102363115365
-0.827047228214629
~
-0.406185662827931
0.170973252895445
-2.1691972080472
-0.549572547126021
-0.0718122992867674
-1.901198670196
-0.681746755666654
-0.145694688864544
-0.946406167199559
0.616171264630033
-1.10839186187611
-0.168068772673412
0.668660447817506
-1.90750856188726
-0.672016041591129
0.661832953402168
-2.16013547341451
-0.825550317589846
~
-0.405144548131098
0.167090287259151
-2.16561111128916
-0.547420059567362
-0.0730051498726336
-1.89577400841018
-0.679806772970104
-0.145238765367314
-0.942971079277219
0.61475485203843
-1.10898801845012
-0.168210607412368
0.669133672300179
-1.90747604456805
-0.668972047670998
0.660820518078292
-2.1608287150049
-0.824590534612583
~
-0.403979815224931
0.16477259611446
-2.16282611287216
-0.544088384397207
-0.0719394773483277
-1.89310209816568
-0.677478687485318
-0.143648064392551
-0.941976917886597
0.613786097225818
-1.10895950968758
-0.167612363908283
0.668048948584504
-1.90536408371974
-0.66896009556309
0.660174256317422
-2.16151026174024
-0.82372716445454
~
-0.404172008661781
0.163777740780127
-2.16553514462587
-0.543623124877362
-0.0718386960592395
-1.89500185826185
-0.677976907348259
-0.144286557018847
-0.943071569191093
0.614529730324197
-1.10957358959294
-0.167140081026904
0.669106544875293
-1.90723291851837
-0.668213575411286
0.661855665676821
-2.16569546647867
-0.82472909963617
~
-0.402824645781932
0.161246458190829
-2.16716778110253
-0.548331952577674
-0.0846371916755701
-1.89789005563747
-0.677243828532651
-0.144896999757059
-0.943933100102802
0.61503296313113
-1.11002572073174
-0.166510000149528
0.668384459636709
-1.90750007950732
-0.668724118507304
0.663468733945171
-2.16935913991216
-0.825996630437678
~
-0.4027840866708
0.160082738668914
-2.16586848060083
-0.547316388740707
-0.0842808664674296
-1.89599584837368
-0.676865105334827
-0.144975872882197
-0.942860140214944
0.614981280900476
-1.11003280454501
-0.165816377476972
0.666087508694394
-1.90529258459836
-0.670755791430277
0.657753271436639
-2.08869079199205
-0.778750971268217
~
-0.402489174057179
0.158177998825175
-2.16740002521658
-0.544332753365605
-0.0799400907706716
-1.89559332176486
-0.676726861158498
-0.146074066411473
-0.943071896056343
0.614961723292516
-1.11020020519615
-0.166176147231092
0.666477647473176
-1.90595327121741
-0.670552902477278
0.658103965433764
-2.08932036509928
-0.778683334267265
~
-0.40272751799355
0.158063121690708
-2.1680817757282
-0.543690424625176
-0.0782437833645124
-1.89541491709945
-0.677154858332049
-0.14644939630639
-0.94312281019734
0.614864575571251
-1.11037034601287
-0.166299993369439
0.66341855995562
-1.90696506210363
-0.669693335870554
0.65823005788778
-2.089600474437
-0.779296026749486
~
-0.403493378060806
0.157681612140477
-2.17391904270175
-0.546328753696692
-0.0821982489126479
-1.90042154041683
-0.678561052534369
-0.148258422739043
-0.945582483273857
0.616712991046451
-1.11131409076607
-0.166627887163194
0.663854230512881
-1.90892869405583
-0.672663094343478
0.674201935061131
-2.23020522537896
-0.847502289133142
~
-0.409156181212429
0.157065864724078
-2.18724092134635
-0.551685332209024
-0.0819426950901874
-1.90809323594971
-0.682136348175312
-0.148838972899001
-0.948133424159692
0.616421197942254
-1.11770852230027
-0.169153166452407
0.664409564963161
-1.91945399632175
-0.677467833803977
0.681137470956709
-2.27043942477893
-0.86088613957251
~
-0.410510584773255
0.156577451943704
-2.19413255595469
-0.552921057693858
-0.0815492755837027
-1.90804647761834
-0.682537243227267
-0.148152699653441
-0.946472334875004
0.616908465710314
-1.11998828360897
-0.172372689222165
0.665117164830045
-1.92298200439341
-0.681350404224493
0.673629061436432
-2.23404849518488
-0.853074277467976
~
-0.411294980056627
0.156456101309331
-2.19796791640313
-0.552995206478289
-0.0804978295540686
-1.9084738908869
-0.682811627405624
-0.147836281940592
-0.946093391954585
0.616703225163114
-1.1215235007961
-0.173888542292719
0.68825907621271
-1.8171090256543
-0.591680175612273
0.677637836240401
-2.06211602477405
-0.748641344233372
~
-0.410622281163059
0.156152087148007
-2.19920880057207
-0.552127676043536
-0.0804522404311792
-1.90665349172183
-0.681873086270632
-0.147549918537206
-0.944800108486696
0.615725564124412
-1.12183496863449
-0.1749603920941
0.663751018115028
-1.92668338383923
-0.681379550968346
0.672840148991209
-2.23642113935066
-0.85586034611967
~
-0.410910195544302
0.155120791964355
-2.20499872523051
-0.558643927622021
-0.0914716153625268
-1.91128951100711
-0.682156782242483
-0.148297535992735
-0.946300341956371
0.616552750329226
-1.12285943830768
-0.176324427888292
0.669608103686261
-1.92988922051883
-0.681467340759187
0.672673783800121
-2.2272745938111
-0.853605828789226
~
-0.411525667865118
0.155592666455422
-2.20731466253516
-0.559692574237886
-0.0920163954027453
-1.91325462208577
-0.682832455889426
-0.148523466386559
-0.947581516140494
0.616123997910352
-1.12283436587224
-0.177231650454989
0.668870703400206
-1.93049941494614
-0.68249357240523
0.672629657124747
-2.22603046030601
-0.853203789325783
~
-0.411262457891598
0.154743122579004
-2.20709653951143
-0.556807590975347
-0.0879838828822745
-1.91196770263482
-0.682973749334492
-0.14905661784496
-0.947044595993443
0.616076936705376
-1.12333203684129
-0.177789110801635
0.665122017982111
-1.93060229823686
-0.684049031432797
0.664160904505996
-2.11733666433643
-0.791871622338688
~
-0.409994441745338
0.15637478259113
-2.20571349285207
-0.555913196697707
-0.0879336990218627
-1.91234688064571
-0.682793946094818
-0.149443737843542
-0.948242118596788
0.6161097400518
-1.12085946883563
-0.177094877098009
0.66533578855707
-1.92714778792914
-0.683699190587972
0.664358907807868
-2.1137090262889
-0.791531118082619
~
-0.408321617776574
0.158320301901052
-2.20634033478836
-0.553096269223441
-0.0833086313457226
-1.91283611118905
-0.682426774220312
-0.149706307742966
-0.949241647831112
0.617794036457102
-1.11917800058306
-0.177362765314958
0.678370516903235
-1.92661606764662
-0.680931699069099
0.676280783698889
-2.1822347450097
-0.821362899303398
~
----