Head - Rotate to Left
0,42746465102486
-0,0194382797116819
-0,0799267447513083
~
0,41136418218198
-0,0178758502006531
-0,0800253930299178
~
0,421646284020465
-0,0125599814497906
-0,0691206714381342
~
0,41139785103176
-0,0202396486116492
-0,0752152930135312
~
0,418996230415676
-0,035833055558412
-0,0701128710871157
~
0,4342854955922
-0,0193168870780779
-0,0659101164859274
~
0,437849169192107
-0,0241480262383171
-0,0661261185355808
~
0,422698352647864
-0,055172261984452
-0,0827819108963013
~
0,415644853011422
-0,043352194454359
-0,0824630260467529
~
0,423919014308764
-0,0475530468899271
-0,082501426987026
~
0,423919014308764
-0,0475530468899271
-0,082501426987026
~
0,42866905875828
-0,034821225249249
-0,0845622238905533
~
0,426814908566682
-0,0447191207305245
-0,0799049657324086
~
0,431233406066895
-0,0479435298753821
-0,0778915156488833
~
0,43593398384426
-0,0461127343385116
-0,0836792717809263
~
0,427545547485352
-0,0336249937181887
-0,0804997734401537
~
0,430359011111052
-0,045922243076822
-0,0799475493638412
~
0,417936532393746
-0,0516960569050001
-0,0764702869498211
~
0,417653871619183
-0,0366546822630841
-0,0791699679001518
~
0,422786173613175
-0,0498947941738626
-0,0672536570092906
~
0,416514811308488
-0,0439424929411515
-0,0688514553982279
~
0,416514811308488
-0,0439424929411515
-0,0688514553982279
~
0,404238037441088
-0,0347212190213411
-0,0755824835404106
~
0,429694797681726
-0,0726622965024865
-0,0578491480454155
~
0,401211365409519
-0,0591044840605363
-0,0689813002296116
~
0,433807787687882
-0,0475589296092158
-0,053092650745226
~
0,399972210759702
-0,038597601911296
-0,067196275876916
~
0,406153595965842
-0,0403327915979468
-0,0640026486438254
~
0,408470319664997
-0,0307305999424147
-0,0742973141048266
~
0,408470319664997
-0,0307305999424147
-0,0742973244708517
~
0,409121886543606
-0,05240842052128
-0,072555396867835
~
0,402885105298913
-0,0577638563902482
-0,0565705921338952
~
0,402585734491763
-0,0636532358501268
-0,0490431059961734
~
----
Head - Rotate to Left
0,403735616932745
-0,0199709120004073
-0,0301534559415734
~
0,399452292400858
-0,0238784681195798
-0,0373532927554587
~
0,399452292400858
-0,0238784681195798
-0,0373532927554587
~
0,388463808142621
-0,0134120065232982
-0,0288824827774711
~
0,389602744061014
-0,0267336394475854
-0,0251861033232316
~
0,414121420487114
-0,0272516582323157
-0,0210976004600525
~
0,397478601206904
-0,0256039292916008
-0,0267132235609967
~
0,404999111009681
-0,0333753435508065
-0,0265048457228619
~
0,412865555804709
-0,04322691326556
-0,0156051425830178
~
0,404412808625594
-0,0386471929757491
-0,0216675413691479
~
0,399379274119502
-0,0342028089191603
-0,0321979963261148
~
0,424983190453571
-0,029675789501356
-0,0368746259938116
~
0,428927545962126
-0,0119730441466622
-0,0405906672063081
~
0,429158086362092
-0,0275103138840717
-0,0427037529323412
~
0,395345397617506
-0,0287180802096491
-0,033427603866743
~
0,412415048350459
-0,00301410581754602
-0,0318830453831217
~
0,434190542801567
-0,00485736585181692
-0,0400118179943251
~
0,434190542801567
-0,00485736585181692
-0,0400118179943251
~
0,434190542801567
-0,00485736585181692
-0,0400118179943251
~
0,401473667310632
-2,56584506765332E-05
-0,0418062002762504
~
0,389105257780656
-0,0174733724283135
-0,0385034032489942
~
0,386568235314411
-0,0154507186101831
-0,0448049099549003
~
0,386568235314411
-0,0154507186101831
-0,0448049203209255
~
0,386568235314411
-0,0154507186101831
-0,0448049203209255
~
0,421798706054688
-0,0361427224200705
-0,0334031063577403
~
0,392758493838103
-0,0430206760116245
-0,050840165304101
~
0,387338223664657
-0,0326276240141495
-0,051988731259885
~
0,362647678541101
-0,0348752115083777
-0,043742879577305
~
0,413676054581352
-0,0564806150353473
-0,0355881608050802
~
0,406963431316873
-0,0712295459664386
-0,0239522327547488
~
0,398874116980511
-0,0467660582583884
-0,0314158641773721
~
0,389318466186523
-0,0207747091417727
-0,0252369823663131
~
0,384700028792672
-0,0240972689960314
-0,0346862829249838
~
----