@TapLeftShoulder
-0.574857623386042
-1.37032826211833
-0.800121186730898
-0.580881488536847
-1.21727077461738
-0.704575065936567
-0.598953172444132
-0.758098267887099
-0.38305081018114
0.546036350746094
-0.416779315797659
-0.563751727377267
-0.0729261648327082
-0.133101405255312
-0.869439023079243
-0.18338995632283
-0.0840054580391148
-0.942946082104818
~
-0.595779422522667
-1.41070361380241
-0.795884909853979
-0.602772572424753
-1.25449891020802
-0.698182039953176
-0.623752112449109
-0.785884799424822
-0.369420540630106
0.445405136181287
-0.400697698907372
-0.587461802832661
-0.194109652476836
-0.0137517436966163
-0.659491933241705
-0.407281211063668
0.115230271479669
-0.671617680171167
~
-0.586374198866623
-1.42667257251949
-0.6569047672513
-0.594256116247327
-1.25242951940972
-0.548244497401853
-0.617901868389441
-0.729700309746948
-0.182511934108641
0.467365005320393
-0.677910856736129
-0.792993549877557
-0.245405142797285
-0.909021278842716
-0.594852876006356
-0.482995217336574
-0.986058094600488
-0.515555131689227
~
-1.25763114712803
-2.33427409294971
-0.831264864842919
-1.23925714259346
-2.02760044618905
-0.667452167954951
-1.18413496400366
-1.1075795884001
-0.110837317143467
0.483036690229673
-1.12336413644244
-1.07822988503497
-0.673832612674785
-1.5205025782042
-0.771757026331083
-1.05945572739178
-1.65288208628913
-0.647873600065822
~
-1.24382004487145
-2.34851485687376
-0.832355433459365
-1.2243889206659
-2.03789009786266
-0.667975759546887
-1.16609554804927
-1.10601590330093
-0.10968156647396
0.477883638783691
-1.14347671249627
-1.07007805516473
-0.66171301362056
-1.52874577927818
-0.771181989031234
-1.04157858503987
-1.65716880153882
-0.64983201638989
~
-1.25461916242031
-2.40052469738402
-0.853642634
-1.23140594203394
-2.0790080856095
-0.686170427918465
-1.16176611429748
-1.1144583335746
-0.117942429230905
0.479642912202922
-1.16978316994287
-1.06926968746427
-0.67108720262251
-1.58636531023672
-0.799441695029341
-1.0546638728607
-1.725226023668
-0.68756234827632
~
-1.2711686616113
-2.48463492144544
-0.89937491294871
-1.24598937310218
-2.15234740210086
-0.727040730634284
-1.17045133781955
-1.15548501382238
-0.142976028560076
0.487618356975864
-1.18328600257309
-1.06524074082091
-0.680384282431848
-1.66447400906565
-0.850088849665665
-1.06971848142148
-1.82487002537611
-0.7560179535843
~
-1.26518796994309
-2.48551399195819
-0.931116552893019
-1.2397928757649
-2.15343318314485
-0.75753347055261
-1.16360734087263
-1.15719084082407
-0.170332041909667
0.493648561625032
-1.16623752872939
-1.03211347854936
-0.684622624112733
-1.68084194930616
-0.886120161387917
-1.07737965097564
-1.85237672812534
-0.815304546490911
~
-1.2199683837593
-2.24023839297981
-0.917874996171845
-1.19666817119372
-1.94674068463307
-0.763168778346642
-1.12676738211629
-1.06624755959286
-0.239270497138757
0.500161657044573
-1.00895700880486
-0.869861886470578
-0.6494847397986
-1.50664800058119
-0.883950584238567
-1.03270018018288
-1.67254499783997
-0.868720476091386
~
-1.23872797671736
-2.27591768739219
-0.931881368265221
-1.21506389582056
-1.97825127725808
-0.774765387711324
-1.14407180742927
-1.08525204685578
-0.24249090490329
0.500275106869505
-1.02624498646681
-0.893711475030611
-0.669958825962733
-1.53594867462455
-0.898120108808743
-1.06003681643174
-1.70584987829395
-0.879280806352673
~
-1.2284095187853
-2.24282047670913
-0.928268004168005
-1.205002805328
-1.95006698096348
-0.773703860193966
-1.13478251300493
-1.07180656970214
-0.250016843317737
0.50023540184191
-1.00677183970858
-0.871754924908699
-0.652928418846421
-1.50858438095267
-0.895251441520044
-1.03731630842547
-1.67585525335924
-0.883085621340711
~
-1.22335466682019
-2.22454621006893
-0.928225456662717
-1.1998315926606
-1.93426988000195
-0.774887543852774
-1.12926252064767
-1.06344081456811
-0.255473510387129
0.500096911598245
-0.993916652450604
-0.856868545609906
-0.644047261822609
-1.48600534045457
-0.891491934797955
-1.02542869057935
-1.65003490312256
-0.883233166803128
~
-1.22476185419137
-2.22147488222625
-0.930344321470098
-1.20136045340743
-1.93234055702934
-0.777836070701382
-1.13115625105559
-1.06493750621324
-0.260921210535868
0.500063649755265
-0.990414541660819
-0.855220682549142
-0.642623687348847
-1.48560082462037
-0.895394626840282
-1.02351946638355
-1.65066294401533
-0.88898964018604
~
-1.22302104645286
-2.2161531491094
-0.932361829956314
-1.19943770200526
-1.9276449215062
-0.780347817141253
-1.12868766866245
-1.06212016371266
-0.265114067600206
0.499995703615039
-0.9862290824543
-0.850554966861811
-0.640026572751961
-1.47736704739934
-0.895865053756066
-1.02003401070495
-1.64107971487834
-0.891237645731728
~
-1.21945206770069
-2.20727981920456
-0.931463388952937
-1.19555974820683
-1.91995969883412
-0.780003026573884
-1.12388264031422
-1.05799941242832
-0.266660159327777
0.500086353997202
-0.983298225075036
-0.849720011025559
-0.635848882753954
-1.47184636749514
-0.895375243863398
-1.01449396167101
-1.63469577320369
-0.890940126535803
~
-1.22844085520325
-2.22148078411917
-0.938149668209399
-1.20438602497167
-1.93233859085984
-0.785759009457981
-1.13222138375459
-1.06491193582066
-0.269178260136395
0.50014910595824
-0.988977988549191
-0.857938100823073
-0.643482306575639
-1.48269141628643
-0.90222961072114
-1.0246927899638
-1.64726257140904
-0.897190723694551
~
-1.22634363438625
-2.21299014973497
-0.941387902333307
-1.20216175956302
-1.92452890226188
-0.789131420336349
-1.12961613509332
-1.05914515984261
-0.273226248235147
0.500084459193508
-0.984743189438652
-0.852050720383957
-0.640183167832396
-1.47204534880135
-0.902548125199904
-1.02027237684103
-1.63447940192226
-0.899669084385462
~
-1.23817965286768
-2.25389535004508
-0.96345498579689
-1.2131927285773
-1.95905253269563
-0.807108600257443
-1.13823195570615
-1.07452415668089
-0.278062504404221
0.499997608340541
-0.999597142731284
-0.862290750922288
-0.651564103154926
-1.50633532042232
-0.921530054860222
-1.03541801965902
-1.67524804631933
-0.921274581940477
~
-1.24755479791119
-2.28027738280574
-0.975573962156025
-1.22148919335997
-1.98122696867192
-0.817418205873991
-1.14329245644074
-1.08407580300487
-0.282398279975627
0.499981709319049
-1.00922821611314
-0.869878759061058
-0.659471186368806
-1.52650231231782
-0.933378017429733
-1.04595554887677
-1.69892698547458
-0.934360217868537
~
-1.26500787972159
-2.32332285553674
-0.981232088284268
-1.23771312880903
-2.01652307358498
-0.819278314048051
-1.15582903305502
-1.09612372772969
-0.271484421309956
0.500193559053525
-1.04599036439542
-0.909647534214405
-0.68989945612836
-1.56460907731541
-0.939706767576899
-1.08659719326552
-1.73748200778602
-0.929082112709688
~
-1.27458792673922
-2.34509042537466
-0.982464660517063
-1.24645672496859
-2.03362789247113
-0.818209034508585
-1.16206296058677
-1.09924037329551
-0.262692880553148
0.499506373371822
-1.07191478126527
-0.936105315520054
-0.713629035519106
-1.57751820623998
-0.937107456178444
-1.11800750514941
-1.74605269448738
-0.916525077754573
~
-1.23141429565726
-2.25453030269583
-0.960342201265421
-1.20628537742447
-1.95585221048638
-0.804059794103224
-1.1308985468125
-1.05981800977162
-0.275324641137641
0.500022562672961
-1.01310108703346
-0.869428079835925
-0.658172520186933
-1.49821678172282
-0.91934035761685
-1.04423748454557
-1.65992200063368
-0.916015342153747
~
-1.22111794141679
-2.2067503077218
-0.953356547270922
-1.19559412067194
-1.91428885449234
-0.80033789703055
-1.11902251013877
-1.03690456895329
-0.282791791163418
0.499449079126743
-0.986116598316251
-0.83188575530047
-0.6322296786303
-1.45842925769645
-0.909991069978883
-1.0094559435742
-1.61586683553962
-0.916529851952622
~
-1.24724272060743
-2.31156177483051
-0.985655153427498
-1.22147655808341
-2.00521901788883
-0.827101092325531
-1.14417822497641
-1.08619074706377
-0.290524067176722
0.499488168110777
-1.02161933104111
-0.866322860863797
-0.667761943237911
-1.54003060842442
-0.94473365134719
-1.05684537804792
-1.71283438042428
-0.950565634227353
~
-1.25456046656946
-2.33643037346288
-0.991621416820559
-1.22781973406256
-2.02657571022184
-0.831462528348552
-1.14759738052734
-1.09701172049871
-0.289466841939465
0.499432721976803
-1.03397163595465
-0.87485016602537
-0.681671253192198
-1.55263714524495
-0.945466705638397
-1.07537264325458
-1.72552564834172
-0.948499627883767
~
-1.27726168852454
-2.38914736609132
-0.969136830097578
-1.2499624161244
-2.06724460890147
-0.802972172771335
-1.16806468007711
-1.10153625617877
-0.240486015897238
0.497285723217967
-1.11858012312195
-0.959402346747966
-0.730940347609545
-1.59887472894804
-0.922628281096902
-1.14034909198749
-1.75897294441559
-0.889039314506341
~
-1.3572881204116
-2.4957298812635
-0.954183534104593
-1.33271100446639
-2.16468512890774
-0.782105769968403
-1.25897956998116
-1.17155087184046
-0.197560714878191
0.457885929115566
-1.1522156227435
-1.03604174683316
-0.769716915097262
-1.64804540660493
-0.903139994589417
-1.1789178631682
-1.81332200122541
-0.836069054013191
~
-1.36490904862762
-2.41787659052051
-0.921446314259915
-1.34475200734166
-2.09882206407641
-0.751662794373827
-1.28428088348379
-1.14165848474411
-0.174330664436507
0.444111802859942
-1.13803106589219
-1.05216826878411
-0.781501554814701
-1.57947158949239
-0.869187612180535
-1.19003939819809
-1.72661843069245
-0.78553353655299
~
-0.599841588545611
-1.44675772367229
-0.840350248897526
-0.610995152112605
-1.28803154549612
-0.738224933449479
-0.644455842813587
-0.81185305738971
-0.395256846066497
0.438250980049714
-0.410309728211958
-0.58299420143213
-0.170093457565229
-0.860931865935182
-0.745166711167131
-0.372874944507229
-1.0111392606503
-0.787026834065852
~
-0.5980185934746
-1.44469006916322
-0.839646571629838
-0.60949615850224
-1.28653152746835
-0.737517814085614
-0.64392885358516
-0.812055995003731
-0.394618508186133
0.441228581984104
-0.409740995021338
-0.578472204185572
-0.165421502350304
-0.85854434294541
-0.743960091932489
-0.367638158536767
-1.00814546663844
-0.786951710092524
~
-0.557063079940861
-1.38954549065529
-0.824028372830349
-0.56999565191066
-1.23852254774586
-0.724580466758902
-0.608793367820058
-0.785453763527636
-0.391134701772922
0.464026133866861
-0.485371260357658
-0.435481663184921
-0.124190506645343
-0.927370885691142
-0.478194571780042
-0.320262734986093
-1.07470410155398
-0.480731644414659
~
-0.487056962962033
-1.41533368818369
-0.843403235772348
-0.513224881217039
-1.23214444033834
-0.724592736933818
-0.59172859292891
-0.68257686901485
-0.334183007640372
0.448374248188142
-0.552524676752604
-0.484703699451763
-0.173463326582129
-0.889633317971345
-0.437260853143677
-0.380742510996695
-1.00200287221978
-0.410120493448363
~
-0.577447305691311
-1.53103055560886
-0.889358241100911
-0.594683856163062
-1.31344712409528
-0.755546883182373
-0.646393554004483
-0.660696783128363
-0.317444307859694
0.648374187175739
-0.534493374181744
-0.548761389057338
0.253323386511293
-0.381040079610874
-0.963134621487224
0.121639786289811
-0.329888981420584
-1.08903607463838
~
----
@TapRightShoulder
-0.872777089908152
-1.65434119407886
-0.75523103858023
-0.782137990828019
-1.4760205791412
-0.704995183922031
-0.7977351084524
-0.745440589243129
-0.238206973522991
0.648040998974128
-0.793102188293312
-0.424652592358026
0.669373489032538
-1.31751594650198
-0.804887277220656
0.64973175123023
-1.48817268113654
-0.919026825526387
~
-0.870955432598682
-1.65327833648549
-0.76482640881934
-0.78355513426814
-1.47342268914221
-0.712787886834035
-0.798814702997873
-0.743171731467276
-0.242283505201905
0.648492661067307
-0.795511110102682
-0.429371449881404
0.668168912501609
-1.3206806920229
-0.810725066410789
0.651744682581724
-1.48910785368412
-0.929288944970472
~
-0.865406432621251
-1.6473853690782
-0.773801420223967
-0.779526314083942
-1.46724259421927
-0.721189609397926
-0.798254803967251
-0.741510165932798
-0.245268099467297
0.652670476197865
-0.792067441754671
-0.433281963816211
0.670350101124474
-1.3155695840359
-0.815874084577211
0.650832944190083
-1.48235037368114
-0.935865840006056
~
-0.860206650200579
-1.64482056171345
-0.783864091438143
-0.781101956360181
-1.46294323770637
-0.726860386078506
-0.798180320126408
-0.739898102766213
-0.246662086978832
0.651802483907674
-0.791627229468839
-0.437679374473903
0.675281609034615
-1.31320330751155
-0.822687211661971
0.65199962501287
-1.47871612011636
-0.943723828861338
~
-0.858275460984031
-1.63942485394349
-0.785349110182984
-0.777441079165901
-1.45836650484755
-0.729351477271809
-0.79640773449722
-0.738375603853095
-0.246894883121298
0.651700815197217
-0.790030989828575
-0.439727200386282
0.672513567212866
-1.31066511394502
-0.824452127090395
0.652892853877755
-1.47485400311426
-0.947371085676865
~
-0.849571925557695
-1.62583004342919
-0.807892632641168
-0.775627206059187
-1.4492569341335
-0.732711456154683
-0.796830229587437
-0.734121892398056
-0.245338320310748
0.651165752098856
-0.790107596852644
-0.442685628861012
0.622772132635385
-1.40983308112368
-0.89008709483499
0.624619899943719
-1.58932350737112
-0.990475841221927
~
-0.818471207361267
-1.47643498413762
-0.983865752021743
-0.739504702210654
-1.36388785760472
-0.832699902790163
-0.791186379698927
-0.730012922792774
-0.246616668338441
0.651609965871812
-0.783204930920643
-0.444896850116426
0.65778814687003
-1.30292719826155
-0.82208848590161
0.645975858269451
-1.46389512592945
-0.947401938775273
~
-0.684993169417172
-1.19688107824952
-1.14706586825548
-0.796407470014067
-1.05123795866168
-0.793915213643856
-0.794426014986125
-0.718002558581594
-0.239324763753419
0.651219135387619
-0.774753981973619
-0.447765283421171
0.659468124019385
-1.28806319462717
-0.823316643007279
0.647787227857032
-1.44783401093523
-0.946898785313742
~
-0.517066361715485
-0.808185869650371
-1.24153091154082
-0.78296477995218
-0.77269312023252
-0.808637577454055
-0.765603420703136
-0.586283457862739
-0.205579282675372
0.648008879508133
-0.748778435446399
-0.446842724147828
0.65687609849512
-1.24548763823805
-0.812789153705477
0.646888372362844
-1.40071234071451
-0.932388259794768
~
-0.360634308677255
-0.457369808383398
-1.20143119068769
-0.486997412059494
-0.510356743284988
-1.03440567431885
-0.882421799992778
-0.450447610602055
-0.464063057591251
0.649627297075445
-0.751041435711031
-0.450805546357313
0.659645432162611
-1.24823254602239
-0.818400888588165
0.651208014657719
-1.40439110052909
-0.937569172211643
~
-0.130925665693221
-0.156254654289354
-1.08182729064551
-0.242161524043489
-0.264383255898469
-0.972545177169667
-0.573761727634611
-0.413580341343831
-0.535248726166428
0.628346948472012
-0.715446392977854
-0.451516764841682
0.638481008698424
-1.16604504655014
-0.786673826522711
0.635611844245419
-1.3096309576741
-0.892757944357711
~
-0.0736863446082472
9.82362035492379E-05
-0.965158719846439
-0.182604461054461
-0.105777302447416
-0.858153660891428
-0.588816303250302
-0.420043238273214
-0.515828502998557
0.618883333913996
-0.700044865502031
-0.442137845581373
0.629976488390353
-1.13916391908289
-0.773317311143572
0.616829739840687
-1.27581121880324
-0.881539017855889
~
-0.0588301029110314
0.190488716120779
-0.710562733950424
-0.206300058866873
0.0517724793619888
-0.592194064150626
-0.787208419380765
-0.429184415180981
-0.464614186517654
0.594941405865659
-0.636549406953549
-0.266311611536811
0.60483255093784
-1.09844259920887
-0.62133533847559
0.593894426125768
-1.24319626539285
-0.736098339194079
~
-0.184224034215064
0.241261447370427
-0.648376063343119
-0.303286039387941
0.12552522020946
-0.53140521458036
-0.799622971701607
-0.426005336044951
-0.480037031814249
0.582001556456172
-0.674352523750482
-0.270486420744999
0.585112540024864
-1.14562829475797
-0.6450639287428
0.575054988443496
-1.29836654943688
-0.759359621172061
~
-0.206653296220769
0.233283222232629
-0.663536752392156
-0.33022224487067
0.113165944766813
-0.542138118266066
-0.821366509756794
-0.435485266997967
-0.464495594968015
0.590320225081921
-0.718593671794027
-0.275630562319155
0.585503300649933
-1.20210984641156
-0.671971979728515
0.577082406162124
-1.36171466528947
-0.789256592084904
~
-0.121307959202708
0.19664260998037
-0.811536740897623
-0.288527686569948
0.0340939898695609
-0.647254058203678
-0.892934574570616
-0.680685844438587
-0.524970910346238
0.937193818280091
-0.848519532257041
-0.125594634208202
0.907046932602108
-1.60477038334451
-0.739733828904252
0.894381126005943
-1.81969308419554
-0.899718909664229
~
-0.0782099405933946
0.152133193182832
-0.887256686901491
-0.26122417459037
-0.0257687326673168
-0.707456398360929
-0.890236667610884
-0.776934759955561
-0.565739897653582
0.978774893664288
-1.00336212723408
-0.256848603772468
1.02608682939814
-1.81049537680047
-0.82018813475126
1.01611628948678
-2.04886733523716
-0.991190982805024
~
-0.0540987069746612
0.136609963124981
-0.889412972156154
-0.234864219391029
-0.0391059493516285
-0.711821950512602
-0.838775969031836
-0.77235048888159
-0.572922018903157
1.04264010066234
-0.966000928534637
-0.193544813383581
1.0240727964424
-1.79358887724807
-0.831517178155975
1.01591247462457
-2.02937566697831
-0.999975221585984
~
-0.0737037939106337
0.109177658932337
-0.89363720427685
-0.252074778452807
-0.0642108277198894
-0.71839915995918
-0.829869209175055
-0.754200853280495
-0.563082831456295
0.966093304778746
-0.988741245406039
-0.303992655808543
1.00659280322766
-1.76513746842683
-0.841507430394168
0.999062446016361
-1.99747394404704
-1.00816152955056
~
-0.0810870945550856
0.101871788200792
-0.895152413857083
-0.258414436172417
-0.0705021370371611
-0.720939681731218
-0.825683630472791
-0.742882238228734
-0.559687538028922
1.01797964813676
-0.94868448965649
-0.229403039238988
0.953102660103967
-1.89796737527508
-0.960855254987265
0.945765873105851
-2.14782652054653
-1.09634168989373
~
-0.0782425225860717
0.107248636793303
-0.901995653719089
-0.256222825918792
-0.065760010495322
-0.72714142861547
-0.825120728070176
-0.740196261320201
-0.56574256632443
0.959594876614454
-0.995740734527679
-0.324679322700028
0.955417518080956
-1.95605959431628
-1.00598754970212
0.949878293113042
-2.20703767548108
-1.14163858689974
~
-0.0890439493866206
0.109004362618818
-0.887304695042526
-0.261365768850464
-0.0585039304327354
-0.71801005084686
-0.80883814583563
-0.706360998503995
-0.55918015188281
0.915956735614008
-0.977718337680909
-0.340270738445805
0.909638547120263
-1.88864631700242
-0.990279243779334
0.90959409166506
-2.13311713471888
-1.11888825537315
~
-0.0909764327994352
0.115965584114933
-0.873470542090745
-0.260056571597459
-0.0483916469115246
-0.707360631996793
-0.79787689947174
-0.687270792486798
-0.553556061375822
0.898001489253687
-0.966787971723916
-0.341849580132918
0.882881394672195
-1.84820748178747
-0.978512533798601
0.887928504452078
-2.08930286832171
-1.10216428884748
~
-0.0888234844910756
0.111200678120184
-0.876515390340955
-0.258077935413973
-0.0533259959785485
-0.710234771831769
-0.795408611371036
-0.691435397340292
-0.555736023915635
0.897527182689171
-0.964217044973764
-0.343999210216501
0.886745051609554
-1.85446321577047
-0.981448504590467
0.896048762372683
-2.09653529991152
-1.10349092041551
~
-0.0895303115759803
0.116490969920464
-0.868495581512035
-0.256865040601097
-0.0461695713852998
-0.704100922150923
-0.78837814773971
-0.678959155203427
-0.552780348370821
0.875151531191389
-0.960005145228368
-0.354633366671448
0.870546647958578
-1.83164375715326
-0.973874810173481
0.886442908608667
-2.0722191396066
-1.09122353605679
~
-0.0900979770414531
0.119314865025492
-0.869520692503333
-0.257149846019597
-0.0430707192745458
-0.705404523505061
-0.787822609176124
-0.674723510487533
-0.554928844345559
0.86928603695103
-0.960028047269433
-0.358622637372822
0.867860263935485
-1.82895722337056
-0.973489672383397
0.890290247865913
-2.07023203998321
-1.08718429639593
~
-0.0889011927553485
0.122101550693165
-0.867875439111734
-0.2556807879688
-0.0400193328841414
-0.704026791819487
-0.786081434850484
-0.672402131909624
-0.5550430094451
0.867422460636897
-0.959588066848022
-0.359010902326381
0.865717977472379
-1.82509822871933
-0.971864921694898
0.889788465655338
-2.06596347285041
-1.08500492801694
~
-0.091524350759716
0.124499509164199
-0.863097096358185
-0.257342460707105
-0.0366868129666432
-0.700191976251261
-0.784694630062307
-0.665348049507854
-0.552206096857242
0.861783309554369
-0.957237828907411
-0.359768637146456
0.858063646624574
-1.8118075225579
-0.96668604466882
0.881890049159665
-2.05099216199686
-1.07975690025853
~
-0.0930573575514989
0.125910024879134
-0.85902309970899
-0.257838567928752
-0.0342683613381809
-0.697136663562855
-0.781594158445069
-0.658758397705793
-0.550298677183186
0.854897534001487
-0.953519927278591
-0.361961852789108
0.858735571490102
-1.77099034282439
-0.947519014557915
0.87104604015636
-2.00941337849556
-1.06010267782424
~
-0.0950481621052814
0.125680581486472
-0.856451122965908
-0.259467267606233
-0.0341457807097784
-0.69492092425711
-0.781571662775419
-0.656012108658655
-0.547651683932073
0.853080367275418
-0.952629534218651
-0.363671800044104
0.850757246790558
-1.77866912528903
-0.958202826920099
0.869030497169513
-2.01902173801443
-1.06427748417194
~
-0.0852153829768307
0.116385547674948
-0.873055269892039
-0.254354117960685
-0.0480285770124034
-0.706887859432347
-0.789066703258147
-0.682987341360518
-0.5529142311964
0.88413334248737
-0.971840580415825
-0.363264143062026
0.907799892937806
-1.79062936570049
-0.945554992961366
0.900994097183871
-2.03343871043607
-1.06542975994885
~
-0.11785152838962
0.126903997789305
-0.822165252022288
-0.288847543235529
-0.0393153918494294
-0.654172709291227
-0.850858250740727
-0.706263133654837
-0.503141046822154
0.903645273404639
-0.973179303331858
-0.3280394774372
0.945142226264733
-1.72119056259737
-0.856878181063279
0.935955561539456
-1.93815266124598
-1.0236188610233
~
-0.0462634253935886
0.383705126886038
-0.631103137266309
-0.263385559577121
0.164260027209493
-0.499025207106626
-0.824728201629386
-0.432452461225822
-0.403227188126242
0.59141454165339
-0.758090668765722
-0.3026118548613
0.581968429717517
-1.25021503819373
-0.69651711026477
0.564316249677315
-1.40913980491567
-0.816497607381199
~
----
@Alone
-0.342524294041188
-0.707686757018984
-1.08123629266763
-0.360916919226747
-0.684597313272574
-1.0586689672026
-0.829867089582234
-0.574772772718435
-0.402280225521817
0.657204498137321
-0.746981046720951
-0.51105520490617
0.620677390476135
-1.23024532961843
-0.903099928580162
0.690125672521075
-1.38954220292334
-0.994162263670944
~
-0.339680485300079
-0.70031250312694
-1.0770291038223
-0.342652814488138
-0.676905294146463
-1.06222019671478
-0.824398972526045
-0.575096126332869
-0.399503434781755
0.660321539944413
-0.752022486718992
-0.512821017547309
0.624278377936081
-1.23455899067267
-0.90383006289792
0.702875296127514
-1.39331461343958
-0.988893380711516
~
-0.328532589543723
-0.678603121072687
-1.0715181597547
-0.332692161178682
-0.645460260097832
-1.02721415723227
-0.85300756976397
-0.579299659346989
-0.370091213827287
0.659901751206336
-0.752221101362626
-0.51368809614405
0.626786647829599
-1.23617679714543
-0.904368774152909
0.662255634855666
-1.41216535235833
-0.98480974043717
~
-0.312628349148675
-0.648860645984651
-1.0576357075016
-0.335760885226097
-0.622562146656444
-1.00692682920792
-0.873884579669047
-0.574633385746398
-0.361615007632843
0.662764402232285
-0.752450421010332
-0.51326822468763
0.627790044915924
-1.23751345927472
-0.904013986041246
0.693712861814346
-1.40455467574173
-0.98506099105594
~
-0.298533117014066
-0.599513611130152
-1.03348811553938
-0.337580202391742
-0.806663800396149
-0.711294384112416
-0.877263304470289
-0.573261970692763
-0.364133551137884
0.663724543994493
-0.752141989200394
-0.51293782319788
0.6278633781469
-1.23786472776446
-0.903584854132061
0.69977686402856
-1.40308569578457
-0.98361224403103
~
-0.207223081672982
-0.526571404175297
-1.01060661957717
-0.335212605865133
-0.802622287481423
-0.711009521202954
-0.851725095882628
-0.563961827903761
-0.407470568440075
0.66474744862742
-0.751369740708832
-0.512445801697466
0.630009265430905
-1.23740244686169
-0.903297735977063
0.700842935931232
-1.4018343123683
-0.986049868167112
~
-0.212712801858487
-0.502519382510366
-0.988646401404415
-0.248492748931274
-0.830642381843696
-0.754218760879875
-0.731707667763039
-0.598764593905997
-0.442605498273443
0.665982668667499
-0.750646384704869
-0.512061202797712
0.628973076235723
-1.23627820883572
-0.903447766594974
0.707493173660316
-1.39856857709566
-0.983488785920035
~
-0.174547472456833
-0.623648652695919
-0.917758228283538
-0.247213238784654
-0.816204617213426
-0.747051525784975
-0.739608832751112
-0.607190893987673
-0.430694959791426
0.663957363120459
-0.750714947396384
-0.514335338576233
0.629139810297992
-1.23838446159122
-0.905270692593596
0.554502511021716
-1.36915222256134
-1.03329390549888
~
-0.18800447372688
-0.564716103050189
-0.866109011532363
-0.262802841156056
-0.763721586071588
-0.690861247034187
-0.778065962060531
-0.574976581040883
-0.360224868521235
0.67845932537893
-0.712045382081742
-0.458075016738771
0.642030872820453
-1.2147529706229
-0.86056834273408
0.564086729023103
-1.34896879424582
-0.992406875948751
~
-0.199799794640787
-0.553613242129992
-0.856006818044535
-0.274677717266978
-0.753909284593681
-0.680963086817548
-0.790554376943873
-0.576442733864802
-0.340396235467904
0.679881660704677
-0.717560882241193
-0.461923315731463
0.642163050573452
-1.22308579064822
-0.866808680949786
0.563462597486722
-1.35743110332851
-0.999009866293273
~
-0.249772542437318
-0.544886440679116
-0.794298566451035
-0.32529638766446
-0.747949878709932
-0.617603722081144
-0.848596819583243
-0.583591312070424
-0.266931596158459
0.681192503747991
-0.725304618607894
-0.462230309105628
0.640773711379326
-1.23533257199293
-0.870414272252215
0.562432619109522
-1.37148770235786
-1.00466856404004
~
-0.397866582854101
-0.0829648642732053
-0.834732032591602
-0.473495435460838
-0.286168343406241
-0.657847997619412
-0.870160882561249
-0.581356328624943
-0.225974301509867
0.679576294848286
-0.725566772495622
-0.461547669362662
0.637884430602844
-1.23752741032133
-0.870825216188372
0.560575653584717
-1.37420311443756
-1.00543237150283
~
-0.421305866640086
-0.0639638412984146
-0.792835881695281
-0.497292036908809
-0.26812729574115
-0.615116238328419
-0.885240229953816
-0.593163180384515
-0.193233022124562
0.67954282310372
-0.730393359675139
-0.464620235866292
0.638249404331983
-1.24733638452527
-0.874992414628245
0.560742018547855
-1.38490628344329
-1.01007880119993
~
-0.502673741378515
-0.0248855595941234
-0.82586175152214
-0.578770946659541
-0.229347482412205
-0.647882449152278
-0.887060605999321
-0.593098451010025
-0.188545709056462
0.680575529888996
-0.731875911280875
-0.466095200510826
0.639466013003732
-1.2496464119277
-0.875473530893549
0.562122117825492
-1.38749587492326
-1.0108355886884
~
-0.505180905987078
-0.0353798361592733
-0.829332904721263
-0.581361123807326
-0.240064597672022
-0.651159624525304
-0.890722723838784
-0.59676598898716
-0.185505377836717
0.679406191612953
-0.730921980907304
-0.466008089514556
0.639670510742111
-1.25346161037714
-0.877191759092244
0.562296749450758
-1.3915407644233
-1.01265177935765
~
-0.428218735378331
-0.0817408990489126
-0.803176671679646
-0.505398055921671
-0.28911017572736
-0.622666160585339
-0.897306590044623
-0.603345726689615
-0.179019381835285
0.694782298098746
-0.744848883252425
-0.470642203085533
0.654105509935092
-1.26895210576365
-0.88334362436965
0.706793780492379
-1.44529436689421
-0.98666480522025
~
-0.429390830441059
-0.0844786287441156
-0.799988925911744
-0.506154068395464
-0.290730089885529
-0.620451775161616
-0.895859806661274
-0.605561190663979
-0.180836170226992
0.686982483907927
-0.735864641314914
-0.467538026493951
0.64882444173404
-1.26480868917842
-0.881480496256101
0.723022834056699
-1.43330799933575
-0.982334121668491
~
-0.429730631642073
-0.0709309451521317
-0.805328755384754
-0.508865940202958
-0.283555554253636
-0.620243791734262
-0.910970787694561
-0.609997189004517
-0.168829150241462
0.727832728795666
-0.774297461074417
-0.481949142770834
0.680136087532302
-1.31030946079437
-0.906470469383378
0.763131203833529
-1.48244442500224
-1.0080373809629
~
-0.430810963620156
-0.0776721211729228
-0.803949202495733
-0.509221598064489
-0.288349762717982
-0.620558795471768
-0.908040599722844
-0.610635025059604
-0.172681576587406
0.714462006224849
-0.76112059718238
-0.477367229321341
0.670762110986847
-1.29339228379414
-0.896852400613482
0.749385958726829
-1.46681314965517
-0.995463977990028
~
-0.42746425139312
-0.064166152122941
-0.791707456002184
-0.5052976803739
-0.273292801171071
-0.609667294416756
-0.902194444386214
-0.607555743956106
-0.177820220574649
0.703111265565284
-0.752403745411297
-0.47535909484874
0.660360623671425
-1.28289244490388
-0.89245921148127
0.694539570133347
-1.48032662840157
-0.98432752909533
~
-0.584528845208762
0.001894748050453
-0.864448812120717
-0.662282850207535
-0.207018664342368
-0.682594589625566
-0.895651175226899
-0.603606812778754
-0.184061693891838
0.700678805157533
-0.750899309921287
-0.475054931901797
0.658436512195605
-1.28362440553706
-0.89350094360809
0.692433624697536
-1.48146475902753
-0.984841836382488
~
-0.424325356844747
-0.0741881000230309
-0.809820767206487
-0.503286976883768
-0.286346206185624
-0.625141874982981
-0.9072639461105
-0.606572594721594
-0.17289547172021
0.720161177095631
-0.770369343551748
-0.483222810091659
0.675097658086299
-1.30615043469114
-0.90600635245516
0.71067980521884
-1.49627515093126
-0.990238717343969
~
-0.599091921436483
0.0393988605876847
-0.839567081100682
-0.677240016337146
-0.170573413230761
-0.656790983431162
-0.897949276970696
-0.605772049478168
-0.182566042066538
0.703596423239781
-0.755755108764974
-0.478645065712872
0.664735123729476
-1.28824648883515
-0.895702041885613
0.699918530897809
-1.48661676260032
-0.983510402038476
~
-0.60242274523483
-0.000354499381593229
-0.873773442999144
-0.681025255322236
-0.21154776735644
-0.689934133356724
-0.905211704442657
-0.606434716852947
-0.174752029117211
0.712411466508669
-0.763200707921431
-0.481037779018524
0.671088468489491
-1.2977295294514
-0.90098681335932
0.755286669412933
-1.4722092296933
-0.994118463041232
~
-0.696561996044786
0.153924179979844
-0.734753689283254
-0.774900382163852
-0.0565595816297212
-0.551532461940537
-0.902105022474804
-0.605425777914637
-0.177886344827193
0.708698137719026
-0.759430833978131
-0.479426156516366
0.668256729397167
-1.29233646779676
-0.897862287707315
0.751059838701627
-1.4663916321196
-0.991373956913474
~
-0.672984827947357
0.127357593856508
-0.762682824039062
-0.751185016230076
-0.0827546392699227
-0.579784696382218
-0.900711377797382
-0.604714082107263
-0.175794111163648
0.705537773779303
-0.759811565811193
-0.480624181685416
0.665830031903303
-1.29204329306925
-0.898068787567968
0.73807967825933
-1.46905173958462
-0.99389236035122
~
-0.679703810406473
0.132368576521332
-0.753053196156804
-0.757861735259855
-0.0776299568340852
-0.570254291485336
-0.903776124547681
-0.60266799084693
-0.169854519125663
0.704812463970379
-0.761008006715721
-0.481514723266204
0.664737750874014
-1.29290486719007
-0.898809898711888
0.73409896301493
-1.47041774794944
-0.995571766132145
~
-0.68722368855279
0.131962729276286
-0.75732522771201
-0.765189243738585
-0.077519044417939
-0.574976121913471
-0.899902877094125
-0.600984935447047
-0.170896479487028
0.702415024978934
-0.76082340055638
-0.482278848715484
0.661923139896248
-1.29159623265294
-0.89827905776035
0.736103217524237
-1.46586634905266
-0.996193865380396
~
-0.673544194312447
0.107503915514771
-0.791895810788407
-0.752843116667441
-0.10556048518655
-0.606428347866199
-0.908205930465175
-0.607787130877512
-0.161888465548989
0.723766745998302
-0.77986548550766
-0.490276116018832
0.682320832528481
-1.31948442099123
-0.913754986710988
0.749459836937891
-1.50061024574342
-1.01231527792626
~
-0.656521484323184
0.0705260307315677
-0.818052566261965
-0.7350996807862
-0.140602014610965
-0.634270781102866
-0.904970225464745
-0.60909632716911
-0.165914290202616
0.711406786233488
-0.766364367827533
-0.485291690454891
0.672349717038628
-1.30242082883737
-0.903242076628924
0.710502941915462
-1.49326673413265
-0.99434384008903
~
-0.65408788846286
0.0642682579936594
-0.825030705535323
-0.733147563244549
-0.14815318253068
-0.640122417147759
-0.909220503123528
-0.609774961743711
-0.160473379735365
0.719724389434319
-0.775519311241984
-0.489208760948485
0.678009379199486
-1.31431757478972
-0.910252311688437
0.694924651924688
-1.49548162375099
-1.02703592640718
~
-0.724067998083159
0.176406924566916
-0.697706529855802
-0.803223449353418
-0.0362718601590842
-0.512574609356278
-0.910529971155777
-0.609144461739827
-0.158780409048103
0.721434606238264
-0.778508222047194
-0.490650922035234
0.678499261478724
-1.31777190184397
-0.912351521489541
0.713341933035469
-1.50548346378821
-1.01437409832976
~
-0.750291678201109
0.205049815873804
-0.641901837264523
-0.829171347566536
-0.00688814310652687
-0.457414710457926
-0.909599383119499
-0.608550709018447
-0.159658633505591
0.717434604546051
-0.775000376656858
-0.489294470044936
0.67442181567272
-1.31239169062828
-0.909495478466937
0.703377457160617
-1.50215645859192
-1.00789959698272
~
----