@thumb
-0.909679929903316
-0.197357333602359
-1.59600106996649
-0.828881694002543
-0.385064887372665
-1.26401353454455
-0.663380756779753
-0.780738077945167
-0.516595233580916
0.912878337653061
-0.972194102781656
-0.114881083088019
0.931690838096652
-1.60750264587519
-0.680608885026525
0.955387602062761
-1.77422759786519
-0.871219888092666
~
-0.921477412036196
-0.190283842497607
-1.61816678089867
-0.839847271328088
-0.412297328625427
-1.30549749564512
-0.673868507009704
-0.779162037164945
-0.533701324872448
0.916026248027292
-0.974600217934813
-0.109326876354877
0.945378319040748
-1.6190607200165
-0.669524504970452
0.963774003687134
-1.86955771513954
-0.935609375849432
~
-0.908922235982986
-0.190590043613613
-1.61784381858793
-0.827361111898416
-0.409592335686279
-1.32613571089276
-0.643034844266891
-1.00206104709976
-0.735457802724048
0.914090215963004
-0.975959270895793
-0.112238914267059
1.01740022495218
-1.65325114453185
-0.617982905510154
1.00785904747487
-1.90257688538667
-0.885890606100133
~
-0.638081836972251
-1.61764431870164
-1.28371852323214
-0.647492766965968
-1.4081773550812
-1.10792710704252
-0.675725486922193
-0.7797765342448
-0.529290410662008
0.912179987252969
-0.974299898416017
-0.110513899456257
0.971855019678938
-1.61605881431218
-0.670099894389005
0.958950265994383
-1.78298045314132
-0.866499086295625
~
-0.637556376200953
-1.61790363343034
-1.27830257751797
-0.647529201479689
-1.40789492116683
-1.10235472874056
-0.677447677315896
-0.777868854536304
-0.523146473597806
0.917609831308362
-0.980559456197021
-0.108573746933026
0.939421247164667
-1.61684393655245
-0.680623715988865
0.960657982331966
-1.77926675845371
-0.873647390039515
~
-0.896373036194479
-0.233309806527692
-1.49926914114053
-0.643202881550999
-1.4050100422105
-1.09512663955728
-0.675117319241319
-0.775968977000587
-0.519744760371193
0.914580593968909
-0.97800073344577
-0.106510031123292
0.936631720568717
-1.61250033674308
-0.675785595038808
0.9582018549599
-1.7749750451015
-0.868387709287872
~
-0.889165857133812
-0.244938985553938
-1.42879042738217
-0.841562202378014
-0.348202607391801
-1.24677763355472
-0.674575020943319
-0.773562738145923
-0.518861333316041
0.91157323232997
-0.975045891028556
-0.105558413886247
0.939515501457729
-1.60785903373464
-0.672111739556329
0.95462457476744
-1.77074715554357
-0.864937389809821
~
-0.622953005239449
-1.58626130398277
-1.28668732300337
-0.635682077895268
-1.38273949238798
-1.10678806934362
-0.673869365450539
-0.772174127191443
-0.516136440321157
0.911223172040912
-0.975606170505243
-0.104163773039565
0.936528572099246
-1.60679736398385
-0.671333968215239
0.953056165209198
-1.76882103897477
-0.862073611651575
~
-0.623281506607048
-1.58854081530105
-1.28112919975071
-0.635763732912133
-1.3843386678678
-1.10251351392198
-0.673210342329177
-0.771732086571632
-0.515775695966097
0.910985199363363
-0.973874724000565
-0.10270612514733
0.942497981970716
-1.61011278220727
-0.661562372556852
0.955940743059146
-1.85590001856546
-0.928128045240538
~
-0.623189674029266
-1.58923957549536
-1.27528693363844
-0.636083114484411
-1.38452673801516
-1.09760805061252
-0.674763505293745
-0.770388433906256
-0.513716800735571
0.909902110880796
-0.97447537352188
-0.101811145242635
0.950423112241621
-1.60735804437928
-0.66316340538052
0.950040615244164
-1.76541735919356
-0.857272992761267
~
-0.621650453162518
-1.59059751713302
-1.27033170085843
-0.634952776013237
-1.38536568258861
-1.0937155904199
-0.674859813936845
-0.769670248326843
-0.513064324641496
0.908784305527812
-0.973758008878635
-0.100916316688946
0.939007643671089
-1.60732866276042
-0.660725623314937
0.953403884954354
-1.8534409554482
-0.926099177241245
~
-0.622451770967608
-1.59428113725408
-1.26780757364198
-0.635523555845021
-1.38817365920189
-1.09193249838545
-0.674738910477257
-0.769851294460512
-0.513473409768961
0.910374990595093
-0.974362778195258
-0.099649409289207
0.942762735403487
-1.61002131189998
-0.657571038670431
0.954600665070712
-1.85716386409693
-0.922469999461808
~
-0.624043588367896
-1.59685332865418
-1.2666463726084
-0.637045471620416
-1.39017434681508
-1.09077214142555
-0.676051051852906
-0.770137192722561
-0.512234014659098
0.909095434846201
-0.976957379977875
-0.107263833469086
0.943802349554815
-1.61832127962318
-0.65997701220933
0.957171255649376
-1.86623947360352
-0.924914804160095
~
-0.626328171681621
-1.59633337051322
-1.26592519850731
-0.638841432725257
-1.38972350840414
-1.09007051489299
-0.676381146353877
-0.769894061081462
-0.51160688203403
0.908789040674118
-0.976910998078667
-0.106130546485077
0.95981928698747
-1.61523646320947
-0.660873327198418
0.951180013853873
-1.76821016030019
-0.852929827667813
~
-0.626148671687367
-1.59820423261374
-1.26183817462048
-0.638734163928625
-1.3912097821255
-1.08681745593689
-0.676490571212517
-0.770226500100651
-0.510901697882405
0.90735046699209
-0.975090604498454
-0.10781152501266
0.947550324787094
-1.62171879818947
-0.651607449754153
0.956339677647271
-1.86693129228642
-0.918713782618569
~
-0.629679162991841
-1.60320478340937
-1.25924235558765
-0.641801179760847
-1.39528407725711
-1.08488543515937
-0.678167160562083
-0.77152216731768
-0.510914478165675
0.906441835439709
-0.975397428483289
-0.109228891295601
0.94229270889603
-1.62282904569018
-0.653638761496493
0.954788736273994
-1.86852308570262
-0.920704439130609
~
-0.63267707976653
-1.61161146597653
-1.25940418567315
-0.644716965257268
-1.40189697963635
-1.08521685481405
-0.680836551900255
-0.772753520615806
-0.511516405449848
0.913865027003977
-0.98089887439599
-0.105047737301357
0.936465046836019
-1.61677477867964
-0.671305787651518
0.974014456731132
-1.77661471724166
-0.851837243442345
~
-0.634132591379094
-1.61693964120137
-1.26100139115511
-0.645682647303261
-1.4065347141138
-1.08651581413284
-0.680332815075764
-0.775319932851065
-0.511788290937383
0.917285067652678
-0.982864106668695
-0.102519181569128
0.9375842834135
-1.61755179465541
-0.673788849846704
0.974930754723158
-1.78039427458924
-0.85281713196112
~
-0.584638130034122
-1.93832159246594
-1.34816905566295
-0.607191415531344
-1.70640657392607
-1.2045224002569
-0.674851342059702
-1.01066137823306
-0.722286720598962
0.917935497026431
-0.981855076827675
-0.100982263851111
0.949646570219985
-1.62141228605574
-0.666388475927569
0.973454773159048
-1.78242355865458
-0.854823595674373
~
-0.725558925270963
-1.69905774891745
-1.14978679417448
-0.715867155368126
-1.46741459429314
-1.00391951068508
-0.686791915744585
-0.772485270590149
-0.514983785140091
0.919839327832832
-0.98476570064432
-0.100116657313693
0.956692246794609
-1.62754739270554
-0.662078116251505
0.977141498625668
-1.87961302670308
-0.926919679259416
~
-0.727714422513672
-1.69879235485265
-1.14767058546877
-0.716230325633203
-1.46743126244691
-1.00198335680915
-0.68177810500909
-0.773347915212392
-0.513634281467199
0.919652451363547
-0.983895176042535
-0.0993083318260518
0.94825731753401
-1.6198591962418
-0.668951689039742
0.970469674582975
-1.78418838996764
-0.856110162210952
~
-0.646502432153429
-1.61174465166333
-1.26487243923396
-0.654848979888302
-1.40191808407292
-1.08937149297483
-0.679888553069785
-0.772438241255414
-0.511573346009457
0.92055197928945
-0.985985908312918
-0.0987460661202545
0.955905400210096
-1.62543445483253
-0.663785157439374
0.974393958908529
-1.87736775466637
-0.928444041860492
~
-0.642838630792545
-1.62396575174285
-1.25757609363413
-0.648400032974528
-1.41204527481029
-1.0845565903046
-0.665084239520477
-0.776283634000443
-0.514213669318291
0.921068629154373
-0.985438600722047
-0.0982422913517889
0.939391000602148
-1.61619460154621
-0.674601920896796
0.967585343950925
-1.78528771741308
-0.857264902890304
~
-0.644956997080099
-1.62931903762564
-1.25952941165279
-0.6503595491825
-1.41687845867294
-1.08596491479938
-0.6665672054897
-0.779556721814838
-0.513846944826043
0.923045870025773
-0.985800313514233
-0.10048572833845
0.939892064640784
-1.61795674785556
-0.67884294126052
0.961516100910848
-1.79020851046331
-0.870596198653251
~
-0.64244011843615
-1.62959705447385
-1.26330557222933
-0.648923059939647
-1.41754302634752
-1.08903696884957
-0.668371814216226
-0.781380941968502
-0.514771331224445
0.923221192698019
-0.98454082806313
-0.0994742600483828
0.963123327168147
-1.63052161372798
-0.660367922171273
0.968738528654574
-1.87836319266115
-0.930898848208832
~
-0.581847897466393
-1.9866458630646
-1.39494603093799
-0.602978974616394
-1.68561890176548
-1.18785168098365
-0.666372135909634
-0.782538017868102
-0.515161963510332
0.922304293385822
-0.981906354133289
-0.0985935461502584
0.977159025657153
-1.62749149674435
-0.65711379324894
0.96159306369333
-1.7926448700665
-0.870102995182543
~
-0.641325668809889
-1.6326466770149
-1.25910973785884
-0.647847143550199
-1.42016729550966
-1.08577421975661
-0.66741156777113
-0.782729291320649
-0.514353351268661
0.92260230430267
-0.981958320423909
-0.0979528354627433
0.980008429945
-1.62638122841129
-0.657835758754012
0.961356410185999
-1.79248725320774
-0.86943220441268
~
-0.517806877748519
-1.67385551632964
-1.21606233609558
-0.555400954276125
-1.45100463818388
-1.0534306051641
-0.668183148803382
-0.782451933635462
-0.514156577030006
0.922307585469781
-0.980704253120508
-0.0975899198056428
0.994880032636984
-1.63324126282825
-0.644016404567567
0.975477339411415
-1.87396725298676
-0.919470678979309
~
-0.635632394538
-1.63400313406484
-1.25257919225092
-0.644899786338813
-1.4199268892207
-1.08082351214421
-0.672701961741251
-0.777698154688289
-0.514077393020495
0.923464805137381
-0.98785655717659
-0.0998896318254486
0.986267027859831
-1.63455735685619
-0.657890972274791
0.960196991850536
-1.79802133015219
-0.872502895573534
~
-0.623983785151715
-1.62509788686408
-1.25981913023418
-0.635837729885638
-1.41416779784177
-1.08493618285925
-0.671399634228676
-0.781377530774861
-0.508880523548323
0.921540867436813
-0.985084471835323
-0.0999653376890497
0.968887978069391
-1.63187241126442
-0.657700658463851
1.01145425975383
-1.89100568511695
-0.913367831328988
~
-0.620844314551931
-1.62231703702398
-1.26135738649341
-0.633921143136997
-1.41157730976849
-1.08634992308911
-0.673151558755218
-0.779358268275979
-0.509919935651743
0.921958094144545
-0.985014257169726
-0.100478230440635
0.949196840455503
-1.62363687462026
-0.669869832158908
0.987920656703019
-1.80045850102091
-0.858476574475339
~
-0.622837385414307
-1.62525402057807
-1.26126664667834
-0.635742340754288
-1.4139306817431
-1.08650693842815
-0.674457276981975
-0.779960595030448
-0.510764976829693
0.922094657877464
-0.9857045947839
-0.102192424034076
0.958214926568933
-1.63086502335142
-0.664290774634665
0.984899906550284
-1.88468019412472
-0.927843899695613
~
-0.623772261957398
-1.62521007852347
-1.26792689674294
-0.6369801910874
-1.41457960956673
-1.09186690799252
-0.676603908191058
-0.782688413555571
-0.512163113560994
0.923392028492534
-0.9838028843164
-0.101778566084173
0.972277447789669
-1.62841597937
-0.665078089482316
0.976003889320003
-1.79653867155817
-0.86729753189991
~
----
@thumbdown
-0.857729313740642
0.634965169343283
-1.68212401247539
-0.88886428366972
0.604623631865579
-1.61587820581551
-1.01296372660555
0.276854391368221
-0.788314706553506
0.765178603359897
-1.03350635803358
-0.0602190963377317
0.886694049403517
-1.67496444641839
-0.545965406705081
0.871909050265774
-1.90112843644881
-0.805542847221416
~
-0.807706757502976
0.594106911258367
-1.61878837249757
-0.836881873422166
0.565715250005703
-1.55599722476215
-0.955421364762213
0.267449983591123
-0.800495527571329
0.738668566531408
-0.994576346079705
-0.0740533556568845
0.853129736196175
-1.60525269978669
-0.536984022599909
0.838345372766775
-1.82019842887522
-0.784406515599236
~
-0.838285071074116
0.619263782356896
-1.65395011878569
-0.867509719744497
0.590317005613583
-1.59095848388821
-0.988218048194116
0.281634884443423
-0.809024617000025
0.756469820632475
-1.01593704863326
-0.065167516666514
0.873922218495851
-1.64507648180222
-0.542289820056582
0.857545467261171
-1.86616977161332
-0.79742405433274
~
-0.854520271982764
0.641926859551095
-1.67388061883315
-0.884354440831989
0.611277846659537
-1.60864059082379
-1.00677338823716
0.29566942591202
-0.808830811889229
0.771587802125783
-1.02478371216265
-0.0537293788703054
0.89036618716171
-1.66604575655976
-0.540818722173101
0.873528825311073
-1.89122159358156
-0.80115669400676
~
-0.807009770338341
0.612629449130094
-1.62636058928388
-0.837088403354012
0.580966509102266
-1.56074094727974
-0.954263512872104
0.27427956428994
-0.783625004945126
0.76466039046687
-0.997422918462236
-0.0593045943811558
0.877977890554869
-1.6168171683594
-0.530683510060596
0.861441235973931
-1.83412580944697
-0.782438479646887
~
-0.832906258605876
0.628921017552604
-1.65549820738721
-0.862479298493215
0.598750621304744
-1.59090051956499
-0.982779264421259
0.283182644955116
-0.795127986350996
0.770444948531342
-1.01262537627871
-0.0564076006159434
0.885067624008824
-1.64411971029393
-0.537603044281056
0.867907636292983
-1.86544784694811
-0.794551300210566
~
-0.851686954290765
0.635079699854454
-1.67341246992663
-0.880710657065219
0.605053279712759
-1.60919482025066
-1.00136095692531
0.285909222745196
-0.802406022286714
0.775662501110841
-1.02613937118453
-0.0548821846633348
0.890547003198595
-1.66604767482064
-0.542872137749876
0.873297761393867
-1.89019843168548
-0.803359830628159
~
-0.857865844699199
0.637171660981116
-1.67571868223909
-0.88634865468737
0.606922149899288
-1.61191626729888
-1.006425404851
0.29224626181259
-0.814899137765561
0.777665603873202
-1.0284492576225
-0.0544586628909276
0.893757398009187
-1.67102928635386
-0.54397847291694
0.876323438585999
-1.89607028221649
-0.805463858107168
~
-0.827905995229838
0.622296658046191
-1.64719731335264
-0.857269727947898
0.592193550530183
-1.582352662814
-0.974811625030649
0.283482539218341
-0.798742521328498
0.773680456863347
-1.00907086089002
-0.0561988353808166
0.886611783916765
-1.63874186689346
-0.536053759685862
0.869463563603999
-1.85906149433678
-0.792419779728402
~
-0.846897189838247
0.632822405734466
-1.67508747966494
-0.878937042607018
0.600773736528807
-1.60578449583179
-0.997478510569707
0.284624254412063
-0.802627096866226
0.777270300640954
-1.02452271843211
-0.0560296407163743
0.891101554299443
-1.66406810294676
-0.543041192700556
0.873892527438457
-1.88746661293693
-0.803561902353502
~
-0.862867081622245
0.641009225143212
-1.69842092140308
-0.896538196771875
0.607455758870178
-1.62635086648395
-1.01529281945537
0.286177196261163
-0.809619230078372
0.781653852079535
-1.03845752544965
-0.0562375631983887
0.897087636028094
-1.68669490111794
-0.549534735499853
0.876331827193204
-1.91383197615838
-0.812636695399583
~
-0.826527467797347
0.623802644367713
-1.6634988933055
-0.8527262527722
0.596164239902114
-1.60278989674458
-0.976025098903627
0.276454062495489
-0.793756658198219
0.776588979480132
-1.01549039796221
-0.0600254521386664
0.88874985044349
-1.64834064712344
-0.540775488466391
0.868827991190025
-1.8696159718078
-0.797739273701425
~
-0.85740566140708
0.638981376802887
-1.7000139679891
-0.8836863021051
0.609749414980929
-1.63822272524298
-1.00980003235421
0.283337543382208
-0.809072809196294
0.78307205295049
-1.03904386720174
-0.0590424025593086
0.898602775113819
-1.687163973569
-0.550398984209972
0.878262862522287
-1.91324189661326
-0.813749113430393
~
-0.868639608963221
0.644263861052866
-1.712061259341
-0.897541131010721
0.612958431119328
-1.64564880057885
-1.02164550226768
0.284749464679194
-0.810203255504887
0.781892279273721
-1.04557845127528
-0.0602352040736082
0.898331184190125
-1.69779587107559
-0.55512714313019
0.878130234214031
-1.92519914256268
-0.82037963914023
~
-0.870652604178343
0.644617816051658
-1.71540601572602
-0.901753103665625
0.610961914351416
-1.64420388248765
-1.02353703871219
0.284833805650923
-0.81099650806136
0.780670512140566
-1.04664146015228
-0.0610615673341103
0.897133588565132
-1.69933854984632
-0.556562979201855
0.877079215997352
-1.92676572401896
-0.822200829741118
~
-0.865594189101517
0.643699891411785
-1.71241442220611
-0.89787019145317
0.609135498486684
-1.63935721358031
-1.02036409024485
0.29303707286751
-0.82785474709345
0.78013901683355
-1.04275139116654
-0.0618583399652633
0.896751455439953
-1.69360202795445
-0.556063988406832
0.877216932920171
-1.92054993968449
-0.82089717259594
~
-0.867007861436306
0.64480259780085
-1.71928800127277
-0.900685386621985
0.609090175008646
-1.64397766169988
-1.02310764282842
0.29207121238579
-0.829034963318802
0.782659446188504
-1.04705156886113
-0.0622570341967989
0.899157015359878
-1.70022947158919
-0.557621140721059
0.879883644329165
-1.92778188469352
-0.82335316999521
~
-0.864499611775947
0.639985583402199
-1.71777460358907
-0.898842803517053
0.604214015761447
-1.64110690988968
-1.01987585132245
0.28710473914547
-0.825895542036732
0.77728341520312
-1.04442718091484
-0.0647115048847054
0.893394659497899
-1.6949816428773
-0.558110390879029
0.874672286067558
-1.92144022325235
-0.822961645772228
~
-0.859772709212946
0.638435970989718
-1.71198647409651
-0.894905832618821
0.6023438521988
-1.63402297143329
-1.01446948746402
0.2864123639615
-0.822025977271224
0.774796852316262
-1.03821383945331
-0.065064988110418
0.889978933924231
-1.68594999332431
-0.556414074460276
0.871422559591437
-1.91121327020432
-0.820286367097467
~
-0.865134541383366
0.645097484922672
-1.71597978241552
-0.900462305799079
0.608621576010071
-1.63735355441236
-1.02057572982794
0.291017582060636
-0.820037081015963
0.773741057429218
-1.0372024239442
-0.0623853891941536
0.890099722400202
-1.68651463207603
-0.555947151790439
0.871625835034723
-1.91225040472307
-0.820913231530659
~
-0.861396108288083
0.635356066951555
-1.70820713395098
-0.89744276705979
0.598671479270478
-1.62822953692726
-1.01530935465826
0.283942367922645
-0.818807482921815
0.761739334847476
-1.0335531429137
-0.0674476216179422
0.878763628477478
-1.67736890502552
-0.556569629716499
0.85821527143821
-1.90193100663545
-0.818539940848333
~
-0.856446452680281
0.624253693054229
-1.69449549680411
-0.892670484693912
0.587772118044537
-1.61440488767935
-1.00809596672849
0.277011174701643
-0.814378999223773
0.744850382324541
-1.02363943293418
-0.0732032707008243
0.859384090273763
-1.65964138774273
-0.555664752923009
0.840915717655314
-1.88404733751828
-0.811962233269108
~
-0.82290246113231
0.607763327313736
-1.66763212534403
-0.859057229952405
0.571984140444521
-1.58803904476508
-0.971917744968978
0.26714639058686
-0.803604692102305
0.746585903068118
-1.00942432972908
-0.0739606349177611
0.861076464289143
-1.63282798513208
-0.548462091821996
0.843093456717573
-1.85293685041594
-0.800242168252252
~
-0.8407759420036
0.623006492787229
-1.693993698831
-0.878141462158208
0.586800026820883
-1.61235786366517
-0.992713554825197
0.275493918923711
-0.81041602749566
0.758065849523711
-1.02465310784894
-0.0681109954499197
0.874851951935397
-1.66005388309271
-0.552008545563299
0.856365971641388
-1.88444865831533
-0.808662511887235
~
-0.853132459269348
0.636605662159569
-1.71848661638969
-0.891393230812184
0.599917057208051
-1.63521976629183
-1.0078637704228
0.283161555409611
-0.818982868894965
0.767882625848818
-1.0162845186405
-0.046856818586497
0.888210033887209
-1.66351095984747
-0.538400369742337
0.869833311657237
-1.89174083435475
-0.799847654295236
~
-0.854275671701803
0.639344297648929
-1.72307935881862
-0.892817346958366
0.602585054485766
-1.63924310360856
-1.00981361819165
0.29500408088689
-0.841654182387848
0.769654712241988
-1.02406264092294
-0.0483314769010135
0.892193270312718
-1.67127219954507
-0.543319364470622
0.874145740458589
-1.90018997834622
-0.805453462442709
~
-0.856120276911771
0.64372676835684
-1.72514393961008
-0.894147721645685
0.607305196277634
-1.64218339268544
-1.01145706553327
0.297048560790424
-0.838498441396149
0.770414652817696
-1.0274538179484
-0.049097197301622
0.892579139594803
-1.67546951178567
-0.546500025328812
0.876682965266915
-1.90521913127529
-0.809140492985114
~
-0.859578931624574
0.653112316067444
-1.73059581943851
-0.895224648591651
0.61656845716493
-1.65065839363841
-1.01621656802394
0.30359236306824
-0.837037723104836
0.773912211803123
-1.03202143330435
-0.0500503855753651
0.899749015452101
-1.68383708009182
-0.548928464748565
0.884458220522801
-1.91495247596508
-0.812926794043374
~
-0.863989056043625
0.652564618382615
-1.73613746189823
-0.900697052925637
0.614862036448911
-1.65306582021771
-1.02106026867091
0.301828623806273
-0.839654116986083
0.772515036746526
-1.03900238083174
-0.0517953601215211
0.900122181820914
-1.69200736373372
-0.552262297481585
0.884979747576304
-1.92353342794553
-0.817104700044307
~
-0.864586580311755
0.650433569154645
-1.74083743812819
-0.902383117662807
0.610783659183645
-1.65328044715031
-1.02292924208904
0.30459270695035
-0.851358123518215
0.773203042671951
-1.04400525824212
-0.0530485023618962
0.901238446175096
-1.69840734246222
-0.55396988838437
0.886502127578329
-1.93010288700107
-0.819499599088175
~
-0.86677627322888
0.650458109449791
-1.74446927956665
-0.905231568377936
0.610423123940726
-1.65531016327725
-1.02551348327393
0.301723516068384
-0.848815320476276
0.772422754978229
-1.04777292354969
-0.0531936992067076
0.902209833231814
-1.7025990713243
-0.555492162307082
0.873289905585959
-1.93970649039032
-0.815728913793344
~
-0.868559319774686
0.651322251981972
-1.74772448617697
-0.907086354200034
0.609714809433243
-1.65567246421207
-1.02769068140141
0.299435197629619
-0.847192128654605
0.773427364644431
-1.05195779951079
-0.0534623609313757
0.902694926224893
-1.70744994839021
-0.55775162249822
0.876208620546753
-1.9447176725047
-0.818990478142993
~
-0.873143167074622
0.64310164703296
-1.73728475557905
-0.907415443545606
0.60831880482131
-1.65592362557221
-1.02733646268019
0.304915927405794
-0.863833821212432
0.772388237768202
-1.0533817361049
-0.0545810852775064
0.90128543267374
-1.70861821596968
-0.55889387094918
0.877051772679975
-1.94493520037796
-0.821046960556147
~
----
@thumbshorizantalLeft
-0.84251353752646
0.291240504303548
-1.53621858569188
-0.90598016346965
0.177653167892866
-1.3799149850264
-1.05594005758602
-0.118993889927029
-0.673742718396995
0.670036122690693
-0.847102945709713
-0.0523241236564598
0.4182276187109
-1.33258738235809
-0.817067883592709
0.334291469344259
-1.4944154906543
-1.05862762795293
~
-0.841029186726115
0.289019109826447
-1.53306391733786
-0.904785009216226
0.175100668183268
-1.37551239568088
-1.05243908721276
-0.12124403518196
-0.665227321543034
0.668314054071585
-0.842748174221345
-0.0538429942888552
0.417336842602367
-1.32948366313052
-0.815112882590793
0.333677772112627
-1.49172880751989
-1.05554828340053
~
-0.847718457867956
0.296627610856053
-1.54372777172875
-0.900106692517342
0.22110151911901
-1.46857202954775
-1.00974910264713
-0.0574915349139032
-0.818536524296698
0.679146987593789
-0.84968398918828
-0.0493493327808542
0.426137062464849
-1.34790167686779
-0.819155771371162
0.341800439602509
-1.51397422058032
-1.06224756576362
~
-0.847475085751795
0.296516589498856
-1.5430712836003
-0.899620382427761
0.222417473871698
-1.47105690044387
-1.00763754915653
-0.0556344999960631
-0.820879198639543
0.677312750199249
-0.844434753767109
-0.0522590571352728
0.425513721999505
-1.34662852121811
-0.819158493987305
0.34158071259959
-1.51402650021468
-1.0612882222234
~
-0.847239017622152
0.296364293970088
-1.54301395969383
-0.899192966922539
0.222471768677776
-1.47122849256121
-1.00656448097696
-0.0555280459974927
-0.821068174410976
0.677915699607953
-0.847011881533923
-0.0520562723499866
0.424913512595213
-1.34708875079216
-0.819764134662353
0.340579431424014
-1.51378107821214
-1.06216636564736
~
-0.846084772399169
0.295407865931768
-1.54191191473106
-0.897686360361855
0.222061700053278
-1.47131728121323
-1.00494177354013
-0.0549426927027171
-0.821567357133038
0.676847415922609
-0.845985593968594
-0.0529889801771132
0.424657064558727
-1.34632613697402
-0.819465189569967
0.340593614104099
-1.51310633678819
-1.06147271530376
~
-0.845733792718566
0.293735824920923
-1.54235826777835
-0.897647695553242
0.220694128943159
-1.47281856918374
-1.00401240609626
-0.0558031153227028
-0.822860629109098
0.677033398981924
-0.84743273341275
-0.0539941738588077
0.424645951541858
-1.34775740897
-0.82014418526235
0.34051682120294
-1.51453230082242
-1.06204626327286
~
-0.846498011416269
0.293962438647805
-1.54309037858286
-0.898156409155207
0.221629713760909
-1.47471679320138
-1.00438394396935
-0.0549684934481912
-0.824402847312712
0.678012949313441
-0.850649254570437
-0.0547221704771971
0.424161130790024
-1.34943303693263
-0.821992698241635
0.339543876765239
-1.51569426008733
-1.064262580854
~
-0.84586754567074
0.294695664312474
-1.54363488276414
-0.896239889291275
0.222459268873356
-1.47433487155195
-1.00458007415933
-0.0548905830372201
-0.824737893315596
0.678498047661059
-0.844408043204757
-0.0556114295258957
0.425507769502079
-1.34807841851615
-0.81980164964012
0.341177639150579
-1.5159685059881
-1.06104537483171
~
-0.846225687375854
0.294955957618391
-1.54278397905451
-0.897505979286793
0.221260590719417
-1.47117418007756
-1.00404965524886
-0.056100575086533
-0.820705419987683
0.680569549547334
-0.845642813764275
-0.0554935102300261
0.42634553327794
-1.34925435546115
-0.820141458335705
0.341604194521475
-1.5171249070178
-1.06152834269118
~
-0.847188365167619
0.295889352226862
-1.54626744188484
-0.898173345100182
0.2231207832926
-1.47659268334273
-1.00469019317808
-0.0547868001786412
-0.823925833492103
0.684119559531525
-0.848265120927341
-0.0547430609466003
0.428907001906636
-1.3534746579371
-0.821631368880711
0.343836168251354
-1.52187779916765
-1.06372412845097
~
-0.84704573063425
0.296825725076446
-1.54706706559811
-0.898753538997932
0.224954895445164
-1.48001179238747
-1.00336736457147
-0.0533667301703117
-0.827163790112555
0.684146073483713
-0.850857769838079
-0.0553207930459637
0.428095636703025
-1.35474099430606
-0.822898354734493
0.342745509996441
-1.52270203135476
-1.06522041295845
~
-0.846983899506707
0.296382597229653
-1.54611467139646
-0.899036827244738
0.225253771898709
-1.48104682706419
-1.00252612557381
-0.0533086710203056
-0.828576245553794
0.683596397122865
-0.850535473000287
-0.0558620707952006
0.427353140302048
-1.3542400678298
-0.822800722359853
0.341938740237514
-1.5221415805639
-1.06491831971004
~
-0.846919917448571
0.297024391445356
-1.54716181130145
-0.899063980802206
0.226067606310004
-1.48392134349164
-1.00152861074838
-0.0530322972219435
-0.831019070454832
0.684397099751156
-0.847395535028805
-0.0562676410302394
0.427858892514483
-1.35361629975639
-0.822116788958072
0.342346175656261
-1.52235655466559
-1.06386320886104
~
-0.846294829526275
0.297930867314726
-1.54592354005575
-0.896107147568907
0.228213121226757
-1.48289519849558
-1.00095625984292
-0.0521839510124632
-0.831830250554107
0.683189918247814
-0.845492298389059
-0.0564508096387601
0.426541933307174
-1.35154159496129
-0.821108592779414
0.340992586126504
-1.52022465608445
-1.0624726797772
~
-0.845241636406002
0.297607711532316
-1.53605084303057
-0.895619769130173
0.226628860409996
-1.47133283566963
-0.999036856599521
-0.0515587323845153
-0.823620192488999
0.676856998067295
-0.841892076350452
-0.0581016295176551
0.419872540593986
-1.34281495009036
-0.819227281351028
0.33421105476955
-1.509789241337
-1.05949268953597
~
-0.845019415223557
0.298320390795416
-1.53354057748657
-0.895724488513291
0.227308473904596
-1.46889961736535
-0.9988101751785
-0.0503250948919475
-0.822190020040579
0.674392244224999
-0.84025044524422
-0.0586781160407315
0.417421192089193
-1.33950959371334
-0.818975230237849
0.331764212163289
-1.50592934732242
-1.05898740100693
~
-0.846021052672177
0.297884583146774
-1.53432759864479
-0.897362983293103
0.226873960442327
-1.47059941495526
-0.99979683654736
-0.051257081241782
-0.822890377230724
0.675286440519615
-0.838673275055619
-0.058390254370225
0.418978184127742
-1.34107917808855
-0.818428038442227
0.333542117416259
-1.50854784993781
-1.05833534329142
~
-0.847389271698635
0.297942989382689
-1.53878572677769
-0.899704250318587
0.224989029978078
-1.47171678181322
-1.00157612491773
-0.0534188689931944
-0.821123442653017
0.67986634048504
-0.843110360534645
-0.0579505081756889
0.422159267701265
-1.34676836729357
-0.821042586626207
0.336256910106674
-1.51465438836778
-1.06191901442717
~
-0.847876350508641
0.297955272715146
-1.5401075294485
-0.900000693594106
0.225883542631564
-1.47500479086417
-1.0019986050567
-0.05285553718783
-0.823786143146755
0.680858444960449
-0.843113492170478
-0.0580350923565692
0.423008161565447
-1.34796362136958
-0.821456636821797
0.337058048260624
-1.51624694124982
-1.06242986844878
~
-0.850401984126731
0.299737386944871
-1.54413074393232
-0.902959828878778
0.227232113475153
-1.47910929278848
-1.00459773160915
-0.0524930580562633
-0.824950296783761
0.684331862465015
-0.847948877649178
-0.0568888888059246
0.425512946875151
-1.35368600024905
-0.824401814785927
0.339239975011863
-1.5222649843605
-1.06668238629418
~
-0.85037599986704
0.300471248696227
-1.54482084912817
-0.898412537531607
0.229434630135283
-1.48010888224864
-1.00422548331191
-0.0517585947140953
-0.826801883824992
0.685672366672871
-0.849421825365064
-0.0569128920622224
0.425947239537594
-1.35477958850878
-0.825164468839463
0.339372216089697
-1.52323217622335
-1.06768316543782
~
-0.850109665001946
0.299684683824571
-1.54375054494009
-0.898987082313667
0.228417697255632
-1.48022529396548
-1.00306237634576
-0.0525783002679788
-0.827054590818307
0.685190180477203
-0.849399575488661
-0.058596328953522
0.425796805582194
-1.35483031322416
-0.82612247245894
0.339332328366048
-1.52330718796704
-1.06840831996877
~
-0.848492768912311
0.297372282726732
-1.53995226785927
-0.897533663519828
0.226370414115687
-1.47762847770664
-1.00054967028696
-0.0532711073782431
-0.826108077958346
0.681715140658397
-0.843046811186197
-0.0601025152862641
0.424388707862328
-1.3502728900913
-0.823394116858252
0.338613211404113
-1.51934823086681
-1.06431066940941
~
-0.848031456199819
0.296762101125467
-1.53906066579536
-0.897690825934223
0.226248515880732
-1.47906557352941
-0.999152408891857
-0.0529797702911163
-0.827235675190266
0.681747174814227
-0.843079598998216
-0.0600903523814408
0.424569469947065
-1.35015971539855
-0.823326163846857
0.338843568324678
-1.51918645857717
-1.06422700357535
~
-0.848069941634543
0.296318043553344
-1.53936929694332
-0.897678908895518
0.225937014348885
-1.48031395873007
-0.998543494360509
-0.0535745151431561
-0.828192649825979
0.680553908164031
-0.840430780588457
-0.0606991596646713
0.42532386083991
-1.35067419276846
-0.822889050733878
0.340247159535259
-1.52075527357196
-1.06343613037518
~
-0.84832188693224
0.296024700136851
-1.54016188661232
-0.899062655843732
0.225621867699478
-1.48282906143872
-0.998749541600238
-0.0533002852627574
-0.829697119502873
0.681336143275969
-0.843397784648723
-0.0608467009160307
0.425747438374171
-1.35284283309874
-0.824309312604823
0.340551184530932
-1.52265784924874
-1.06527198823468
~
-0.847899707259805
0.294566890610487
-1.53879904380553
-0.899272168190653
0.223444961615242
-1.48071205040316
-0.998891139098356
-0.0546324822748085
-0.828373779886311
0.67833305329042
-0.840959120828356
-0.0617152111977195
0.424605802929301
-1.35137542968792
-0.823337880532667
0.340030071656421
-1.52151423700276
-1.0637076487292
~
-0.848065223630669
0.295416563448402
-1.53700735573974
-0.899765707887339
0.224462705217791
-1.48001891785505
-0.999184923585444
-0.0535386687531146
-0.827696442697521
0.677074327572362
-0.841078635876114
-0.0614495569002141
0.423825995032725
-1.35111941091693
-0.82337982893119
0.33940988418618
-1.5211330025972
-1.06385465502013
~
-0.847328521716015
0.294001424527151
-1.5334075712253
-0.899157183255268
0.223242918097895
-1.47731576597995
-0.997094647985709
-0.0536911890874433
-0.8260947172968
0.674575200367256
-0.839404410521891
-0.0619450613371013
0.422335183602613
-1.34830072723893
-0.822256472196668
0.338255178014399
-1.51793279520796
-1.06222259922871
~
-0.846999207328366
0.292679293923224
-1.53153686187896
-0.898818188947685
0.221704925777773
-1.47417907921114
-0.99667867965709
-0.0549574548325553
-0.8236724084454
0.674357662311818
-0.842411589329132
-0.0633480086227471
0.421179846180066
-1.34858680939214
-0.823954126434927
0.336787222021616
-1.51731188274648
-1.0640332956128
~
-0.847494777950612
0.29150700159422
-1.53021356596424
-0.898430185680931
0.220738891521621
-1.47404795401576
-0.996089520848603
-0.0551920983992232
-0.823447948108838
0.67306217286179
-0.841650733529277
-0.0640313073983538
0.421197087102634
-1.34874601145744
-0.824040471782918
0.337242058516248
-1.51777780831585
-1.06392559623474
~
-0.849854477270603
0.290595404308863
-1.54104447350568
-0.900695176441974
0.221016798741715
-1.48814043740564
-0.999483268159351
-0.0571827568313068
-0.832033374418611
0.682766701262467
-0.853374883979205
-0.062511281822576
0.429406466431962
-1.36411172082148
-0.829661837683321
0.344953073755311
-1.53435729523521
-1.07181350556977
~
----
@thumbshorizantalRight
-0.335770926240507
-0.00295805354389339
-1.73657052649991
-0.334591783555439
-0.10405437940401
-1.69155344732043
-0.409878206279176
-0.00459041176881707
-0.972526339053993
0.856909775584878
-0.826186422778282
-0.0535093091313884
0.943734320426265
-1.43174124820178
-0.412945292980509
0.908417359508946
-1.58828975137549
-0.567532114603886
~
-0.335517764819359
-0.00274746897168269
-1.73912224215849
-0.33469759337166
-0.102847877292078
-1.69462153957986
-0.409822178215375
-0.00434962484734634
-0.973560454939447
0.860513829710974
-0.826540145801745
-0.0508879637161979
0.946028552794518
-1.43193299856582
-0.414835222780173
0.914303118023232
-1.6406466890188
-0.631101498554709
~
-0.335798538959019
-0.00259610122521379
-1.7356404625536
-0.334775459959628
-0.102626312214448
-1.69155591666177
-0.409901002568644
-0.00415580963460681
-0.972175033043274
0.856785863237687
-0.823324151492702
-0.052103018024861
0.943002633859286
-1.42819588604219
-0.413392233548544
0.906565046331687
-1.59460292809969
-0.557051853162716
~
-0.335670824925536
-0.00284803471149608
-1.73625861578981
-0.324932203975326
-0.220971216247532
-1.66335662252587
-0.409822740052556
-0.00421405244345828
-0.972669382904552
0.857976899153339
-0.824708053714396
-0.0517461925609236
0.942205829773496
-1.4289708975796
-0.415784818670952
0.901998425732025
-1.60113374937952
-0.551689744682808
~
-0.336038220880724
-0.00293258412233616
-1.73709966602534
-0.335175768161406
-0.108617568415251
-1.69249350713066
-0.410018322793418
-0.00436449678978888
-0.97308931008406
0.860788302709161
-0.827562900976655
-0.0511689678448212
0.943468342368944
-1.43182901558209
-0.416269007088579
0.896876649079826
-1.60505413213333
-0.548894433247097
~
-0.337337036765477
-0.00334380846123018
-1.73747738914904
-0.336651739262775
-0.109172286306975
-1.6933080169297
-0.410665617177892
-0.0045348280173487
-0.973621872987738
0.860631814204652
-0.827592356004993
-0.0512856940124599
0.945235228860633
-1.43323244698945
-0.413827783840237
0.87793248199529
-1.5959985111602
-0.550848320977605
~
-0.338631429488609
-0.00347804648469724
-1.73609796753097
-0.33846647812979
-0.108363182299864
-1.69248280178735
-0.411302306248528
-0.00463020868495631
-0.973218398063352
0.857353335012443
-0.821627648503866
-0.0517416605893846
0.943035362004808
-1.42680221270232
-0.413465707863145
0.892061814319344
-1.61226696028665
-0.526187907994768
~
-0.339925784734331
-0.00255234703354721
-1.73933496163601
-0.3398868337517
-0.10744240268032
-1.69556874265408
-0.412042697280553
-0.00408488749965446
-0.97459878922676
0.859748676192683
-0.82145120887425
-0.0506085126554723
0.948419871087647
-1.42605031169487
-0.415824857771879
0.839111252398091
-1.59865835009074
-0.506198939146093
~
-0.341236999127854
-0.00303412813461484
-1.74114168370093
-0.341062757749485
-0.107377323342988
-1.69791786863114
-0.412767567411021
-0.00425208657556787
-0.975523687930405
0.861428887499689
-0.821568690321402
-0.0493075516395765
0.95513396987917
-1.42911521796038
-0.412348888135921
0.806764218019904
-1.57173511926843
-0.500281018040011
~
-0.342502134258843
-0.00272446757683748
-1.744823681994
-0.341836386207775
-0.107620392479231
-1.70097167187891
-0.413496198021553
-0.00427051560862845
-0.977025936588946
0.864292945470357
-0.822131428917016
-0.0485756222547779
0.95839483873627
-1.4351639592926
-0.414011266623149
0.918256632182043
-1.63682817456579
-0.637133640652527
~
-0.343043294137884
-0.00249439673736202
-1.74738685134525
-0.342658491009961
-0.107870292252989
-1.70352321661649
-0.413777889317156
-0.0042676228419105
-0.978427009387401
0.865008032080659
-0.821766771857887
-0.0496631346285563
0.960230253708897
-1.43996124429486
-0.414577846689019
0.920363277007057
-1.64119747743209
-0.638744585884143
~
-0.343850000819451
-0.00274907454218283
-1.74954395055847
-0.343694681305742
-0.108211147069898
-1.7057303918656
-0.414204774001112
-0.00437687588740321
-0.979605457116522
0.864417052280329
-0.82123630005201
-0.0508128987417636
0.957522481511926
-1.44169418469428
-0.41478412531605
0.935873210888908
-1.64832683050706
-0.637070229194952
~
-0.345126110369594
-0.00221010613303135
-1.7457423920105
-0.344951167950621
-0.107362315893099
-1.70241081957783
-0.414812064095912
-0.00409178840440019
-0.978022016076195
0.860840635691266
-0.819853681217811
-0.0508048452900177
0.954733793013777
-1.43896424527716
-0.412073094847146
0.943578722444527
-1.64673523992999
-0.633006764015891
~
-0.34498433174473
-0.00212479417277375
-1.74634859026608
-0.344571291631207
-0.106463481941397
-1.70371828427784
-0.414726766055713
-0.00385798866924019
-0.978579895091886
0.862811148088763
-0.821509097004963
-0.0494209068495946
0.955295522620184
-1.44063944958408
-0.412578873865703
0.947505415420459
-1.65010971050676
-0.632414458307288
~
-0.344984279188746
-0.00254273433626324
-1.74633535167648
-0.344375877087451
-0.106947468573841
-1.70386662568798
-0.414659086087209
-0.00418050224646787
-0.979001284715288
0.863366586568596
-0.82139275643961
-0.0477209490546954
0.957433297662366
-1.44222018537761
-0.411168237823648
0.943468463716446
-1.64934052535877
-0.632771844575769
~
-0.345351538594472
-0.002050254117528
-1.74845439582094
-0.344649176320865
-0.106777742748341
-1.70659653780105
-0.414851853366604
-0.00343281149235205
-0.980366766460906
0.865583213340314
-0.822987280873128
-0.0462017287483138
0.958588439911452
-1.44221141202101
-0.409638605048793
0.945224385104363
-1.64993498225804
-0.631504470359411
~
-0.345664244101117
-0.00238018647552038
-1.74858286517732
-0.344957693954749
-0.106668955369628
-1.7067616551082
-0.414988025425758
-0.00378205748214316
-0.980582370206799
0.864540284251817
-0.822597085597968
-0.0463528765251415
0.956638501169543
-1.44220449865895
-0.410857004887431
0.940745972542231
-1.64881701241185
-0.633501475164636
~
-0.34692394165808
-0.0024395264912769
-1.75536917525164
-0.346209870248191
-0.107068061202067
-1.71477846105326
-0.415557386163338
-0.00403157891658373
-0.985116028064384
0.867655036508331
-0.82426639716066
-0.0461803297116611
0.960889783831136
-1.44628395706084
-0.393828709922622
0.933117382215093
-1.59920218709415
-0.557658220209767
~
-0.348033490352312
-0.00339621580875145
-1.75798817976671
-0.347124829694752
-0.108173780066641
-1.71872599749831
-0.41600514834028
-0.00449262401504876
-0.987699840706729
0.866835553107045
-0.823337829282792
-0.0471083432807739
0.975516725118671
-1.45357360043547
-0.37534925157086
0.890379788632044
-1.60797723100198
-0.51708543903007
~
-0.348003009448576
-0.0037714243449163
-1.7607543767173
-0.347403864114232
-0.109163637591558
-1.72136366258691
-0.415977533054092
-0.00478351323706123
-0.989245366933253
0.868296470635811
-0.824118576991238
-0.046791007199845
0.960132056840303
-1.44491426702728
-0.40285844417874
0.990743899510175
-1.65184616370596
-0.507812668248303
~
-0.34804122586018
-0.00418840784789689
-1.76078376884092
-0.347242911732292
-0.109370075333057
-1.72122610692912
-0.415963514895448
-0.00502201742498512
-0.989409245218216
0.867497047627441
-0.823985081078911
-0.0465307745389134
0.952781905445686
-1.4429574907636
-0.407374461133884
0.981210171994661
-1.64928162732516
-0.513926637677504
~
-0.348157697368729
-0.00520606552356306
-1.76110108082834
-0.347274786541109
-0.109277859022181
-1.72247077143127
-0.415948564321698
-0.00552132431016463
-0.990234468437143
0.868287266047029
-0.824003179711931
-0.0458504906949742
0.948685661989345
-1.4391003805419
-0.415989708437648
0.975485146701903
-1.64413274202165
-0.525634412791384
~
-0.347942271139274
-0.00677968490754635
-1.75722231875886
-0.347127160483908
-0.109752719059455
-1.71965537024903
-0.415670577610226
-0.00656365272279654
-0.989271877492077
0.863159913554071
-0.817892827036645
-0.0468778885118704
0.94405437861417
-1.43154037759389
-0.415625753199231
0.97101920030087
-1.63608956111297
-0.524842570958471
~
-0.347979690562878
-0.00730588708866388
-1.7549641047795
-0.347276472902627
-0.110180123746313
-1.71744695888588
-0.415605808200533
-0.00699333786043493
-0.988500302938534
0.860326530690529
-0.816569635117823
-0.0477182336462329
0.940815553088959
-1.43065487692805
-0.416766676368733
0.967645227221769
-1.63534989960102
-0.526110621223755
~
-0.347240300592997
-0.00737277220331703
-1.75630380059571
-0.347777641882101
-0.104741112370848
-1.7195475462448
-0.415218263583304
-0.00714505868690723
-0.989147862523178
0.861961863489855
-0.817014991493425
-0.0467765766229142
0.941219674646832
-1.43521133279464
-0.421202989873163
0.967638964356448
-1.64127676057109
-0.532329968531041
~
-0.346596972753139
-0.0074642658158282
-1.76250788134094
-0.347047566989047
-0.106594684843303
-1.72519139086739
-0.414957229072029
-0.00733160798562101
-0.991993018531968
0.868251566972326
-0.821003478361692
-0.0449523194189582
0.93579227264602
-1.44557371456992
-0.440493148329248
0.958305860606847
-1.6537637350972
-0.55860250664058
~
-0.346141135950337
-0.00737727172589866
-1.76623202535311
-0.346591356212011
-0.107444339874907
-1.72859588664271
-0.414734081495498
-0.00730173185400552
-0.99386302152625
0.872474669576209
-0.833756795379137
-0.0436605437615916
0.939070340616827
-1.44896500457985
-0.441398686411535
0.961268897630367
-1.65403442709261
-0.560209932080442
~
-0.345769442967381
-0.00658505604123207
-1.76691773149894
-0.346310184111186
-0.107973947557828
-1.72872994532163
-0.414581204534127
-0.00662336048417028
-0.993911867954731
0.863760271632098
-0.829961181807534
-0.0535040777420193
0.940533550752848
-1.45058880544599
-0.441572509397971
0.966124624340578
-1.65746471889718
-0.557155958065192
~
-0.345363121646325
-0.0072460876735499
-1.7677833763018
-0.345645634401613
-0.108859123706187
-1.73039036317614
-0.414360076151032
-0.00689028055000816
-0.994665088513368
0.864992785698538
-0.830761309880864
-0.0533149399757848
0.946049841282426
-1.45376332316023
-0.436691732100947
0.973068859810389
-1.66143068039896
-0.550692597449365
~
-0.343612966227676
-0.00565989290134235
-1.76883458903521
-0.34371428155077
-0.107559490608891
-1.73112855411595
-0.413555295905964
-0.00557820138794135
-0.99451542442382
0.86588725439245
-0.830161103154543
-0.0533795709892021
0.950564278466386
-1.45603128927572
-0.435922357671035
0.978789972662044
-1.66465472365814
-0.549627231161124
~
-0.343497045591773
-0.00650667206401409
-1.7656710441887
-0.344069006161335
-0.113294550491335
-1.72761190884931
-0.413459022987672
-0.00611665978847899
-0.993084287639729
0.866483246801209
-0.831109153852984
-0.0511320191463173
0.949488757972253
-1.45491648154393
-0.434931608451896
0.864824400527416
-1.64855298036576
-0.518735440487353
~
-0.344004002665586
-0.00678985597653798
-1.7651545322511
-0.349502224748673
-0.196805902521312
-1.56394160835051
-0.0317990326534514
-0.483009948519457
-0.669819834561701
0.868118994655842
-0.831896478268071
-0.0488659958044285
0.950383442426449
-1.45475597704213
-0.433308349427849
0.943646468296268
-1.67459523036514
-0.648531599297035
~
-0.344004996875138
-0.00704674120316541
-1.76419935839871
-0.352482351533715
-0.195743316494049
-1.56263046653655
-0.031809204939702
-0.480682741300201
-0.669788335463687
0.87027882720226
-0.83422372562206
-0.0450900805083499
0.950457066864751
-1.45426109398586
-0.43162727344474
0.947174638037434
-1.67426610658491
-0.646529101671857
~
----
@tumbup
-0.81121929347045
-0.1330010899484
-1.75740176141024
-0.805828851929143
-0.257216730713203
-1.92125232295626
-0.896705738557191
-0.4009520523568
-1.12655570703254
0.810858994916249
-0.896270120838126
-0.0829193540239151
0.918489427046656
-1.55878756484116
-0.50257475824387
0.873504882178688
-1.79408433072956
-0.736663141177018
~
-0.802996206814613
-0.124068413056663
-1.76740980915585
-0.805427725667555
-0.249779470964884
-1.91632322659468
-0.89312374437071
-0.404153365232556
-1.12456762229311
0.811101344500695
-0.894966989688012
-0.0842036973872868
0.90835183444361
-1.55216028911583
-0.513613147201721
0.864599827201719
-1.79058834457455
-0.744047463346202
~
-0.801126403475527
-0.122426753661103
-1.76885079868729
-0.807790296236207
-0.24312588822276
-1.91318995218711
-0.890484149110271
-0.406928667432471
-1.12397674981733
0.809737818447037
-0.893469016407898
-0.0852357065196735
0.949561103765903
-1.56158090221953
-0.478957649864702
0.917052170548546
-1.80595327913685
-0.704328078678876
~
-0.796363634880178
-0.113280683256807
-1.74157223002889
-0.804509429757009
-0.228252403635918
-1.88211173325402
-0.882755547846292
-0.395055671677475
-1.10693238211256
0.790673008110048
-0.873647237490068
-0.0830475135426259
0.884598341605382
-1.52018909972277
-0.503287409088411
0.856435926474754
-1.75306147330283
-0.733230668698753
~
-0.794231519522786
-0.112111165700726
-1.73886184416845
-0.801524316550424
-0.223236240706342
-1.87394425040813
-0.880455129231609
-0.397043394769415
-1.10370684085774
0.786337835736088
-0.871010273912615
-0.0853485142334112
0.907994433425057
-1.51706841579349
-0.492136925270766
0.859100992075835
-1.74750541253811
-0.719202579509667
~
-0.7935276172144
-0.105128939524499
-1.72848038062675
-0.802537843565047
-0.217218484784202
-1.85969347599027
-0.877876098506133
-0.388885498093316
-1.09471540402154
0.776932185862351
-0.86127393947854
-0.084611981917161
0.920697441869954
-1.51103533513931
-0.463715502064455
0.89419856065236
-1.74634288868601
-0.685928631859662
~
-0.7905578346339
-0.104895084438051
-1.72022957139346
-0.830035837246124
-0.231857345189677
-1.75871914181756
-0.85577105309367
-0.416930562184938
-0.999772112248541
0.768895751927569
-0.856158848828525
-0.08694617723738
0.906828499534352
-1.50152334227639
-0.464102078491796
0.824357993194954
-1.76839038922534
-0.782865246300096
~
-0.791052817529505
-0.104291987471847
-1.73079299726574
-0.807839708717095
-0.207007145409345
-1.84697134870746
-0.870020199962301
-0.400961969373874
-1.0899847568554
0.773554745117629
-0.860981696903236
-0.0878613497620802
0.910691436366977
-1.50840215815873
-0.466843259099776
0.881522493354175
-1.74370195365584
-0.686633703273927
~
-0.791954190821824
-0.101850233398167
-1.74578824114161
-0.834470559355925
-0.239364170187759
-1.76722438436499
-0.856329079225337
-0.422289222726793
-1.00305836800642
0.77362892557769
-0.865964929191345
-0.0929633963599538
0.902104847641444
-1.51384277185856
-0.478412113527034
0.875906989014801
-1.75141030067346
-0.697247231873353
~
-0.796926457329633
-0.0991925005527271
-1.76422582494907
-0.819144766381317
-0.221890701438961
-1.86773827183427
-0.874171052473851
-0.399926460415193
-1.09905509450191
0.775996448614294
-0.874686795269866
-0.0968934977611365
0.843297293217701
-1.50317842308737
-0.543445726186123
0.835149161904029
-1.74813709458131
-0.758518657525182
~
-0.792895258223537
-0.0921028190541407
-1.75891980507008
-0.815643962099866
-0.212373376790653
-1.8546384277861
-0.87218917614394
-0.395258815391374
-1.09184994410282
0.770225686765319
-0.869617909125381
-0.0978228482743447
0.843709157579464
-1.50261267897498
-0.525787389128665
0.828452526905274
-1.74329367981585
-0.742543026850945
~
-0.795104797146806
-0.089608711699052
-1.76637563348902
-0.820374936631942
-0.211968904033883
-1.85906830065453
-0.873559929713434
-0.393995392814998
-1.09373969246293
0.772199076859423
-0.874308731587158
-0.0988197368405358
0.851002488642074
-1.50985979690788
-0.525284144090199
0.837380742134125
-1.74655381994081
-0.747700340910065
~
-0.793422298335039
-0.0862962550700959
-1.76225351151147
-0.818077722030092
-0.206970456465165
-1.85331552329439
-0.87240470245884
-0.390410446042128
-1.09072646782467
0.769013050718635
-0.872555003668304
-0.0989162601941781
0.859808299186411
-1.50837743517602
-0.517989797423712
0.826272250715807
-1.78711679982195
-0.802181732082484
~
-0.794680739217565
-0.0896952849868862
-1.77404793704311
-0.820029791771011
-0.210204562116991
-1.8629554630082
-0.873986520785667
-0.395607663697554
-1.09718484261095
0.773586685001845
-0.880860598415468
-0.10216769361
0.840307003265471
-1.50829065056926
-0.562293686519006
0.836824894088168
-1.75607652247763
-0.773530688727642
~
-0.795637905680813
-0.0886068013648353
-1.77491374902063
-0.823262320111866
-0.210661122871786
-1.86111543270231
-0.873306713712203
-0.394705983595668
-1.09592638368399
0.771139671066976
-0.879143041693417
-0.103441621137429
0.909410038526987
-1.53343920759604
-0.478223846676917
0.834301991571999
-1.79660429247133
-0.811247312241658
~
-0.794563301391385
-0.0849138873891979
-1.77060818899779
-0.822535370801576
-0.208862500299569
-1.85453863402338
-0.871478860974262
-0.390486065905998
-1.09153420401615
0.768381711005879
-0.87457390096775
-0.102863019968142
0.888863231085151
-1.51723140766961
-0.500523935153073
0.829863465734794
-1.78849581854452
-0.809970435568208
~
-0.792982645462061
-0.0806478012372996
-1.764822711331
-0.820735527243507
-0.204878379284549
-1.84676128909632
-0.869372343870802
-0.385103076687349
-1.08647718021554
0.766103315954621
-0.869795115115184
-0.100981144065077
0.886272200308619
-1.51241521029813
-0.492663539695868
0.826086929098185
-1.77848989946184
-0.807567227606491
~
-0.791104700906615
-0.0834760606161249
-1.76966488959942
-0.817405231333817
-0.205929329811872
-1.84993727520344
-0.868260776452992
-0.390361831222847
-1.08965314687437
0.771691017832072
-0.873651283310499
-0.10335462914811
0.901340656764155
-1.51595380724408
-0.49467072332488
0.831577218737639
-1.7834204115413
-0.811182473940694
~
-0.792290717456031
-0.0858865220956883
-1.77718010098161
-0.840473026824275
-0.227887908371897
-1.73903770326473
-0.852028300617035
-0.443996283689286
-0.983772903184001
0.773077752694227
-0.877919138306049
-0.106371879763033
0.90361208988681
-1.52048523821798
-0.50114218852281
0.836020010228712
-1.79106861563249
-0.815799182870543
~
-0.791807302389492
-0.0862661305842941
-1.78166859436115
-0.818680198400608
-0.205169011378078
-1.84510043273147
-0.87170159943589
-0.408594245338381
-1.0876498911259
0.773934294004512
-0.880242118543083
-0.108458931898555
0.901079066551985
-1.5157621588229
-0.517655784538816
0.861388873691082
-1.74166612921002
-0.746790552415455
~
-0.792701930245178
-0.0855300700619274
-1.78548571381088
-0.822402368592688
-0.208753699674463
-1.85007570994634
-0.872136289322972
-0.405516845339599
-1.08945142747777
0.776117674718046
-0.881593197763894
-0.108461393112384
0.920340518796224
-1.52419554012624
-0.500580195291256
0.894221602064139
-1.7581478735172
-0.724122267429531
~
-0.793759579436183
-0.0799075738990087
-1.78569701445553
-0.83986377992051
-0.217722360144946
-1.76246939796476
-0.862225877819335
-0.442087872763504
-1.0081157099114
0.776561449474657
-0.879261039260872
-0.105960571266819
0.888235104244687
-1.51647055118744
-0.520213578612477
0.841398354857024
-1.79469350989227
-0.81995381326583
~
-0.7948953636745
-0.0759013284014137
-1.78309639344
-0.837584317919347
-0.211692949182184
-1.76867680613169
-0.868770723713432
-0.434961075167702
-1.0144758205075
0.775802879692439
-0.874872736318572
-0.102525741452427
0.843973867746119
-1.51053452728887
-0.574100621868468
0.841454796733391
-1.75528119912574
-0.787556487576081
~
-0.792735729739318
-0.0747191795870133
-1.78068278052259
-0.825191246965988
-0.200335367522663
-1.84178512381614
-0.869805938847636
-0.397834946183087
-1.08205409935418
0.775857041251836
-0.873930021881707
-0.10210622719496
0.865403535921747
-1.49927615223534
-0.542044592366452
0.845287403943767
-1.73313349820061
-0.765715808322757
~
-0.791974098925708
-0.0772733841900108
-1.78811204821247
-0.816604573591628
-0.198535766568746
-1.82754884029266
-0.878630731193338
-0.419363938296706
-1.07289586117033
0.780888505242035
-0.878685232548923
-0.103489068123254
0.864259050475962
-1.50658582100133
-0.548862356403384
0.849499329163702
-1.74460770452871
-0.770303522964052
~
-0.789058019196973
-0.0718265638277819
-1.7802807171137
-0.818866524728775
-0.196761133482891
-1.83219457491267
-0.868507008962285
-0.401831564567018
-1.07552769831437
0.777301404424483
-0.872374310725634
-0.101843255364318
0.868482352454306
-1.49718265999899
-0.538176760160925
0.84674868227589
-1.73101888750604
-0.761375057007196
~
-0.786733296375288
-0.0710613038446621
-1.77693896422508
-0.813444568974798
-0.185967882151025
-1.7991373728507
-0.874173301272089
-0.427367323250616
-1.0566407261163
0.776366876331474
-0.870984662767745
-0.10215259049894
0.872136217470154
-1.49696405002719
-0.532291464937747
0.849617380548243
-1.72659646932
-0.758720842275736
~
-0.783569827018577
-0.070923671370794
-1.77381919130427
-0.81280017609766
-0.205584242902583
-1.84084462450047
-0.86232643174531
-0.383280908556188
-1.08067481082175
0.774012768156868
-0.869641796690385
-0.104782760481199
0.892941651909156
-1.50367011944356
-0.510958133482508
0.841624051215285
-1.77200247838647
-0.809341093208054
~
-0.783679897250404
-0.0718752610117672
-1.7788069261552
-0.81293217719281
-0.20678675061425
-1.84548490351028
-0.862423437007575
-0.385362063935432
-1.08339530466892
0.778140166172312
-0.873263786610819
-0.105198755568249
0.888770944531362
-1.50739109932853
-0.517881553324743
0.846175807885089
-1.77839607303297
-0.812902589220487
~
-0.783269981255153
-0.0710927200480082
-1.77810925771275
-0.806497876509752
-0.188524283894048
-1.7987901024075
-0.874285758214794
-0.426388641294562
-1.05608177105623
0.777661067264152
-0.87214357925862
-0.105294879093649
0.872784181905127
-1.50040949624978
-0.5312382521483
0.840376744221996
-1.73336047514045
-0.752833511736665
~
-0.783026557726378
-0.0705301591570505
-1.77500922669797
-0.808948006045149
-0.197496611142576
-1.82785538711388
-0.866641126495169
-0.39698845615296
-1.07318488099993
0.776623144553219
-0.870794740784984
-0.104316380811135
0.868788755449261
-1.49507026662993
-0.535970900308676
0.838463357148973
-1.72975169711062
-0.755548222491756
~
-0.782141972305026
-0.0695084605053249
-1.77053512536817
-0.807347881811442
-0.18352172961379
-1.79467095516452
-0.870338954413421
-0.423706835426981
-1.05431490863697
0.775414987868139
-0.867864329333277
-0.101979116185875
0.857529310657691
-1.48761882807942
-0.541020716923599
0.827771787524469
-1.72575376773054
-0.75625005952392
~
-0.783106598834168
-0.0705051963453863
-1.77250872208065
-0.80608198814305
-0.185211278315556
-1.80253284353982
-0.873310594629375
-0.420660664966235
-1.0589910075967
0.778312287330866
-0.870492270292741
-0.100225972752776
0.907508399724776
-1.51330350502745
-0.490243039857506
0.826180095794116
-1.7753285584417
-0.799658505226759
~
----