@welcome
-0.657447806378065
-1.58844286096731
-0.944411598337048
-0.603137331283023
-1.43111556416936
-0.848421540398646
-0.699070843731374
-0.748556374504138
-0.263176286666703
0.746735171564037
-0.781553935653122
-0.34951490399838
0.897403802793184
-1.32116259040292
-0.72112239300748
0.927702082413746
-1.40205023512248
-0.8152125729954
~
-0.65002718938641
-1.51075470521178
-0.94266267835456
-0.595691717031688
-1.35335479998631
-0.846628298427677
-0.7042505927822
-0.745795112867015
-0.255374708006122
0.75107873993559
-0.783449272299884
-0.34510922048058
0.898645762715817
-1.32148501606399
-0.721597496770183
0.928905392396155
-1.40042262562346
-0.813418235456474
~
-0.658149279112621
-1.56277026908915
-0.942135906766228
-0.603793332681512
-1.40531118061038
-0.846065340253581
-0.706742084858239
-0.747222049086652
-0.2547135845215
0.755226792415471
-0.782468125396607
-0.348195355834484
0.898960286425326
-1.32367578264393
-0.72177586963649
0.929500157537455
-1.40033202827685
-0.813133216102489
~
-0.658351547794484
-1.57515876493835
-0.943220416453832
-0.60407833799879
-1.41793929254703
-0.84729546518001
-0.70173335315389
-0.742119013519916
-0.253430900915837
0.752410216516338
-0.780129370428746
-0.345593787500986
0.895819024496116
-1.32004130808493
-0.71973686295473
0.927359160186442
-1.40053548406359
-0.813115826538875
~
-0.658969939424676
-1.58157470990744
-0.943531890421543
-0.604724924006468
-1.42443691142429
-0.847657275722457
-0.706599254509564
-0.748182139912359
-0.255941792665944
0.715681147638828
-0.777460356969288
-0.386049430665038
0.877039956931605
-1.50901605881516
-0.888036647777292
0.937340093335454
-1.69957015082924
-1.0492256781868
~
-0.659419727808984
-1.58503090481816
-0.943449333848643
-0.605505363405855
-1.4255488208135
-0.84568456253601
-0.706559675382923
-0.746470142501787
-0.253739963299274
0.713983197157832
-0.77865202101951
-0.389416664747923
0.877950080794242
-1.51118884983534
-0.889988029210828
0.937624019507139
-1.69877590529663
-1.04930079931822
~
-0.656714398399614
-1.57647599944154
-0.949760257256511
-0.603819516379112
-1.40907221672866
-0.845357547422301
-0.703615136695897
-0.738198414621334
-0.240503808710741
0.717319906095681
-0.780655623659048
-0.390747386363847
0.932206670020529
-1.31563875861998
-0.736080710268333
0.920810992205628
-1.32309306087538
-0.79298615304768
~
-1.00300119692152
-1.48448454149073
-0.978402332736008
-0.9404279135615
-1.42022215964097
-0.81254287726103
-0.759115913307596
-0.797830404840649
-0.197534478516323
0.757220088056941
-0.773743931198701
-0.38619347545059
0.912327918187114
-1.285956029272
-0.799916878696965
0.912793318190276
-1.27606501453087
-0.816776499681105
~
-1.21978393494626
-1.1864492447834
-0.905595773078015
-1.15884296942987
-1.16401469392135
-0.83972251798296
-0.780922990570999
-0.817216162732355
-0.161053026229031
0.762726383264928
-0.746512337144369
-0.411151151117121
0.63492035502134
-1.09827574029153
-1.0786986941732
0.493619698173498
-1.25450893269745
-1.33755471442559
~
-1.41505482418213
-0.798222130122658
-0.840031607153844
-1.20157672012512
-0.820028264412124
-0.624576398664882
-0.777270165336995
-0.78540125381891
-0.142746820920131
0.750620363322873
-0.640224398309697
-0.556889296739189
0.284098550874219
-0.757021500310181
-1.17333724220561
0.206879614757155
-0.848252099929064
-1.31295546354405
~
-1.53439443491173
-0.50808673931709
-0.718582575941579
-1.25998699423107
-0.644512822172
-0.5646489583051
-0.819048971493067
-0.712183407129709
-0.131049022468762
0.697603087144325
-0.412458971389638
-0.554469396976922
0.0734252164873103
-0.557572246250135
-1.08216994115607
-0.0971409781773735
-0.668360390988614
-1.29262213102737
~
-1.59922245728037
-0.335760967530468
-0.61950663429542
-1.33418282464266
-0.508100881136335
-0.50705171031248
-0.855925573796615
-0.671768288842997
-0.164249352139996
0.297558117246266
-0.367200961958197
-0.617827191194343
-0.390139721818596
-0.302409507703006
-1.03115379729918
-0.423334163102308
-0.308397989495419
-1.04786329464167
~
-1.68579021813706
-0.284234725565256
-0.559163193939239
-1.44925879127541
-0.434251644358534
-0.470163441138402
-0.875649681646441
-0.658184574641625
-0.165367742528941
0.257758843622808
-0.492783743831874
-0.567084896672851
-0.26165538966829
-0.401885632600666
-0.9604093895728
-0.521216690656237
-0.248508263255933
-0.985108573406422
~
-1.75012128451072
-0.280266861232109
-0.539390657219154
-1.46343800888535
-0.479105066864214
-0.449729856278081
-0.897788429022365
-0.660451076588067
-0.16745633109581
0.214890552412889
-0.516035516970891
-0.568297782453145
-0.441774865201123
-0.328040913774469
-0.881615617508905
-0.594905296279935
-0.226517920283937
-0.943467044555697
~
-1.78341674816181
-0.297456590167568
-0.544362287283391
-1.48177784460844
-0.509729069300148
-0.452273217177128
-0.908361894626741
-0.679905854856056
-0.164710825852606
0.201973488260062
-0.52802339316709
-0.570023587696316
-0.339614419875639
-0.4031298590889
-0.942368480479802
-0.616782581591579
-0.229385515815171
-0.933483853340839
~
-1.7529062563358
-0.332661039026274
-0.590770342207265
-1.45785636890996
-0.545596854392275
-0.489151280219814
-0.893644145464723
-0.691778530226874
-0.163850322580042
0.586303654968291
-0.869584847674761
-0.490763452634631
0.0535592539835174
-0.573590971061767
-0.881123497574677
-0.173050444899799
-0.459919546262985
-0.897279603357464
~
-1.55003038382236
-0.535453758414707
-0.780039683591776
-1.38191383373212
-0.648009324967531
-0.627644207470122
-0.880774650959542
-0.697155501070995
-0.181167007306196
0.182588820605651
-0.450341042441599
-0.63921804721956
-0.383485953316673
-0.457081954990583
-0.99219239796854
-0.590624039512388
-0.300738984423529
-0.970264978737135
~
-1.36080775879605
-0.673439914240887
-0.950274872300221
-1.14653777447424
-0.725138297101935
-0.699046365112915
-0.731899026189842
-0.765666465059096
-0.173132425097312
0.241075701739724
-0.454381254924654
-0.640866381953672
-0.284828529078702
-0.497175654634121
-1.04271137677711
-0.527967419757815
-0.374730340762059
-1.07859805374799
~
-1.0541712859993
-0.788166776243454
-0.986123085768243
-0.913937459889811
-0.798401240319335
-0.792187335677821
-0.757194657827013
-0.658486550801657
-0.160606187825803
0.625070166563844
-0.621900010854819
-0.533129512227997
-0.032949244675368
-0.657573387997591
-1.10834548115195
-0.335878054036061
-0.475431246290849
-1.20726252936364
~
-0.807096736698123
-0.926854403725344
-1.24854597975104
-0.760837445928782
-0.876334332296868
-0.994994712714269
-0.814544988919514
-0.655686056889503
-0.317398126820022
0.667661068375341
-0.622544340800513
-0.538830370653128
0.334891380959735
-0.748076042574346
-1.10474587490316
0.268270200606476
-0.587979051430691
-1.16596240956915
~
-0.526266049990953
-0.939033726208332
-1.24590865154689
-0.570260891222097
-0.930182060290721
-1.21864034763874
-0.671276656893866
-0.592643012089966
-0.405244394383278
0.711203943121631
-0.625889529844103
-0.490606907649423
0.590981697005311
-0.925757897767007
-1.06947231632456
0.549341455520815
-1.02453163583147
-1.16367440763257
~
-0.436656594348181
-1.03279711271346
-1.28196546285189
-0.546046771107386
-1.05662524569049
-1.2681101051626
-0.707923706486823
-0.574399579902652
-0.514907382585807
0.851825997846391
-0.660299995532115
-0.420106724096944
0.751891781851055
-1.07485454423462
-1.22545648871568
0.713040439219373
-1.06960734132213
-1.2535394756719
~
-0.168651556595505
-1.00220194707886
-1.31006492715052
-0.264447540374054
-0.984659912257482
-1.23979101246327
-0.625338599046509
-0.590048155964823
-0.607099895424769
0.893157035273335
-0.702748633719681
-0.287032921018898
1.00761504052705
-1.07161656019633
-1.1013033320349
1.03838357263412
-1.11080931220825
-1.21866064599322
~
0.01604905494642
-1.00217535088044
-1.29833485440851
-0.0929854657870027
-0.937252650831071
-1.21808569479636
-0.606221493643374
-0.603447939779749
-0.636336522276791
0.921477387133961
-0.695826787315309
-0.23538514427458
1.20232027455833
-1.0959793416636
-0.971651674694688
1.2538655709093
-1.14178233910449
-1.09398665542287
~
0.282188734062739
-0.994785636612475
-1.31336915871004
-0.0346529468049388
-0.931142138132645
-1.18716089105886
-0.53592501060686
-0.657590578342249
-0.589438560934052
0.932001909362585
-0.690884237742863
-0.182504491705449
1.23914194531034
-1.05417777337106
-0.750540641905009
1.45546703162067
-1.15253537859101
-1.04337211546779
~
0.188118406865167
-0.906033985719179
-1.17652989611782
-0.0104114358699274
-0.819836189840993
-1.05596362234831
-0.456301391435665
-0.666936025145928
-0.572525906678539
0.934069850549434
-0.687557672826513
-0.152998939932098
1.26306845894223
-1.04542181993291
-0.661086564754706
1.41694137680496
-1.1151025060358
-0.84232693023604
~
0.397779876649051
-0.988511705551125
-1.27783662106773
0.166120689824548
-0.909411582098877
-1.14769761800175
-0.416607596772084
-0.782905614434774
-0.536146701252267
0.934822618295791
-0.686523086006926
-0.13279243174669
1.27463385638748
-1.04240906479578
-0.625449828886539
1.43099479200811
-1.11230362395084
-0.803960405884459
~
0.188669393889616
-0.906848191043665
-1.16541643352808
-0.0150325829010761
-0.826354000148866
-1.05081131532434
-0.455067868058638
-0.674408933257071
-0.586682948798875
0.93495272378021
-0.685866368602991
-0.126027958412026
1.27756557815916
-1.04150949069255
-0.618473509090695
1.43285968541371
-1.11175999445343
-0.797517512731801
~
0.365366884527142
-1.00521204096791
-1.2859335836622
-0.1073854162248
-0.88829855948951
-1.08461854831009
-0.474203525794784
-0.643672605704996
-0.559218833005018
0.927058222730878
-0.685084096896953
-0.129677137790647
1.273945487902
-1.05291962901754
-0.636638924676126
1.41183973419123
-1.13643949651067
-0.823226850838221
~
0.240414736275903
-1.06748507306364
-1.29996380474009
0.0514324709375447
-0.980635540961609
-1.18972096521469
-0.500061706629464
-0.660008467260342
-0.589873505535059
0.912988117195625
-0.689970363600375
-0.144744920007646
1.25270627668615
-1.10284209851009
-0.698385378279719
1.45057407055618
-1.24123925202523
-1.03067382619128
~
-0.0877381297446846
-1.13999375464961
-1.23188989906907
-0.226822011152342
-0.986882684494041
-1.10090656732791
-0.524357827407264
-0.663945346100074
-0.619182061302512
0.897659814872805
-0.682867895384191
-0.185760413762266
1.11149784172311
-1.12293420088193
-0.684716170454084
1.17272786552171
-1.29939292313158
-0.915840155315997
~
-0.198710773089291
-1.45073673303632
-1.34473436018383
-0.296683573456462
-1.25554570658365
-1.16826547757353
-0.590601989581556
-0.669972446942675
-0.598467036035707
0.843490846045247
-0.698061131289
-0.233406083837297
0.896927433163548
-1.27561444386396
-0.740259094412037
1.01959591766513
-1.37465504511254
-0.927608894295153
~
-0.501250472958159
-1.26978675597902
-1.08430870871007
-0.53404120043097
-1.14644513750904
-0.996268223119483
-0.619925546553235
-0.669409760573344
-0.552440935134236
0.697305426239849
-0.735412501453967
-0.338251475059652
0.844706462984549
-1.42605146869704
-0.857181073250946
1.02716513371901
-1.44215634653293
-0.852158741330263
~
----
@cold
-0.668308832635316
-1.57810086376557
-0.976657984034553
-0.595712294531679
-1.41404855712492
-0.855843434709245
-0.690835729919879
-0.754405656310085
-0.264176943844037
0.785178569181509
-0.790948933122669
-0.376839254692904
0.921984077212814
-1.35950045714031
-0.740995664821785
0.937528699015755
-1.39022715547858
-0.817572814980393
~
-0.663619802815038
-1.56183490421631
-0.981750255887759
-0.591007674453984
-1.39774729504463
-0.860909198913519
-0.693611722497804
-0.809662379225616
-0.296840337912233
0.794613245014605
-0.790142369122163
-0.37041197869131
0.920094912009525
-1.35773289193554
-0.74103131625383
0.938631368548184
-1.39069429127658
-0.817335305009074
~
-0.670162330170191
-1.59380338233877
-0.975732788801265
-0.597593990566633
-1.42981467085071
-0.854964403422402
-0.685227605151617
-0.818326608445554
-0.303192115813869
0.753826728210348
-0.793873091654201
-0.4003083603001
0.933916660578933
-1.36486013422232
-0.736894129956697
0.938054206796395
-1.38965677050141
-0.816869802563588
~
-0.672665501358849
-1.60276918592073
-0.971775447976644
-0.600147434585962
-1.43889408012862
-0.85109098116022
-0.683816696329988
-0.782719278258336
-0.28654384750621
0.778330938175774
-0.791205332161546
-0.383778024086966
0.925297538792969
-1.36121669509336
-0.739288749038646
0.937759075178361
-1.38850807545084
-0.816031429801317
~
-0.674039740972331
-1.60177727759106
-0.964980788126356
-0.601791165387737
-1.43851130664083
-0.844745167093049
-0.680563387982042
-0.788269564011911
-0.287902375700383
0.782413602367128
-0.789243439389076
-0.378007107453732
0.918338254974287
-1.35652746242647
-0.738066621288696
0.932780936441204
-1.38225832838418
-0.812284935704651
~
-0.674964789840734
-1.6008224274823
-0.959935325025444
-0.602917116902085
-1.43801050753142
-0.84003348680013
-0.678389279305637
-0.771150401208405
-0.281480794104139
0.783774832848145
-0.788316038925664
-0.374681554296598
0.913903979143514
-1.35346792032099
-0.737187904331807
0.929141625532226
-1.37741050032178
-0.809358766254594
~
-0.676193002089891
-1.60299637847212
-0.958386977008153
-0.604163573996766
-1.44022586918226
-0.838515449313132
-0.675196936583447
-0.784489924892168
-0.290766221936284
0.785472828970243
-0.788646336249146
-0.373320575855793
0.912463821263109
-1.35341408857344
-0.737448819643871
0.92829132553491
-1.37679139918406
-0.808848402294031
~
-0.677253281844246
-1.60414586360414
-0.956933127482651
-0.605239935741574
-1.44141151476477
-0.837088416025854
-0.676005873148886
-0.768676615644834
-0.281039726386133
0.785794986262633
-0.789550973812758
-0.37302939113597
0.91223113158558
-1.35404490453977
-0.737719397233937
0.927840477660075
-1.37593335860707
-0.808086637558238
~
-0.90133278629811
-1.67179910486573
-0.892960894937662
-0.829158753006432
-1.50870156674131
-0.772848968166695
-0.699918046087807
-0.775288675608923
-0.272239419999216
0.799434362400373
-0.790492853990726
-0.361895261132647
0.920061052039751
-1.34907190478303
-0.742120182278653
0.937835816418027
-1.37582704036344
-0.810991301533445
~
-0.953113732721487
-1.38769410946687
-0.994176947761785
-0.943878462580733
-1.2823334967373
-0.756842830147998
-0.81409294651793
-0.84405073572262
-0.232560600050853
0.853899099817237
-0.780210192428794
-0.300658935154573
1.07946287066918
-1.17195008106178
-0.82969898378596
0.90103214173319
-1.20768993271971
-1.28716665419017
~
-0.974503181807683
-0.957368863403584
-1.18551334083963
-0.961485345636147
-0.91784624584176
-1.09199184774748
-0.880969606332337
-0.754457860951183
-0.217944552832063
0.90685011622947
-0.618236564406583
-0.116277008786277
0.877911786573243
-0.663549769311709
-1.00831755707439
0.88394384124646
-0.693166215211096
-1.17967171895236
~
-0.974865406216042
-0.441772486861958
-0.929985183905179
-0.989863252338844
-0.457059152655409
-0.893378831782891
-0.854867853776181
-0.539377781741522
-0.0603674208529139
0.881000697084809
-0.571205024499344
-0.172309358878044
0.924595800288998
-0.368743605492743
-0.772800843131401
0.87623209025382
-0.194026697782035
-0.929189731152179
~
-0.904016137374861
0.0314176080530378
-0.688350481232667
-0.914719540815099
-0.135378491961071
-0.598588699452659
-0.927065917596669
-0.594902455220642
-0.20658026374114
0.968253826837289
-0.447303047039727
-0.366460322021141
0.849487178332962
0.0490835116140018
-0.680343725958545
0.829793194960801
0.139394381018072
-0.675488309121361
~
-0.725132931145627
0.26139411139913
-0.416124816203347
-0.815713709091251
-0.0218396039623596
-0.432864789476599
-0.887029754778609
-0.553145884665371
-0.241882544353531
0.865774178291917
-0.530499053628052
-0.345124797811104
0.700864770448757
0.180804583223223
-0.496440242059167
0.677839590128686
0.262370639998731
-0.521217463227203
~
-0.578186005767419
0.296226305023448
-0.189504331370446
-0.706078650076723
0.0460017750073043
-0.198371291115718
-0.843356870651799
-0.51614815702369
-0.0977840093037215
0.756865584756315
-0.500093924212182
-0.17760264032501
0.601884598333268
0.105113410018041
-0.248665820539152
0.526199905744251
0.266617822035412
-0.249831999672943
~
-0.693889093020662
0.32727397420666
-0.254975086423189
-0.806756415997398
0.0857081391157335
-0.260427027653527
-0.971320346757458
-0.562575487316811
-0.150988041744455
0.866542791121418
-0.544442216379617
-0.23204327866419
0.688792807973436
0.122869584989096
-0.310280456566494
0.599001934393097
0.313705524087059
-0.310917636486328
~
-0.76982145149046
0.40275646725269
-0.287946791929402
-0.877988192284857
0.157082531963092
-0.288820826187914
-1.06241606772462
-0.488103370199874
-0.161101344036815
0.952077115607232
-0.477192913612594
-0.270803226883679
0.759453491137246
0.182807736939606
-0.34091337124795
0.664477575475308
0.377000689791684
-0.339678468739763
~
-0.708915700898549
0.135594496490369
-0.247465194249134
-0.783945901748547
0.135835850700587
-0.253595624822613
-1.11446599181989
-0.400254121959735
-0.0938208805091024
1.00184256803813
-0.368189404095363
-0.223581416370492
0.62122384445204
0.146187220439668
-0.297662711594356
0.563599460413338
0.287190823364845
-0.293496993269149
~
-0.649545062195376
0.187868144498937
-0.350292624646836
-0.773495208756052
0.169682387352195
-0.372346485886892
-1.0237339935014
-0.325826047273078
-0.157935774510113
0.968077901189499
-0.280341932087235
-0.294485939434127
0.672877343888485
0.215241444570446
-0.412874781204904
0.556334199843147
0.302934185533125
-0.396336831453961
~
-0.707137970517075
0.211667407297435
-0.374491900644053
-0.765866060217498
0.14999084028436
-0.398774915942801
-0.986830347006836
-0.345002843321344
-0.206871319315623
0.933753287948449
-0.271417021227905
-0.337382730493657
0.67293381442337
0.221405437260463
-0.457596444915484
0.622348720472754
0.283175847229291
-0.439667300130413
~
-0.689982098074154
0.220139890145978
-0.325716179105794
-0.763582081171941
0.012869642877689
-0.323655261103823
-0.766880365949416
-0.538249375477998
-0.222787694533077
0.863801451517443
-0.315815967458192
-0.307993216830928
0.684882761922141
0.206751473544915
-0.397381190368072
0.626874299602273
0.2748722420555
-0.387443258949684
~
-0.635061835360743
0.264979227858423
-0.215896132890907
-0.728119204528141
0.0423992567646058
-0.213530968338872
-0.775331953389006
-0.557214518415619
-0.0939200260834643
0.798405664553722
-0.506939010102198
-0.144983845318237
0.610038062943396
0.12096291627401
-0.265891409536021
0.523761824983682
0.276779930596224
-0.274657630954874
~
-0.485603718440201
0.169525224691842
-0.270126401647258
-0.577912660331
-0.05851815049885
-0.270573574832149
-0.717818602573823
-0.649513174630556
-0.112432148822442
0.80408298079551
-0.519424125527811
-0.152296267428559
0.582678484771674
0.0997938164205945
-0.262646886526196
0.496184271468601
0.259415100280313
-0.272912489122677
~
-0.609486464066697
0.240422005318775
-0.240251819127437
-0.708450244225634
0.0481548306357581
-0.240296898700897
-0.808670210849149
-0.558443238549041
-0.0967073035198492
0.794907463545402
-0.50147752930665
-0.173653952776332
0.648960834068487
0.157036659755346
-0.266784633643056
0.57794941025131
0.260364996581111
-0.276651018638618
~
-0.699178436855033
0.209706944493851
-0.279691783507039
-0.750182183977009
0.0462794086929568
-0.298928768072196
-0.785244114000073
-0.521405820180444
-0.195143686809058
0.825900398393258
-0.401035006131517
-0.284932623049194
0.71887081592772
0.160914593757028
-0.347528986427282
0.685472884194099
0.259872701158049
-0.345719883459962
~
-0.680633661648707
0.226634696009342
-0.254549742522336
-0.723210790258552
0.0561304014295779
-0.270509765498437
-0.715871548886496
-0.555861178801093
-0.210271912310441
0.675709384550298
-0.552766435975406
-0.292734532268439
0.69398276779018
0.165856297350436
-0.30489280520601
0.667805734696598
0.333493589126903
-0.300860646074236
~
-0.510105026927895
0.330923427480312
-0.216922266367894
-0.680138757574845
-0.00731801731859144
-0.240018187104079
-0.718046493984414
-0.641702136750948
-0.140217787285805
0.720462772732346
-0.544218661383065
-0.211957572098369
0.6319217764192
0.120104254257934
-0.262233748806787
0.612203783344232
0.30046415393741
-0.245621117981837
~
-0.523117122232529
0.338665341497177
-0.21068460732926
-0.687152175129273
-0.00125878920504761
-0.235182005428409
-0.732216052311454
-0.625621228233225
-0.118272389514537
0.749735663320481
-0.550257970655433
-0.19741083849161
0.61803207328654
0.1153652276707
-0.253253464408099
0.598589170902214
0.297414653372369
-0.235434565786833
~
-0.658309946584778
0.207609305977496
-0.237591387969022
-0.697328919286155
0.0321109794021423
-0.254393220226023
-0.733011709661168
-0.558796467903184
-0.160637992877055
0.669811174841579
-0.522508719956255
-0.260223584710375
0.67815527054553
0.0911216281918474
-0.290326413086184
0.617919076905478
0.268967184965875
-0.267347840781751
~
-0.713025030722231
0.192831040871662
-0.203051436013968
-0.752480034190603
0.0356678121212887
-0.228569175104687
-0.722821330765554
-0.530721702431127
-0.190276922674924
0.632453340020296
-0.507734294822936
-0.292848480435712
0.682766074933499
0.0879805473928597
-0.300609053606839
0.64862349521655
0.249838732839671
-0.278467453777203
~
-0.704493107357314
0.185790456302028
-0.179146996986532
-0.762396945538335
0.0138786685249506
-0.20471323609239
-0.715161691666991
-0.525192345732954
-0.188273387439821
0.619788705336821
-0.508658712222295
-0.297364597233761
0.680346380534781
0.123139387588213
-0.276127272461119
0.651367946895766
0.278900436274567
-0.259770281772627
~
-0.652620225080028
0.22442568586609
-0.148863423394999
-0.705584437911467
0.00681061049221749
-0.17990238430595
-0.714054934306337
-0.569780142775485
-0.143379950433406
0.648234837793159
-0.540230672483591
-0.269747615103733
0.630250424520142
0.209163161696955
-0.233485574469178
0.728104486239098
0.337618455251607
-0.190426357425279
~
-0.641048390673606
0.24427369316363
-0.136797462409329
-0.694402241531711
0.022186633868608
-0.168837446359379
-0.710553394058922
-0.590952088145626
-0.134831051966751
0.652066847179654
-0.561783999194116
-0.263214947458765
0.610400255229054
0.204520224216559
-0.231854381821306
0.715568234064046
0.323965827429163
-0.170747534265601
~
----
@hot
-0.876108321157857
-1.66355828872107
-0.804468963659954
-0.840551668298723
-1.491181305182
-0.690962943809958
-0.735326757100119
-0.822785695656049
-0.235961526429896
0.799227391975666
-0.777475070025167
-0.351669855929989
0.957764705619243
-1.35176547844458
-0.705684080962299
1.01061043370704
-1.54319563614775
-0.808899976519575
~
-0.88335619380406
-1.64572705233947
-0.793435473205139
-0.848166127461477
-1.47343422939127
-0.679700158849573
-0.736184248913848
-0.824218180633351
-0.237055289050646
0.798495095418789
-0.776809178729373
-0.351734510004146
0.956216974447179
-1.35060599124303
-0.706059203154841
1.00879089102255
-1.54187159541425
-0.809388529128414
~
-0.602538810699641
-1.57328644571382
-0.981028045960125
-0.567797150884474
-1.40134793884078
-0.867101153124693
-0.722272226575247
-0.818945738813411
-0.239179887306028
0.806304927996909
-0.776832281115361
-0.343992515022093
0.95431606650553
-1.34779449318229
-0.707063670345649
1.00365306960972
-1.53811527360328
-0.813318901247195
~
-0.866389282220327
-1.7033412901772
-0.857629680727256
-0.822475204351163
-1.52781261093089
-0.744584212449732
-0.727584871814765
-0.822385850486461
-0.24190338141639
0.805351622524362
-0.776386897550983
-0.34486435330772
0.953678101357758
-1.34736802389763
-0.707649150196165
1.00312021790808
-1.53769506601318
-0.813810228980286
~
-0.838936422529805
-1.53335986022608
-1.02611507377253
-0.878478899640851
-1.30857332408698
-0.755252399584165
-0.759170025517932
-0.820684249000873
-0.26690209678735
0.804458730765758
-0.775799190662173
-0.345920912208746
0.952753418708462
-1.34684327517137
-0.708604910137483
1.00218493829691
-1.53719126028198
-0.814732883203269
~
-0.699587694379366
-1.06203349775416
-1.35524105859824
-0.910283073700881
-0.996193528553288
-0.99008446016215
-0.786881364727378
-0.809751957433565
-0.320322618002784
0.792742152179291
-0.767292907748205
-0.354596911743986
0.947782906895174
-1.33478188971256
-0.707688772348391
0.999463115785179
-1.52394481967774
-0.81074725797023
~
-0.434292816464722
-1.37692908125522
-0.989423884816898
-0.481112150077567
-1.24538184797751
-0.828588271493082
-0.621570150916101
-0.85074020970174
-0.303850861115976
0.701310826531734
-0.747750424284361
-0.425133157076367
0.944421309190551
-1.29413380593247
-0.692410323662
1.02545813674349
-1.4762616203343
-0.767425855721991
~
-0.21155767907062
0.452085829517483
-1.14693230464609
-0.33505724362445
0.323659512140951
-1.09494117770562
-0.738882951700653
-0.044694698059971
-0.730834333547183
0.641128672945972
-0.747779388807826
-0.40612201239422
0.859180941057595
-1.29422041226564
-0.685564264275202
0.931865091555334
-1.47636748121211
-0.764732054404613
~
-0.302460492924477
0.891290318316456
-0.81656326535111
-0.425676462558446
0.763158856176752
-0.764691690517174
-0.762780773327962
0.234784486310737
-0.633777286125699
0.728639157574438
-0.747332206202498
-0.338813705237761
0.845296959616077
-1.27914202960375
-0.703643822227535
0.884182893629957
-1.45641201139527
-0.811306949020559
~
-0.276507120401512
0.978169854371985
-0.772814038346614
-0.398555006711469
0.851253072131668
-0.721434222784182
-0.747896798485976
0.338584656326853
-0.588726912376382
0.713931499713687
-0.728526997626053
-0.344948594048366
0.838593453438685
-1.25838179864515
-0.697695129161683
0.880147438013684
-1.43500006565152
-0.801463993719907
~
-0.292447845591643
1.02187499448556
-0.702513299062533
-0.41370269180708
0.895782925426878
-0.651468129667108
-0.731712807060475
0.361636570270719
-0.569894264744465
0.701973400540224
-0.715005628461475
-0.345482250998765
0.831211824956166
-1.24460553132833
-0.688137366460636
0.874291259758996
-1.42113889228768
-0.788634486328496
~
-0.289686674422792
1.01840512271291
-0.696293860737571
-0.41044708302507
0.892827404628323
-0.645454653359249
-0.727157203924149
0.3605020877064
-0.569211497627012
0.698360738447331
-0.712105041633164
-0.342760778006262
0.825895552697106
-1.24215776555749
-0.679886113349841
0.86840719728249
-1.41884196703013
-0.778598618869007
~
-0.288669289577233
1.0157272149193
-0.713246666309168
-0.410127021648197
0.889424174369943
-0.662114535468055
-0.731727022893989
0.356715295743473
-0.574379927166626
0.702861811803135
-0.714660567640078
-0.343095766276971
0.831603306910704
-1.25171607759769
-0.674771976861971
0.874517078521687
-1.43073454085587
-0.771591464384889
~
-0.29516891663927
1.01840728287515
-0.706652489551371
-0.416530607826124
0.892203883090135
-0.655561298471872
-0.73470237571987
0.358119066423808
-0.566823347268577
0.705091679347693
-0.715082112293777
-0.338826604659878
0.8322040983574
-1.25292839299649
-0.668632539842958
0.87457492470628
-1.43221044653944
-0.764841487170715
~
-0.293219731118452
1.03020928316956
-0.699587105638948
-0.413988068807062
0.90462294744236
-0.648745350114256
-0.732525391296267
0.377122589169008
-0.53545983222303
0.703188486759564
-0.711032491571273
-0.336154014315143
0.82873049715272
-1.24711813538385
-0.663139255624389
0.870577794125341
-1.42581338981314
-0.758476478011406
~
-0.298974011671637
1.04773492288598
-0.636439590283745
-0.419481933472515
0.922419336597014
-0.585707977404937
-0.736795061856434
0.391751017605059
-0.513324848808372
0.703289074239578
-0.703940365628032
-0.332369888498668
0.827466863935676
-1.23970295904456
-0.657554634431101
0.868859460501041
-1.41829052992204
-0.752321502831069
~
-0.446030444290003
1.08827487839329
-0.481661464281352
-0.441728732310355
0.908821370762794
-0.487143520005522
-0.762657095911901
0.386499366060575
-0.478608574455143
0.711152421643467
-0.6973589505054
-0.319044483264435
0.818889972310976
-1.22789886670861
-0.648999642947723
0.854802449793782
-1.40474552514619
-0.745470441291927
~
-0.473020927116573
1.04047069150202
-0.402412658801531
-0.565456552256474
0.861828270619125
-0.42133272371726
-0.842763427676177
0.325901124700438
-0.438062933879781
0.695550587804217
-0.732096090768026
-0.335654306307976
0.847510515667245
-1.26306040247776
-0.625331935038349
0.89816386386492
-1.440048525836
-0.708547582960256
~
-0.58330910609815
0.952065895925874
-0.281479009899515
-0.672341270695637
0.777896524401163
-0.317611031015959
-0.939437735752778
0.255388553503629
-0.386592810069349
0.706805235227592
-0.731625691057813
-0.339355162520528
0.855540227996392
-1.25478483303945
-0.624303330120126
0.905118539762445
-1.4291712137
-0.706148187770571
~
-0.758558389063104
1.02558994224871
-0.178954897939188
-0.840540641236888
0.805062397857804
-0.226953033409709
-1.03251338345004
0.250466253627292
-0.339992672463895
0.719772794238852
-0.744545549369051
-0.346334640755367
0.869582521110859
-1.26908235020775
-0.651509799831856
0.919519038328759
-1.44392791154991
-0.739882205332111
~
-1.06519252062009
1.02201626494702
-0.171421386016796
-1.07106561579834
0.78309760342955
-0.213966594096636
-1.13193596204001
0.183005070921062
-0.282751106357287
0.735768207687854
-0.734735780185184
-0.338894954815278
0.874876651935319
-1.26461539314762
-0.654387472011515
0.921246094005956
-1.44124191112917
-0.746058134367649
~
-1.28231071686609
0.641591569986092
-0.377572766812854
-1.26974194073883
0.484842340551194
-0.368388430238821
-1.16764111340436
-0.110005069691111
-0.234641852304724
0.755567044949292
-0.725575174450377
-0.328389075552361
0.88475367951341
-1.25103578894959
-0.651909836448349
0.927815930237844
-1.4261892683114
-0.746306262404185
~
-1.30139646529356
0.046262185869214
-0.661003599647031
-1.23938687663271
-0.155304380730091
-0.540016707263564
-0.982933671226973
-0.548207157622007
-0.103598892021926
0.72468124350042
-0.728208884932983
-0.366386360041012
0.87290609753687
-1.42392098823855
-0.835690731032525
0.922314421618527
-1.65582506207658
-0.978613105516726
~
-1.21231226547049
-0.716399420775065
-1.26434987151916
-1.10598948812911
-0.711919936281104
-1.00090917251996
-0.787021216748371
-0.698481482799223
-0.168989592568759
0.715187546999191
-0.747761997858358
-0.388519627224601
0.884889638732918
-1.4632782926636
-0.8611244652914
0.941457063287548
-1.70178376469427
-1.00479350280462
~
-0.959241778742064
-1.5478110759305
-1.09058049651681
-0.925120968409622
-1.34806999559492
-0.878242863256909
-0.822758474781517
-0.748846817218981
-0.198265248644136
0.710418334279735
-0.774235769515566
-0.404944817271353
0.899515188353923
-1.51404118585638
-0.886386367748827
0.962547431291466
-1.76064299130332
-1.03254531296363
~
-0.571129467397376
-1.57287187866895
-1.02242092296993
-0.612886002210934
-1.37141241333156
-0.85031156679721
-0.738155574690535
-0.767034017319372
-0.290127792141888
0.708875875770019
-0.79005596184411
-0.408015059866834
0.897218964140587
-1.5462342418606
-0.899926402627885
0.959999972290061
-1.79829371114753
-1.04927819627299
~
-0.805817308030914
-1.87826092326632
-0.962824425479277
-0.770091379901247
-1.62350777098264
-0.835623101824946
-0.662913628014561
-0.85924844414085
-0.409413472512413
0.713783555220836
-0.806547498966483
-0.412027698787545
0.909002735446905
-1.57502562641639
-0.911753406444324
0.97407575218584
-1.8311849588966
-1.06346017621958
~
-0.910481100281003
-1.62067280022142
-0.892425413513697
-0.883384780903272
-1.42358725430917
-0.74550628091829
-0.802095725421066
-0.83233074637112
-0.260209762044703
0.771658079595818
-0.804115886817454
-0.360715480528028
0.938632147555702
-1.38051732454776
-0.713623570097833
0.994290213475225
-1.57265118039076
-0.816413226258646
~
-0.939289184109015
-1.59368851930783
-0.937081915342353
-0.90685710381632
-1.39982271835705
-0.778892208703784
-0.809560798459017
-0.818225444463159
-0.260067905343782
0.729764314511176
-0.802225764338328
-0.401370762274435
0.918158344403734
-1.56064356403242
-0.906327390907139
0.980956332874847
-1.813449561743
-1.05989445333098
~
-0.934550466057568
-1.63360459815991
-1.04170455173231
-0.902963635902526
-1.4271976427156
-0.859022730686055
-0.808203081488939
-0.807976840331146
-0.267081254149628
0.719692785592594
-0.79639986695381
-0.406119018730035
0.915231636336997
-1.54823954331281
-0.903754422557026
0.980411231935645
-1.79885279008196
-1.05500097129808
~
-0.935847290530069
-1.59256007486933
-1.01264664812546
-0.901979467733177
-1.40317491196775
-0.848065723927486
-0.8003759993425
-0.835019551171314
-0.310423022586837
0.7683059920441
-0.798189115690699
-0.353251846998282
0.939942915179616
-1.36971857026072
-0.690569641994918
0.997155158937291
-1.56022843108684
-0.78837551213934
~
-0.903747345294213
-1.56482520044771
-0.962640783243217
-0.859678148228197
-1.38624393287522
-0.819910841688811
-0.727470589043921
-0.85050032224038
-0.347773792427976
0.721857214361524
-0.798602349501996
-0.39070195465971
0.952475266384463
-1.37066180597551
-0.685057056188198
1.02934801441965
-1.56134824878165
-0.768526433868545
~
-0.870186867374587
-1.56010528968213
-0.925461039321909
-0.832128570502482
-1.38327223628207
-0.793920214268872
-0.717953743973016
-0.852772947908216
-0.355312882522167
0.781775083101531
-0.798615329121605
-0.328648138272863
0.934490588230218
-1.3611536850656
-0.695305418803151
0.985395799331014
-1.5486664276557
-0.802862893450715
~
----