@one
-0.699999988079071
0.558333337306976
0.0526315793395042
-0.53125
0.516666650772095
0.0526315793395042
~
-0.699999988079071
0.558333337306976
0.0526315793395042
-0.53125
0.533333361148834
0.0526315793395042
~
-0.699999988079071
0.558333337306976
0.0526315793395042
-0.53125
0.533333361148834
0.0526315793395042
~
-0.699999988079071
0.558333337306976
0.0526315793395042
-0.53125
0.533333361148834
0.0526315793395042
~
-0.699999988079071
0.558333337306976
0.0526315793395042
-0.53125
0.533333361148834
0.0526315793395042
~
-0.699999988079071
0.558333337306976
0.0526315793395042
-0.53125
0.533333361148834
0.0526315793395042
~
-0.699999988079071
0.566666662693024
0.0526315793395042
-0.524999976158142
0.541666686534882
0.0526315793395042
~
-0.699999988079071
0.566666662693024
0.0526315793395042
-0.524999976158142
0.541666686534882
0.0526315793395042
~
-0.699999988079071
0.566666662693024
0.0526315793395042
-0.524999976158142
0.541666686534882
0.0526315793395042
~
-0.699999988079071
0.566666662693024
0.0526315793395042
-0.524999976158142
0.541666686534882
0.0526315793395042
~
-0.699999988079071
0.566666662693024
0.0526315793395042
-0.524999976158142
0.541666686534882
0.0526315793395042
~
-0.699999988079071
0.583333313465118
0.0526315793395042
-0.524999976158142
0.541666686534882
0.0526315793395042
~
-0.699999988079071
0.583333313465118
0.0526315793395042
-0.524999976158142
0.541666686534882
0.0526315793395042
~
-0.699999988079071
0.583333313465118
0.0526315793395042
-0.524999976158142
0.541666686534882
0.0526315793395042
~
-0.699999988079071
0.583333313465118
0.0526315793395042
-0.524999976158142
0.541666686534882
0.0526315793395042
~
-0.699999988079071
0.583333313465118
0.0526315793395042
-0.524999976158142
0.541666686534882
0.0526315793395042
~
-0.699999988079071
0.583333313465118
0.0526315793395042
-0.53125
0.541666686534882
0.0526315793395042
~
-0.699999988079071
0.583333313465118
0.0526315793395042
-0.53125
0.541666686534882
0.0526315793395042
~
-0.699999988079071
0.583333313465118
0.0526315793395042
-0.53125
0.541666686534882
0.0526315793395042
~
-0.699999988079071
0.583333313465118
0.0526315793395042
-0.53125
0.541666686534882
0.0526315793395042
~
-0.699999988079071
0.583333313465118
0.0526315793395042
-0.53125
0.541666686534882
0.0526315793395042
~
-0.706250011920929
0.583333313465118
0.0526315793395042
-0.537500023841858
0.541666686534882
0.0526315793395042
~
-0.706250011920929
0.583333313465118
0.0526315793395042
-0.537500023841858
0.541666686534882
0.0526315793395042
~
-0.706250011920929
0.583333313465118
0.0526315793395042
-0.537500023841858
0.541666686534882
0.0526315793395042
~
-0.706250011920929
0.583333313465118
0.0526315793395042
-0.537500023841858
0.541666686534882
0.0526315793395042
~
-0.706250011920929
0.583333313465118
0.0526315793395042
-0.537500023841858
0.541666686534882
0.0526315793395042
~
-0.699999988079071
0.591666638851166
0.0526315793395042
-0.543749988079071
0.558333337306976
0.0526315793395042
~
-0.699999988079071
0.591666638851166
0.0526315793395042
-0.543749988079071
0.558333337306976
0.0526315793395042
~
-0.699999988079071
0.591666638851166
0.0526315793395042
-0.543749988079071
0.558333337306976
0.0526315793395042
~
-0.699999988079071
0.591666638851166
0.0526315793395042
-0.543749988079071
0.558333337306976
0.0526315793395042
~
-0.699999988079071
0.591666638851166
0.0526315793395042
-0.543749988079071
0.558333337306976
0.0526315793395042
~
-0.706250011920929
0.583333313465118
0.0526315793395042
-0.543749988079071
0.550000011920929
0.0526315793395042
~
-0.706250011920929
0.583333313465118
0.0526315793395042
-0.543749988079071
0.550000011920929
0.0526315793395042
~
-0.706250011920929
0.583333313465118
0.0526315793395042
-0.543749988079071
0.550000011920929
0.0526315793395042
~
----
@two
-0.662500023841858
0.574999988079071
0.0526315793395042
-0.537500023841858
0.466666668653488
0.0526315793395042
-0.756250023841858
0.441666662693024
0.0526315793395042
~
-0.662500023841858
0.574999988079071
0.0526315793395042
-0.537500023841858
0.466666668653488
0.0526315793395042
-0.756250023841858
0.441666662693024
0.0526315793395042
~
-0.662500023841858
0.574999988079071
0.0526315793395042
-0.537500023841858
0.466666668653488
0.0526315793395042
-0.756250023841858
0.441666662693024
0.0526315793395042
~
-0.662500023841858
0.574999988079071
0.0526315793395042
-0.537500023841858
0.466666668653488
0.0526315793395042
-0.756250023841858
0.441666662693024
0.0526315793395042
~
-0.65625
0.583333313465118
0.0526315793395042
-0.53125
0.466666668653488
0.0526315793395042
-0.75
0.458333343267441
0.0526315793395042
~
-0.65625
0.583333313465118
0.0526315793395042
-0.53125
0.466666668653488
0.0526315793395042
-0.75
0.458333343267441
0.0526315793395042
~
-0.65625
0.583333313465118
0.0526315793395042
-0.53125
0.466666668653488
0.0526315793395042
-0.75
0.458333343267441
0.0526315793395042
~
-0.65625
0.583333313465118
0.0526315793395042
-0.53125
0.466666668653488
0.0526315793395042
-0.75
0.458333343267441
0.0526315793395042
~
-0.65625
0.583333313465118
0.0526315793395042
-0.53125
0.466666668653488
0.0526315793395042
-0.75
0.458333343267441
0.0526315793395042
~
-0.65625
0.583333313465118
0.0526315793395042
-0.53125
0.474999994039536
0.0526315793395042
-0.743749976158142
0.449999988079071
0.0526315793395042
~
-0.65625
0.583333313465118
0.0526315793395042
-0.53125
0.474999994039536
0.0526315793395042
-0.743749976158142
0.449999988079071
0.0526315793395042
~
-0.65625
0.583333313465118
0.0526315793395042
-0.53125
0.474999994039536
0.0526315793395042
-0.743749976158142
0.449999988079071
0.0526315793395042
~
-0.65625
0.583333313465118
0.0526315793395042
-0.53125
0.474999994039536
0.0526315793395042
-0.743749976158142
0.449999988079071
0.0526315793395042
~
-0.65625
0.583333313465118
0.0526315793395042
-0.53125
0.474999994039536
0.0526315793395042
-0.743749976158142
0.449999988079071
0.0526315793395042
~
-0.649999976158142
0.583333313465118
0.0526315793395042
-0.518750011920929
0.491666674613953
0.0526315793395042
-0.743749976158142
0.449999988079071
0.0526315793395042
~
-0.649999976158142
0.583333313465118
0.0526315793395042
-0.518750011920929
0.491666674613953
0.0526315793395042
-0.743749976158142
0.449999988079071
0.0526315793395042
~
-0.649999976158142
0.583333313465118
0.0526315793395042
-0.518750011920929
0.491666674613953
0.0526315793395042
-0.743749976158142
0.449999988079071
0.0526315793395042
~
-0.649999976158142
0.583333313465118
0.0526315793395042
-0.518750011920929
0.491666674613953
0.0526315793395042
-0.743749976158142
0.449999988079071
0.0526315793395042
~
-0.649999976158142
0.583333313465118
0.0526315793395042
-0.518750011920929
0.491666674613953
0.0526315793395042
-0.743749976158142
0.449999988079071
0.0526315793395042
~
-0.65625
0.583333313465118
0.0526315793395042
-0.53125
0.474999994039536
0.0526315793395042
-0.743749976158142
0.449999988079071
0.0526315793395042
~
-0.65625
0.583333313465118
0.0526315793395042
-0.53125
0.474999994039536
0.0526315793395042
-0.743749976158142
0.449999988079071
0.0526315793395042
~
-0.65625
0.583333313465118
0.0526315793395042
-0.53125
0.474999994039536
0.0526315793395042
-0.743749976158142
0.449999988079071
0.0526315793395042
~
-0.65625
0.583333313465118
0.0526315793395042
-0.53125
0.474999994039536
0.0526315793395042
-0.743749976158142
0.449999988079071
0.0526315793395042
~
-0.65625
0.583333313465118
0.0526315793395042
-0.53125
0.474999994039536
0.0526315793395042
-0.743749976158142
0.449999988079071
0.0526315793395042
~
-0.65625
0.583333313465118
0.0526315793395042
-0.524999976158142
0.491666674613953
0.0526315793395042
-0.737500011920929
0.458333343267441
0.0526315793395042
~
-0.65625
0.583333313465118
0.0526315793395042
-0.524999976158142
0.491666674613953
0.0526315793395042
-0.737500011920929
0.458333343267441
0.0526315793395042
~
-0.65625
0.583333313465118
0.0526315793395042
-0.524999976158142
0.491666674613953
0.0526315793395042
-0.737500011920929
0.458333343267441
0.0526315793395042
~
-0.65625
0.583333313465118
0.0526315793395042
-0.524999976158142
0.491666674613953
0.0526315793395042
-0.737500011920929
0.458333343267441
0.0526315793395042
~
-0.65625
0.583333313465118
0.0526315793395042
-0.524999976158142
0.491666674613953
0.0526315793395042
-0.737500011920929
0.458333343267441
0.0526315793395042
~
-0.65625
0.583333313465118
0.0526315793395042
-0.524999976158142
0.483333319425583
0.0526315793395042
-0.737500011920929
0.449999988079071
0.0526315793395042
~
-0.65625
0.583333313465118
0.0526315793395042
-0.524999976158142
0.483333319425583
0.0526315793395042
-0.737500011920929
0.449999988079071
0.0526315793395042
~
-0.65625
0.583333313465118
0.0526315793395042
-0.524999976158142
0.483333319425583
0.0526315793395042
-0.737500011920929
0.449999988079071
0.0526315793395042
~
-0.65625
0.583333313465118
0.0526315793395042
-0.524999976158142
0.483333319425583
0.0526315793395042
-0.737500011920929
0.449999988079071
0.0526315793395042
~
-0.65625
0.583333313465118
0.0526315793395042
-0.524999976158142
0.483333319425583
0.0526315793395042
-0.737500011920929
0.449999988079071
0.0526315793395042
~
----
@three
-0.662500023841858
0.600000023841858
0.0526315793395042
-0.5625
0.550000011920929
0.0526315793395042
-0.800000011920929
0.375
0.0526315793395042
-0.737500011920929
0.516666650772095
0.0526315793395042
~
-0.668749988079071
0.600000023841858
0.0526315793395042
-0.556249976158142
0.558333337306976
0.0526315793395042
-0.800000011920929
0.383333325386047
0.0526315793395042
-0.737500011920929
0.516666650772095
0.0526315793395042
~
-0.668749988079071
0.600000023841858
0.0526315793395042
-0.556249976158142
0.558333337306976
0.0526315793395042
-0.800000011920929
0.383333325386047
0.0526315793395042
-0.737500011920929
0.516666650772095
0.0526315793395042
~
-0.668749988079071
0.600000023841858
0.0526315793395042
-0.556249976158142
0.558333337306976
0.0526315793395042
-0.800000011920929
0.383333325386047
0.0526315793395042
-0.737500011920929
0.516666650772095
0.0526315793395042
~
-0.668749988079071
0.600000023841858
0.0526315793395042
-0.556249976158142
0.558333337306976
0.0526315793395042
-0.800000011920929
0.383333325386047
0.0526315793395042
-0.737500011920929
0.516666650772095
0.0526315793395042
~
-0.668749988079071
0.600000023841858
0.0526315793395042
-0.556249976158142
0.558333337306976
0.0526315793395042
-0.800000011920929
0.383333325386047
0.0526315793395042
-0.737500011920929
0.516666650772095
0.0526315793395042
~
-0.668749988079071
0.600000023841858
0.0526315793395042
-0.568750023841858
0.533333361148834
0.0526315793395042
-0.787500023841858
0.375
0.0526315793395042
-0.737500011920929
0.516666650772095
0.0526315793395042
~
-0.668749988079071
0.600000023841858
0.0526315793395042
-0.568750023841858
0.533333361148834
0.0526315793395042
-0.787500023841858
0.375
0.0526315793395042
-0.737500011920929
0.516666650772095
0.0526315793395042
~
-0.668749988079071
0.600000023841858
0.0526315793395042
-0.568750023841858
0.533333361148834
0.0526315793395042
-0.787500023841858
0.375
0.0526315793395042
-0.737500011920929
0.516666650772095
0.0526315793395042
~
-0.668749988079071
0.600000023841858
0.0526315793395042
-0.568750023841858
0.533333361148834
0.0526315793395042
-0.787500023841858
0.375
0.0526315793395042
-0.737500011920929
0.516666650772095
0.0526315793395042
~
-0.668749988079071
0.600000023841858
0.0526315793395042
-0.568750023841858
0.533333361148834
0.0526315793395042
-0.787500023841858
0.375
0.0526315793395042
-0.737500011920929
0.516666650772095
0.0526315793395042
~
-0.662500023841858
0.600000023841858
0.0526315793395042
-0.5625
0.541666686534882
0.0526315793395042
-0.793749988079071
0.375
0.0526315793395042
-0.737500011920929
0.516666650772095
0.0526315793395042
~
-0.662500023841858
0.600000023841858
0.0526315793395042
-0.5625
0.541666686534882
0.0526315793395042
-0.793749988079071
0.375
0.0526315793395042
-0.737500011920929
0.516666650772095
0.0526315793395042
~
-0.662500023841858
0.600000023841858
0.0526315793395042
-0.5625
0.541666686534882
0.0526315793395042
-0.793749988079071
0.375
0.0526315793395042
-0.737500011920929
0.516666650772095
0.0526315793395042
~
-0.662500023841858
0.600000023841858
0.0526315793395042
-0.5625
0.541666686534882
0.0526315793395042
-0.793749988079071
0.375
0.0526315793395042
-0.737500011920929
0.516666650772095
0.0526315793395042
~
-0.662500023841858
0.600000023841858
0.0526315793395042
-0.5625
0.541666686534882
0.0526315793395042
-0.793749988079071
0.375
0.0526315793395042
-0.737500011920929
0.516666650772095
0.0526315793395042
~
-0.668749988079071
0.600000023841858
0.0526315793395042
-0.5625
0.550000011920929
0.0526315793395042
-0.787500023841858
0.375
0.0526315793395042
-0.737500011920929
0.516666650772095
0.0526315793395042
~
-0.668749988079071
0.600000023841858
0.0526315793395042
-0.5625
0.550000011920929
0.0526315793395042
-0.787500023841858
0.375
0.0526315793395042
-0.737500011920929
0.516666650772095
0.0526315793395042
~
-0.668749988079071
0.600000023841858
0.0526315793395042
-0.5625
0.550000011920929
0.0526315793395042
-0.787500023841858
0.375
0.0526315793395042
-0.737500011920929
0.516666650772095
0.0526315793395042
~
-0.668749988079071
0.600000023841858
0.0526315793395042
-0.5625
0.550000011920929
0.0526315793395042
-0.787500023841858
0.375
0.0526315793395042
-0.737500011920929
0.516666650772095
0.0526315793395042
~
-0.668749988079071
0.600000023841858
0.0526315793395042
-0.5625
0.550000011920929
0.0526315793395042
-0.787500023841858
0.375
0.0526315793395042
-0.737500011920929
0.516666650772095
0.0526315793395042
~
-0.662500023841858
0.608333349227905
0.0526315793395042
-0.5625
0.541666686534882
0.0526315793395042
-0.793749988079071
0.383333325386047
0.0526315793395042
-0.737500011920929
0.524999976158142
0.0526315793395042
~
-0.662500023841858
0.608333349227905
0.0526315793395042
-0.5625
0.541666686534882
0.0526315793395042
-0.793749988079071
0.383333325386047
0.0526315793395042
-0.737500011920929
0.524999976158142
0.0526315793395042
~
-0.662500023841858
0.608333349227905
0.0526315793395042
-0.5625
0.541666686534882
0.0526315793395042
-0.793749988079071
0.383333325386047
0.0526315793395042
-0.737500011920929
0.524999976158142
0.0526315793395042
~
-0.662500023841858
0.608333349227905
0.0526315793395042
-0.5625
0.541666686534882
0.0526315793395042
-0.793749988079071
0.383333325386047
0.0526315793395042
-0.737500011920929
0.524999976158142
0.0526315793395042
~
-0.662500023841858
0.608333349227905
0.0526315793395042
-0.5625
0.541666686534882
0.0526315793395042
-0.793749988079071
0.383333325386047
0.0526315793395042
-0.737500011920929
0.524999976158142
0.0526315793395042
~
-0.662500023841858
0.608333349227905
0.0526315793395042
-0.5625
0.558333337306976
0.0526315793395042
-0.787500023841858
0.375
0.0526315793395042
-0.731249988079071
0.524999976158142
0.0526315793395042
~
-0.662500023841858
0.608333349227905
0.0526315793395042
-0.5625
0.558333337306976
0.0526315793395042
-0.787500023841858
0.375
0.0526315793395042
-0.731249988079071
0.524999976158142
0.0526315793395042
~
-0.662500023841858
0.608333349227905
0.0526315793395042
-0.5625
0.558333337306976
0.0526315793395042
-0.787500023841858
0.375
0.0526315793395042
-0.731249988079071
0.524999976158142
0.0526315793395042
~
-0.662500023841858
0.608333349227905
0.0526315793395042
-0.5625
0.558333337306976
0.0526315793395042
-0.787500023841858
0.375
0.0526315793395042
-0.731249988079071
0.524999976158142
0.0526315793395042
~
-0.662500023841858
0.608333349227905
0.0526315793395042
-0.5625
0.558333337306976
0.0526315793395042
-0.787500023841858
0.375
0.0526315793395042
-0.731249988079071
0.524999976158142
0.0526315793395042
~
-0.662500023841858
0.600000023841858
0.0526315793395042
-0.5625
0.550000011920929
0.0526315793395042
-0.787500023841858
0.366666674613953
0.0526315793395042
-0.731249988079071
0.516666650772095
0.0526315793395042
~
-0.662500023841858
0.600000023841858
0.0526315793395042
-0.5625
0.550000011920929
0.0526315793395042
-0.787500023841858
0.366666674613953
0.0526315793395042
-0.731249988079071
0.516666650772095
0.0526315793395042
~
-0.662500023841858
0.600000023841858
0.0526315793395042
-0.5625
0.550000011920929
0.0526315793395042
-0.787500023841858
0.366666674613953
0.0526315793395042
-0.731249988079071
0.516666650772095
0.0526315793395042
~
----
@four
-0.631250023841858
0.708333313465118
0.0526315793395042
-0.518750011920929
0.641666650772095
0.0526315793395042
-0.774999976158142
0.516666650772095
0.0526315793395042
-0.6875
0.633333325386047
0.0526315793395042
~
-0.631250023841858
0.708333313465118
0.0526315793395042
-0.518750011920929
0.641666650772095
0.0526315793395042
-0.774999976158142
0.516666650772095
0.0526315793395042
-0.6875
0.633333325386047
0.0526315793395042
~
-0.631250023841858
0.708333313465118
0.0526315793395042
-0.518750011920929
0.641666650772095
0.0526315793395042
-0.774999976158142
0.516666650772095
0.0526315793395042
-0.6875
0.633333325386047
0.0526315793395042
~
-0.631250023841858
0.708333313465118
0.0526315793395042
-0.518750011920929
0.641666650772095
0.0526315793395042
-0.774999976158142
0.516666650772095
0.0526315793395042
-0.6875
0.633333325386047
0.0526315793395042
~
-0.618749976158142
0.725000023841858
0.0526315793395042
-0.506250023841858
0.649999976158142
0.0526315793395042
-0.768750011920929
0.524999976158142
0.0526315793395042
-0.6875
0.649999976158142
0.0526315793395042
~
-0.618749976158142
0.725000023841858
0.0526315793395042
-0.506250023841858
0.649999976158142
0.0526315793395042
-0.768750011920929
0.524999976158142
0.0526315793395042
-0.6875
0.649999976158142
0.0526315793395042
~
-0.618749976158142
0.725000023841858
0.0526315793395042
-0.506250023841858
0.649999976158142
0.0526315793395042
-0.768750011920929
0.524999976158142
0.0526315793395042
-0.6875
0.649999976158142
0.0526315793395042
~
-0.618749976158142
0.725000023841858
0.0526315793395042
-0.506250023841858
0.649999976158142
0.0526315793395042
-0.768750011920929
0.524999976158142
0.0526315793395042
-0.6875
0.649999976158142
0.0526315793395042
~
-0.618749976158142
0.725000023841858
0.0526315793395042
-0.506250023841858
0.649999976158142
0.0526315793395042
-0.768750011920929
0.524999976158142
0.0526315793395042
-0.6875
0.649999976158142
0.0526315793395042
~
-0.59375
0.741666674613953
0.0526315793395042
-0.487500011920929
0.641666650772095
0.0526315793395042
-0.756250023841858
0.541666686534882
0.0526315793395042
-0.668749988079071
0.649999976158142
0.0526315793395042
~
-0.59375
0.741666674613953
0.0526315793395042
-0.487500011920929
0.641666650772095
0.0526315793395042
-0.756250023841858
0.541666686534882
0.0526315793395042
-0.668749988079071
0.649999976158142
0.0526315793395042
~
-0.59375
0.741666674613953
0.0526315793395042
-0.487500011920929
0.641666650772095
0.0526315793395042
-0.756250023841858
0.541666686534882
0.0526315793395042
-0.668749988079071
0.649999976158142
0.0526315793395042
~
-0.59375
0.741666674613953
0.0526315793395042
-0.487500011920929
0.641666650772095
0.0526315793395042
-0.756250023841858
0.541666686534882
0.0526315793395042
-0.668749988079071
0.649999976158142
0.0526315793395042
~
-0.59375
0.741666674613953
0.0526315793395042
-0.487500011920929
0.641666650772095
0.0526315793395042
-0.756250023841858
0.541666686534882
0.0526315793395042
-0.668749988079071
0.649999976158142
0.0526315793395042
~
-0.600000023841858
0.741666674613953
0.0526315793395042
-0.474999994039536
0.649999976158142
0.0526315793395042
-0.756250023841858
0.541666686534882
0.0526315793395042
-0.662500023841858
0.658333361148834
0.0526315793395042
~
-0.600000023841858
0.741666674613953
0.0526315793395042
-0.474999994039536
0.649999976158142
0.0526315793395042
-0.756250023841858
0.541666686534882
0.0526315793395042
-0.662500023841858
0.658333361148834
0.0526315793395042
~
-0.600000023841858
0.741666674613953
0.0526315793395042
-0.474999994039536
0.649999976158142
0.0526315793395042
-0.756250023841858
0.541666686534882
0.0526315793395042
-0.662500023841858
0.658333361148834
0.0526315793395042
~
-0.600000023841858
0.741666674613953
0.0526315793395042
-0.474999994039536
0.649999976158142
0.0526315793395042
-0.756250023841858
0.541666686534882
0.0526315793395042
-0.662500023841858
0.658333361148834
0.0526315793395042
~
-0.600000023841858
0.741666674613953
0.0526315793395042
-0.474999994039536
0.649999976158142
0.0526315793395042
-0.756250023841858
0.541666686534882
0.0526315793395042
-0.662500023841858
0.658333361148834
0.0526315793395042
~
-0.59375
0.75
0.0526315793395042
-0.481249988079071
0.649999976158142
0.0526315793395042
-0.756250023841858
0.541666686534882
0.0526315793395042
-0.662500023841858
0.666666686534882
0.0526315793395042
~
-0.59375
0.75
0.0526315793395042
-0.481249988079071
0.649999976158142
0.0526315793395042
-0.756250023841858
0.541666686534882
0.0526315793395042
-0.662500023841858
0.666666686534882
0.0526315793395042
~
-0.59375
0.75
0.0526315793395042
-0.481249988079071
0.649999976158142
0.0526315793395042
-0.756250023841858
0.541666686534882
0.0526315793395042
-0.662500023841858
0.666666686534882
0.0526315793395042
~
-0.59375
0.75
0.0526315793395042
-0.481249988079071
0.649999976158142
0.0526315793395042
-0.756250023841858
0.541666686534882
0.0526315793395042
-0.662500023841858
0.666666686534882
0.0526315793395042
~
-0.59375
0.75
0.0526315793395042
-0.481249988079071
0.649999976158142
0.0526315793395042
-0.756250023841858
0.541666686534882
0.0526315793395042
-0.662500023841858
0.666666686534882
0.0526315793395042
~
-0.606249988079071
0.75
0.0526315793395042
-0.474999994039536
0.675000011920929
0.0526315793395042
-0.362500011920929
0.366666674613953
0.0526315793395042
-0.756250023841858
0.524999976158142
0.0526315793395042
-0.675000011920929
0.666666686534882
0.0526315793395042
~
-0.606249988079071
0.75
0.0526315793395042
-0.474999994039536
0.675000011920929
0.0526315793395042
-0.362500011920929
0.366666674613953
0.0526315793395042
-0.756250023841858
0.524999976158142
0.0526315793395042
-0.675000011920929
0.666666686534882
0.0526315793395042
~
-0.606249988079071
0.75
0.0526315793395042
-0.474999994039536
0.675000011920929
0.0526315793395042
-0.362500011920929
0.366666674613953
0.0526315793395042
-0.756250023841858
0.524999976158142
0.0526315793395042
-0.675000011920929
0.666666686534882
0.0526315793395042
~
-0.606249988079071
0.75
0.0526315793395042
-0.474999994039536
0.675000011920929
0.0526315793395042
-0.362500011920929
0.366666674613953
0.0526315793395042
-0.756250023841858
0.524999976158142
0.0526315793395042
-0.675000011920929
0.666666686534882
0.0526315793395042
~
-0.606249988079071
0.75
0.0526315793395042
-0.474999994039536
0.675000011920929
0.0526315793395042
-0.362500011920929
0.366666674613953
0.0526315793395042
-0.756250023841858
0.524999976158142
0.0526315793395042
-0.675000011920929
0.666666686534882
0.0526315793395042
~
-0.649999976158142
0.75
0.0526315793395042
-0.493750005960464
0.691666662693024
0.0526315793395042
-0.368750005960464
0.366666674613953
0.0526315793395042
-0.793749988079071
0.524999976158142
0.0526315793395042
-0.712499976158142
0.675000011920929
0.0526315793395042
~
-0.649999976158142
0.75
0.0526315793395042
-0.493750005960464
0.691666662693024
0.0526315793395042
-0.368750005960464
0.366666674613953
0.0526315793395042
-0.793749988079071
0.524999976158142
0.0526315793395042
-0.712499976158142
0.675000011920929
0.0526315793395042
~
-0.649999976158142
0.75
0.0526315793395042
-0.493750005960464
0.691666662693024
0.0526315793395042
-0.368750005960464
0.366666674613953
0.0526315793395042
-0.793749988079071
0.524999976158142
0.0526315793395042
-0.712499976158142
0.675000011920929
0.0526315793395042
~
-0.649999976158142
0.75
0.0526315793395042
-0.493750005960464
0.691666662693024
0.0526315793395042
-0.368750005960464
0.366666674613953
0.0526315793395042
-0.793749988079071
0.524999976158142
0.0526315793395042
-0.712499976158142
0.675000011920929
0.0526315793395042
~
-0.649999976158142
0.75
0.0526315793395042
-0.493750005960464
0.691666662693024
0.0526315793395042
-0.368750005960464
0.366666674613953
0.0526315793395042
-0.793749988079071
0.524999976158142
0.0526315793395042
-0.712499976158142
0.675000011920929
0.0526315793395042
~
----
@five
-0.40625
0.483333319425583
0.0526315793395042
~
-0.40625
0.483333319425583
0.0526315793395042
~
-0.40625
0.483333319425583
0.0526315793395042
~
-0.40625
0.483333319425583
0.0526315793395042
~
-0.40625
0.483333319425583
0.0526315793395042
~
-0.425000011920929
0.474999994039536
0.0526315793395042
~
-0.425000011920929
0.474999994039536
0.0526315793395042
~
-0.425000011920929
0.474999994039536
0.0526315793395042
~
-0.425000011920929
0.474999994039536
0.0526315793395042
~
-0.425000011920929
0.474999994039536
0.0526315793395042
~
-0.412499994039536
0.466666668653488
0.0526315793395042
~
-0.412499994039536
0.466666668653488
0.0526315793395042
~
-0.412499994039536
0.466666668653488
0.0526315793395042
~
-0.412499994039536
0.466666668653488
0.0526315793395042
~
-0.412499994039536
0.466666668653488
0.0526315793395042
~
-0.387499988079071
0.449999988079071
0.0526315793395042
~
-0.387499988079071
0.449999988079071
0.0526315793395042
~
-0.387499988079071
0.449999988079071
0.0526315793395042
~
-0.387499988079071
0.449999988079071
0.0526315793395042
~
-0.387499988079071
0.449999988079071
0.0526315793395042
~
-0.387499988079071
0.449999988079071
0.0526315793395042
~
-0.387499988079071
0.449999988079071
0.0526315793395042
~
-0.387499988079071
0.449999988079071
0.0526315793395042
~
-0.387499988079071
0.449999988079071
0.0526315793395042
~
-0.387499988079071
0.449999988079071
0.0526315793395042
~
-0.425000011920929
0.725000023841858
0.0526315793395042
-0.387499988079071
0.433333337306976
0.0526315793395042
~
-0.425000011920929
0.725000023841858
0.0526315793395042
-0.387499988079071
0.433333337306976
0.0526315793395042
~
-0.425000011920929
0.725000023841858
0.0526315793395042
-0.387499988079071
0.433333337306976
0.0526315793395042
~
-0.425000011920929
0.725000023841858
0.0526315793395042
-0.387499988079071
0.433333337306976
0.0526315793395042
~
-0.425000011920929
0.725000023841858
0.0526315793395042
-0.387499988079071
0.433333337306976
0.0526315793395042
~
-0.412499994039536
0.691666662693024
0.0526315793395042
-0.368750005960464
0.408333331346512
0.0526315793395042
~
-0.412499994039536
0.691666662693024
0.0526315793395042
-0.368750005960464
0.408333331346512
0.0526315793395042
~
-0.412499994039536
0.691666662693024
0.0526315793395042
-0.368750005960464
0.408333331346512
0.0526315793395042
~
-0.412499994039536
0.691666662693024
0.0526315793395042
-0.368750005960464
0.408333331346512
0.0526315793395042
~
----
@C
-0.606249988079071
0.666666686534882
0.0526315793395042
-0.518750011920929
0.633333325386047
0.0526315793395042
-0.699999988079071
0.491666674613953
0.0526315793395042
~
-0.606249988079071
0.658333361148834
0.0526315793395042
-0.518750011920929
0.625
0.0526315793395042
-0.699999988079071
0.474999994039536
0.0526315793395042
~
-0.606249988079071
0.658333361148834
0.0526315793395042
-0.518750011920929
0.625
0.0526315793395042
-0.699999988079071
0.474999994039536
0.0526315793395042
~
-0.606249988079071
0.658333361148834
0.0526315793395042
-0.518750011920929
0.625
0.0526315793395042
-0.699999988079071
0.474999994039536
0.0526315793395042
~
-0.606249988079071
0.658333361148834
0.0526315793395042
-0.518750011920929
0.625
0.0526315793395042
-0.699999988079071
0.474999994039536
0.0526315793395042
~
-0.606249988079071
0.658333361148834
0.0526315793395042
-0.518750011920929
0.625
0.0526315793395042
-0.699999988079071
0.474999994039536
0.0526315793395042
~
-0.618749976158142
0.658333361148834
0.0526315793395042
-0.518750011920929
0.616666674613953
0.0526315793395042
-0.699999988079071
0.491666674613953
0.0526315793395042
~
-0.618749976158142
0.658333361148834
0.0526315793395042
-0.518750011920929
0.616666674613953
0.0526315793395042
-0.699999988079071
0.491666674613953
0.0526315793395042
~
-0.618749976158142
0.658333361148834
0.0526315793395042
-0.518750011920929
0.616666674613953
0.0526315793395042
-0.699999988079071
0.491666674613953
0.0526315793395042
~
-0.618749976158142
0.658333361148834
0.0526315793395042
-0.518750011920929
0.616666674613953
0.0526315793395042
-0.699999988079071
0.491666674613953
0.0526315793395042
~
-0.618749976158142
0.658333361148834
0.0526315793395042
-0.518750011920929
0.616666674613953
0.0526315793395042
-0.699999988079071
0.491666674613953
0.0526315793395042
~
-0.618749976158142
0.658333361148834
0.0526315793395042
-0.518750011920929
0.616666674613953
0.0526315793395042
-0.706250011920929
0.483333319425583
0.0526315793395042
~
-0.618749976158142
0.658333361148834
0.0526315793395042
-0.518750011920929
0.616666674613953
0.0526315793395042
-0.706250011920929
0.483333319425583
0.0526315793395042
~
-0.618749976158142
0.658333361148834
0.0526315793395042
-0.518750011920929
0.616666674613953
0.0526315793395042
-0.706250011920929
0.483333319425583
0.0526315793395042
~
-0.618749976158142
0.658333361148834
0.0526315793395042
-0.518750011920929
0.616666674613953
0.0526315793395042
-0.706250011920929
0.483333319425583
0.0526315793395042
~
-0.618749976158142
0.658333361148834
0.0526315793395042
-0.518750011920929
0.616666674613953
0.0526315793395042
-0.706250011920929
0.483333319425583
0.0526315793395042
~
-0.612500011920929
0.658333361148834
0.0526315793395042
-0.518750011920929
0.616666674613953
0.0526315793395042
-0.693750023841858
0.466666668653488
0.0526315793395042
~
-0.612500011920929
0.658333361148834
0.0526315793395042
-0.518750011920929
0.616666674613953
0.0526315793395042
-0.693750023841858
0.466666668653488
0.0526315793395042
~
-0.612500011920929
0.658333361148834
0.0526315793395042
-0.518750011920929
0.616666674613953
0.0526315793395042
-0.693750023841858
0.466666668653488
0.0526315793395042
~
-0.612500011920929
0.658333361148834
0.0526315793395042
-0.518750011920929
0.616666674613953
0.0526315793395042
-0.693750023841858
0.466666668653488
0.0526315793395042
~
-0.612500011920929
0.658333361148834
0.0526315793395042
-0.518750011920929
0.616666674613953
0.0526315793395042
-0.693750023841858
0.466666668653488
0.0526315793395042
~
-0.618749976158142
0.658333361148834
0.0526315793395042
-0.53125
0.633333325386047
0.0526315793395042
-0.699999988079071
0.466666668653488
0.0526315793395042
~
-0.618749976158142
0.658333361148834
0.0526315793395042
-0.53125
0.633333325386047
0.0526315793395042
-0.699999988079071
0.466666668653488
0.0526315793395042
~
-0.618749976158142
0.658333361148834
0.0526315793395042
-0.53125
0.633333325386047
0.0526315793395042
-0.699999988079071
0.466666668653488
0.0526315793395042
~
-0.618749976158142
0.658333361148834
0.0526315793395042
-0.53125
0.633333325386047
0.0526315793395042
-0.699999988079071
0.466666668653488
0.0526315793395042
~
-0.618749976158142
0.658333361148834
0.0526315793395042
-0.53125
0.633333325386047
0.0526315793395042
-0.699999988079071
0.466666668653488
0.0526315793395042
~
-0.625
0.658333361148834
0.0526315793395042
-0.537500023841858
0.625
0.0526315793395042
-0.712499976158142
0.474999994039536
0.0526315793395042
~
-0.625
0.658333361148834
0.0526315793395042
-0.537500023841858
0.625
0.0526315793395042
-0.712499976158142
0.474999994039536
0.0526315793395042
~
-0.625
0.658333361148834
0.0526315793395042
-0.537500023841858
0.625
0.0526315793395042
-0.712499976158142
0.474999994039536
0.0526315793395042
~
-0.625
0.658333361148834
0.0526315793395042
-0.537500023841858
0.625
0.0526315793395042
-0.712499976158142
0.474999994039536
0.0526315793395042
~
-0.625
0.658333361148834
0.0526315793395042
-0.537500023841858
0.625
0.0526315793395042
-0.712499976158142
0.474999994039536
0.0526315793395042
~
-0.625
0.658333361148834
0.0526315793395042
-0.537500023841858
0.633333325386047
0.0526315793395042
-0.706250011920929
0.466666668653488
0.0526315793395042
~
-0.625
0.658333361148834
0.0526315793395042
-0.537500023841858
0.633333325386047
0.0526315793395042
-0.706250011920929
0.466666668653488
0.0526315793395042
~
-0.625
0.658333361148834
0.0526315793395042
-0.537500023841858
0.633333325386047
0.0526315793395042
-0.706250011920929
0.466666668653488
0.0526315793395042
~
----
@f
~
~
~
~
~
~
~
~
~
~
~
~
~
~
~
~
~
~
~
~
~
~
~
~
~
~
~
~
~
~
~
~
~
~
----