@Alone
-0.708211555615558
-1.44352765171879
-0.432284694812951
-0.729407260259857
-1.30320111043504
-0.462438991768021
-0.651680375242562
-0.740926102515233
-0.133562669219959
0.708626688281831
-0.764200860577825
-0.395140503680858
0.66218215470415
-1.42395160087917
-0.849587799988529
0.692859283837969
-1.59381517404853
-0.904171479450005
~
-0.708258060141173
-1.44342661981381
-0.432890052489579
-0.729308430026012
-1.30252215915208
-0.462672213161687
-0.651889750707917
-0.740673057849559
-0.133960243227065
0.707524687934971
-0.764123041354471
-0.395227992602484
0.660240450128646
-1.42485884667102
-0.851061985632974
0.692359980965054
-1.59467200522314
-0.90440792894544
~
-0.709570451042142
-1.44402106025865
-0.433257146057834
-0.730586098240952
-1.30310840131933
-0.463027324175492
-0.65337446685149
-0.741369420398761
-0.134256093433725
0.706015377739135
-0.764990567032968
-0.395575535476444
0.656386612135431
-1.427097570399
-0.853931976841902
0.691098159000202
-1.59695168666594
-0.905289387700329
~
-0.709679983254817
-1.44333061680604
-0.434065311224326
-0.730638123662869
-1.30243442841366
-0.463675771272494
-0.653529023714817
-0.74140485006953
-0.13545192577188
0.704167917614773
-0.764990278133025
-0.395831928307928
0.655518848231738
-1.42534604288837
-0.853065606998601
0.688501879792015
-1.59501971768303
-0.905125043743313
~
-0.709376764638391
-1.44778396107046
-0.425856152747803
-0.730651436790873
-1.3057649392462
-0.456001753881015
-0.652552047706151
-0.738153783651398
-0.124327836541214
0.720374884258346
-0.761842384165066
-0.387153684585193
0.685846689104796
-1.41375217048883
-0.833695155614548
0.701119908510607
-1.58448156144351
-0.897464498918964
~
-0.709033528114276
-1.4469992408253
-0.424456465851583
-0.730298971724606
-1.30492466359024
-0.454656118221456
-0.652320885800871
-0.737151857831696
-0.122567456425319
0.721350434316619
-0.76068804635645
-0.385226405141064
0.716599894447888
-1.30658930667549
-0.765343115428782
0.70653871278367
-1.52814168523503
-0.874498561637586
~
-0.709378380868693
-1.44760083504505
-0.428433667377544
-0.730225428999168
-1.3024650862476
-0.457220152700199
-0.652219144829229
-0.735568727224818
-0.123938431379082
0.720643252553672
-0.759808589272234
-0.38535587901711
0.662948388986407
-1.4367079145737
-0.859916830935503
0.708909922860283
-1.6084461515265
-0.901798211621112
~
-0.71093842266307
-1.45265080791885
-0.449474786909526
-0.729949741571196
-1.2969443693227
-0.472862812328876
-0.653535543831598
-0.738215230490979
-0.135206645617647
0.708514147369514
-0.761510829435019
-0.391254557745186
0.653931408862458
-1.43458915359286
-0.859958362386887
0.696898024203097
-1.60484197875735
-0.904623655590429
~
-0.713009437141641
-1.45813098821049
-0.485317722766901
-0.729958030226579
-1.28829715952716
-0.502956929958622
-0.65572864781851
-0.741449131854953
-0.146250442131536
0.705258481641438
-0.76199140642215
-0.393824258638193
0.659272762291689
-1.42580019773977
-0.85260750027229
0.690732952731129
-1.59602904713352
-0.90468277598901
~
-0.698853649495607
-1.42542757126164
-0.731614806764688
-0.726706396860741
-1.26776859490789
-0.544889747806285
-0.655732379547388
-0.740461346640382
-0.149513097278535
0.712858756289552
-0.761116440253429
-0.391180696646959
0.668744279445052
-1.42536348388509
-0.850338441111737
0.697031189298273
-1.59660406939187
-0.904446272930218
~
-0.671725080154609
-1.35983335819374
-0.804297256950939
-0.702162137842899
-1.22604706932358
-0.600056082639739
-0.656207067793563
-0.73407264706395
-0.153823578748341
0.713433012056513
-0.758589881144212
-0.391009413996644
0.668135184258542
-1.42332145611595
-0.85066428266979
0.697022494592763
-1.59464057201962
-0.904412704917419
~
-0.731156240669591
-1.29324352167412
-0.829292717234652
-0.780948124507477
-1.15814240020986
-0.630972338486725
-0.658091136731882
-0.70913338642851
-0.156242063268896
0.708116438834513
-0.758824966474329
-0.395078372096111
0.713694597080803
-1.29948870808953
-0.771997292541534
0.6972606300073
-1.51863601501425
-0.880472876999334
~
-0.518138701435864
-1.18498336775009
-1.06274284003393
-0.760083752445087
-1.10187636378058
-0.652697178055821
-0.667128653040306
-0.674584710230561
-0.142420280214998
0.720594431504642
-0.748094055304993
-0.38620379756692
0.726071163357811
-1.29323498454737
-0.765782487641562
0.709172226943035
-1.51386825712336
-0.875628434919423
~
-0.446925678695
-1.01144465083784
-1.08309925429182
-0.728280558642526
-1.01256922109341
-0.717909111030949
-0.678206911465769
-0.650709972970846
-0.147466694076402
0.724816159119498
-0.74463491687289
-0.384768032963502
0.734087730427831
-1.29163002421394
-0.764900478121229
0.714973003808994
-1.51213180889391
-0.876312864172791
~
-0.362650997009756
-0.847526956452137
-1.09323427899945
-0.695215366434216
-0.930220732044412
-0.798397703241927
-0.702105052722232
-0.634685303086331
-0.185954140029334
0.726275706595134
-0.742699582480982
-0.384806737027274
0.696999314548448
-1.40887840400438
-0.836371875209644
0.695640832245734
-1.62260840094074
-0.923315534239718
~
-0.304829578412866
-0.679756781916738
-1.04252365947593
-0.538264329424588
-0.840552128810843
-0.855866201332764
-0.871179233725304
-0.677836343987677
-0.287895331025606
0.728848375039845
-0.742572597420871
-0.384639646863532
0.698227709021551
-1.40889828770455
-0.836856994890945
0.701105103128335
-1.59410095155391
-0.912478561385467
~
-0.262079037386771
-0.567463996058166
-0.998990937337848
-0.560091836468586
-0.870980741369311
-0.910247345630123
-0.794658763024058
-0.628484067176807
-0.328731881718231
0.711544775397
-0.748765085271779
-0.396716993058086
0.683226501065658
-1.40291493822242
-0.837846170407253
0.682325113492307
-1.61451045095914
-0.926305082450702
~
-0.215065739846837
-0.468231375942472
-0.944270446821793
-0.311307584902224
-0.516057291228549
-0.896298572760958
-0.771140551176306
-0.667921579389089
-0.386149055385794
0.71491412547691
-0.752827153707626
-0.399036376127446
0.684956274305
-1.40956611158097
-0.842621714300061
0.686555199181044
-1.59670184564889
-0.9205915379623
~
0.0128742274084426
-0.313532183253245
-0.965438635818639
-0.125908214972618
-0.392623487516768
-0.878886672449064
-0.771266968912568
-0.656223235465741
-0.37785665561967
0.71430855117548
-0.753968179877424
-0.398867186806764
0.682234936189479
-1.40817866096214
-0.842059489028672
0.684644285141012
-1.58883083809578
-0.917542973839133
~
0.0346642184306218
-0.293660834325061
-0.937257760940976
-0.10481991889204
-0.373152011071049
-0.850267986745122
-0.746557394939309
-0.64046538969034
-0.407799197486216
0.717641247565449
-0.759961874558748
-0.398735700428185
0.680695922185006
-1.43504944490495
-0.853735320577434
0.688944741710723
-1.6039860378204
-0.922541310840138
~
0.0220206354439895
-0.263435318075785
-0.902577195117485
-0.123769788257893
-0.346520415568783
-0.811655262535025
-0.855273876504598
-0.611089072447409
-0.301394178818627
0.727454009116769
-0.773517390670128
-0.365111471036608
0.688362360324987
-1.48356360848001
-0.842711650235049
0.699486172000184
-1.66030729926573
-0.91386446797416
~
0.0327209167649079
-0.253959400251406
-0.867560350150285
-0.113363070574748
-0.337211835337202
-0.776455100593042
-0.825038999556291
-0.601978022698742
-0.322802579271966
0.73162237309109
-0.774729766756515
-0.364102237486335
0.705340622165541
-1.44532189147096
-0.818763307054687
0.702849206380585
-1.63688573561693
-0.903660262485105
~
0.0601903709185678
-0.260791072468497
-0.852851546373402
-0.0800055356019852
-0.340687927526542
-0.765418160304701
-0.773239491345096
-0.598411178736557
-0.353883678760917
0.719355900721351
-0.767589937121864
-0.393811497881209
0.693160494139408
-1.41484538050123
-0.832791869054582
0.691668212371881
-1.59191867748832
-0.911189775283226
~
0.0647010604421053
-0.242334235431046
-0.825176150187907
-0.078628269986199
-0.324016817565625
-0.735788642326267
-0.795133229422163
-0.593107838258296
-0.333212386538991
0.731001638590295
-0.767712960432869
-0.375415045105934
0.705901440361497
-1.41928199518309
-0.818669460995279
0.701902013920057
-1.6082204691561
-0.903120999625174
~
0.0674870097846482
-0.237903686233676
-0.814777394651888
-0.0766902499552325
-0.320069501601547
-0.724860706786493
-0.799607002489729
-0.592859178711242
-0.328972435741163
0.737275501693823
-0.770481730892367
-0.372690003778926
0.708859000892953
-1.43021541821434
-0.822558552359866
0.707029090979857
-1.61276752889835
-0.901989419480035
~
-0.216443437600105
-0.30506934861885
-0.914800545083532
-0.360962056003437
-0.387429686090747
-0.82467137122631
-0.800408375008824
-0.590655293328843
-0.326170508363694
0.741222554877232
-0.771770048153569
-0.372421462775471
0.713320123921275
-1.42660564630946
-0.819888693145803
0.709765723600351
-1.61285920795529
-0.90124001515791
~
-0.221409936746498
-0.305887678449913
-0.919345904312636
-0.366124549813916
-0.388359697189377
-0.829093885978792
-0.800355362923077
-0.590692738551161
-0.32392670909793
0.742914708424306
-0.773194974178495
-0.373442232613158
0.714882264548103
-1.42552621140584
-0.819798106619161
0.711237473074888
-1.61479023643271
-0.902471251718603
~
-0.237202623868813
-0.364690632418222
-0.900389576102678
-0.381893455067465
-0.447149015216465
-0.810152234821173
-0.82505683177441
-0.598926720480291
-0.294467291275862
0.744157802980229
-0.774299555685429
-0.373641006557729
0.713457827491143
-1.43089374406159
-0.821828413910947
0.710977366227169
-1.61244745772806
-0.900819919216135
~
-0.233083993127455
-0.362865656216883
-0.914160895730577
-0.377959062231596
-0.445429044684062
-0.823808955603688
-0.814840874431863
-0.595118916841614
-0.300477942207573
0.745430503403682
-0.775203603682789
-0.373652439254416
0.715255069472445
-1.4261241127307
-0.819964593491727
0.712125118669659
-1.61333554761006
-0.901806126195848
~
-0.226388019611503
-0.381859069140109
-0.928389424911554
-0.370093883632423
-0.463756115951536
-0.83876628309883
-0.801039941886812
-0.595563596778374
-0.312676325561755
0.742922152177069
-0.778704002915809
-0.383217637239868
0.710203238101479
-1.42959977314568
-0.830569064359827
0.70967217604044
-1.6096760287275
-0.907273034754489
~
-0.236084166532211
-0.414934908258145
-0.925170324533923
-0.379869224363135
-0.496877144088823
-0.835497707335268
-0.815639498274112
-0.598429506364987
-0.305959575411825
0.743117908744911
-0.784141505613954
-0.388327162955971
0.711570502431059
-1.43174561996831
-0.833266474185835
0.710082674489113
-1.6146154660522
-0.911831766932097
~
-0.235633308601333
-0.413142227323792
-0.934904026084709
-0.380041434283462
-0.495439534036385
-0.844843054642001
-0.812211635774774
-0.596185323377765
-0.307936235134247
0.744920345299207
-0.784647861031711
-0.383981698878357
0.712266415890525
-1.44205045337665
-0.834176175230286
0.712023424688228
-1.61825939471794
-0.909709390012919
~
-0.240227398099669
-0.40692827084935
-0.943239130206715
-0.38419173391162
-0.488972650129029
-0.853454635360298
-0.808174766968242
-0.599746808338493
-0.314500265443925
0.742192846329281
-0.789285998302644
-0.389706044359936
0.732346588477307
-1.35217549496558
-0.781551474219011
0.71870494907304
-1.57794353428331
-0.899267808966647
~
----
@TapLeftShoulder
-0.7077519769247
-1.47489164368545
-0.454760864105488
-0.727618361454339
-1.29321576993271
-0.377202195055699
-0.654372809009967
-0.719932714904929
-0.0656107834718867
0.697452975126514
-0.766615754973551
-0.389937104622969
0.69071236916782
-1.32217839957429
-0.744763933572972
0.67345378471141
-1.55150089163165
-0.846974464984271
~
-0.707488688808422
-1.47353198235864
-0.455008216408784
-0.727804669335076
-1.29167476239511
-0.37499861286901
-0.653775082860987
-0.718393845034675
-0.0650483389002331
0.696696106842286
-0.765298548013344
-0.389884966544712
0.69013719232171
-1.32047465406403
-0.744161407387975
0.672547247195859
-1.55001588084838
-0.845329935387577
~
-0.695742479141788
-1.51786042282926
-0.482433030309729
-0.725602760382203
-1.29213212718791
-0.374692318007771
-0.653708321626742
-0.718112386284425
-0.0634804580449031
0.698518158972245
-0.764677133730641
-0.388645220716795
0.692238118780375
-1.32066118680917
-0.743445309427219
0.674853743349902
-1.55059478343826
-0.844841442800676
~
-0.695712127032622
-1.5169430890233
-0.48377116720461
-0.725229952747321
-1.2918084682384
-0.375893579255355
-0.654088703061472
-0.718790170178464
-0.0659414115970006
0.695338065023543
-0.76502483538377
-0.390038467639398
0.688848330984883
-1.31965222356952
-0.744136693985474
0.671633222529722
-1.54917407339807
-0.845219904995637
~
-0.695509786744954
-1.5176168702546
-0.479539571450439
-0.724415958014199
-1.29163772123912
-0.370900007119496
-0.652491622024644
-0.71618298119132
-0.0605974669847679
0.70199541693196
-0.761945524637423
-0.385399011366913
0.695434865612706
-1.31855235348449
-0.740947639263216
0.678818260671902
-1.5493455775041
-0.841760102689119
~
-0.693471894785371
-1.51688493682418
-0.479347982293046
-0.722404646363655
-1.29073197091187
-0.370437082090684
-0.652013665435181
-0.715111803639999
-0.0588963307522217
0.703038699121674
-0.760607363381636
-0.383688673093764
0.697227487060512
-1.31769242073809
-0.7394305737461
0.679806412370956
-1.54857316986007
-0.840596135300385
~
-0.694219697810509
-1.5172993985832
-0.483467561414445
-0.722909972425622
-1.29200478443097
-0.375122781774506
-0.652728150923684
-0.718905770201872
-0.0648557668272425
0.696524392902942
-0.764057245299651
-0.388029289257281
0.691265075135542
-1.31894060144883
-0.74190217988858
0.673709457771245
-1.54878417126591
-0.842813855558214
~
-0.69297702828395
-1.51690090814869
-0.489123690030607
-0.722894857271027
-1.29233913890601
-0.38054595697222
-0.653549821861311
-0.721207302268804
-0.0688294823219341
0.692996288992327
-0.766410551327382
-0.391015980523586
0.688189498839354
-1.32031880425617
-0.744085147298803
0.67188782040419
-1.54893678116055
-0.846945326885046
~
-0.695553032003769
-1.51237922722336
-0.491451452768853
-0.723151135670736
-1.28767295690057
-0.380374980490754
-0.652750010893281
-0.716212256868942
-0.0642691207963113
0.698628208586753
-0.761517385054788
-0.38491070325455
0.694131581819422
-1.31733688519173
-0.739285818542067
0.678331514682537
-1.54711066212009
-0.841983710511519
~
-0.832185233066723
-1.40890482732571
-0.502827410285549
-0.732506844853125
-1.28564336070704
-0.403486177837154
-0.658385413619296
-0.717240037981645
-0.0767878393390629
0.701166532171809
-0.761599235552131
-0.382638107392252
0.696868999240948
-1.31939881058614
-0.738302182204351
0.683993685451182
-1.54966293983712
-0.842582997049095
~
-0.839675366135941
-1.42276755247657
-0.526136507244008
-0.736004847622794
-1.27849731317265
-0.4645715397159
-0.667061356561105
-0.724346915668823
-0.103182558658318
0.703469024948791
-0.763807294370118
-0.381217513789006
0.699045207654606
-1.32424886742213
-0.739033288263233
0.684026388657635
-1.55616048701615
-0.842479395583914
~
-0.714326193635177
-1.45740243444251
-0.722821508418779
-0.726293273529564
-1.25862794275023
-0.564003761327872
-0.675006444768049
-0.736086446738412
-0.149025870999274
0.704638408111706
-0.763538820787778
-0.380223252849871
0.700029762998857
-1.32451452992051
-0.738790133155215
0.684831156455477
-1.55665843673344
-0.84250021360091
~
-0.684267287562419
-1.33445719699483
-0.880505883312682
-0.715801933757264
-1.19818606200074
-0.66964895912708
-0.680481163048143
-0.722945772795311
-0.181525305022512
0.696105183874843
-0.761642232157194
-0.38376799599738
0.662498985574019
-1.41979114725172
-0.796782022404377
0.673713762389402
-1.59736553014862
-0.854394639151235
~
-0.567934320972818
-1.23193456330048
-1.23567633681382
-0.67803275882988
-1.05712009947581
-0.770542476158062
-0.682860807730211
-0.666904343388111
-0.20361936765346
0.69875896690103
-0.758755510100818
-0.382092264519155
0.665980149622602
-1.42929374247839
-0.796948510582792
0.67554178015049
-1.60547211132711
-0.859801325566667
~
-0.472295986933685
-0.935983365002416
-1.28708600351893
-0.694167040489728
-0.859933803658993
-0.913144278006675
-0.696678679796818
-0.596747479141444
-0.291098481963982
0.694151163856726
-0.762464205841948
-0.388476208139674
0.698788217075168
-1.31749511316376
-0.744322583998699
0.675537193834252
-1.54582624392582
-0.849479615713053
~
-0.28557100292609
-0.621522653939079
-1.36260601988522
-0.449122320572273
-0.719042272555001
-1.08095665758371
-0.716304211744477
-0.501952978384802
-0.32546734164633
0.694652246434821
-0.765086393209704
-0.392182271002148
0.697071143779842
-1.319980773574
-0.748857490216347
0.674872530577734
-1.54864493794313
-0.853808011843354
~
-0.0207680961123373
-0.287422354031328
-1.40703433080313
-0.169411862170287
-0.336593582296796
-1.23876545278513
-0.705589650634231
-0.533587696436663
-0.541491364007873
0.699242783994822
-0.784268619272199
-0.406727509871996
0.681051162245709
-1.34182193793116
-0.767695330578538
0.669681041265854
-1.57650272168385
-0.865090244164678
~
0.016125557361064
-0.109923849945996
-1.18799501231706
-0.162752829557516
-0.260753497979167
-1.09030955955326
-0.570127678229235
-0.529579504578886
-0.633875517904764
0.69795122707428
-0.795469464921913
-0.416686352129187
0.679853243791503
-1.35137053346526
-0.776331668011227
0.66920082683247
-1.58537785142328
-0.873370816880404
~
0.171934223036026
0.174456903417521
-1.06641406579303
0.0305499460648353
-0.015880732031349
-0.990731507827462
-0.548577869785241
-0.490308900823543
-0.575737374321832
0.683429078310564
-0.780432580350062
-0.409221777530186
0.649912339140147
-1.38746169247119
-0.794312417420207
0.654308558273466
-1.56048283883077
-0.856651623785087
~
0.126022689551851
0.184485340259402
-0.899418823406352
-0.00861315197966364
0.00323274257858727
-0.82734912290446
-0.494694385708439
-0.403865793561656
-0.600337081124799
0.632484927963969
-0.77232835224687
-0.39816614290733
0.59927543170527
-1.35728597451288
-0.768051644836164
0.603542837482338
-1.52199567418629
-0.827556377082109
~
0.0944805101894254
0.320859001620878
-0.689811613684011
-0.0525793031850926
0.122880611165329
-0.611091211964601
-0.587229235698385
-0.50506835618869
-0.67414765139244
0.638831297334838
-0.768323842934082
-0.257757756694095
0.604672598457262
-1.43767605158622
-0.670155797533541
0.609201666736312
-1.61568844941373
-0.740187243950429
~
0.289154917702659
0.374622157016996
-0.645854143417574
0.093944404474171
0.111821278524793
-0.54135859876615
-0.617956636793269
-0.752569760817545
-0.715373085318471
0.927115387719478
-0.957867145139711
-0.14924734111573
0.942454550507879
-2.0119034298414
-0.711162060493855
0.948532775603487
-2.24509152709352
-0.81166557705645
~
0.334431994276775
-0.414019746876434
-0.619330164992177
0.13566640432143
-0.68160658889251
-0.512932125866224
-0.525467001247225
-1.26969866373281
-0.459984030999445
0.954352069666212
-0.979218808785494
-0.147808209556713
1.01515980419271
-1.78576388960973
-0.593085340659636
0.985794154814347
-2.10006531449919
-0.744026989314472
~
0.323042660481819
-0.376248784382734
-0.622876613294263
0.121748585070946
-0.64723955114084
-0.515124288185663
-0.534877482346726
-1.25686847830451
-0.469202327833129
0.987949982588693
-1.01061320214772
-0.174141919668511
1.03318061359672
-1.80673807552072
-0.639599833050785
1.00442623032824
-2.12584618194407
-0.790956592443877
~
0.324866481238885
-0.349853793660792
-0.639033167156383
0.124235812604834
-0.619951485017414
-0.531636477411812
-0.533066059109921
-1.22445762815069
-0.484000570669283
1.00010937480429
-1.02554039713041
-0.192082989562839
1.02778312754067
-1.81129683373701
-0.67214397485608
0.999726382376933
-2.12999842038221
-0.821748552126149
~
0.318895289806471
-0.331208083240943
-0.642023688911099
0.119208562807777
-0.600035084469308
-0.535132382040151
-0.53505096692079
-1.20157297622136
-0.487614839371117
1.00199161196919
-1.03413307475664
-0.202660013970762
1.01720663298703
-1.81098721870074
-0.690489598493534
0.989653917090259
-2.12856484397499
-0.838657757712574
~
0.314252709225006
-0.321895535085287
-0.638619804235544
0.115027581963814
-0.590101088111502
-0.531975902667485
-0.534894578619558
-1.19320820232673
-0.486233309426612
1.00224974265494
-1.03620318520243
-0.207129048353767
1.01278844005456
-1.80944787145139
-0.697113292840299
0.985268713692207
-2.12652137777796
-0.844438907306714
~
0.308875026942676
-0.31074674579611
-0.637097388104275
0.111166700360639
-0.576910245963321
-0.531265290521169
-0.533584526131657
-1.17759301106225
-0.486586059310043
0.99628848894957
-1.03448653486518
-0.211105414728285
1.00148695476201
-1.79985978355022
-0.70086904874498
0.973697948280138
-2.1146702337745
-0.846657050476747
~
0.305906778643475
-0.309512408635948
-0.638159807396985
0.10815845947704
-0.575729765141913
-0.532306326029749
-0.536644294798667
-1.17568054743239
-0.487361841879876
0.995115490012558
-1.03687809542328
-0.213383077387811
0.99808923746425
-1.80162510595565
-0.70454592955464
0.97035589520832
-2.11663541892785
-0.850081040785902
~
0.309331561970987
-0.310106343232912
-0.64567022774634
0.111879047438843
-0.575925397339465
-0.539975822976483
-0.535652501095939
-1.16980373924649
-0.492370309028098
0.993390023720667
-1.0374693448906
-0.215780640096812
0.994383500575936
-1.80023385149884
-0.707590215375029
0.966299995451367
-2.11476803107805
-0.852842082367435
~
0.29834397211437
-0.308102555038145
-0.633267775742988
0.101103995510254
-0.57363535201174
-0.527686854266828
-0.542917661768611
-1.1698350340047
-0.481987231643061
0.991447423529505
-1.03552991301515
-0.216490468906961
0.949741713320319
-1.95326612425822
-0.794320562804433
0.95352514003017
-2.19466267754776
-0.881362054139474
~
0.300103228613949
-0.306479244875997
-0.636761141289847
0.102332344459025
-0.572726743224526
-0.530896611240429
-0.544221454778893
-1.16960280343546
-0.484514420514143
0.993405383114799
-1.03744058195821
-0.218032460812225
0.997225315196376
-1.79882461219281
-0.714969622156875
0.966405690780113
-2.11471051403767
-0.858059193326254
~
0.309045009192935
-0.30735213463345
-0.649829784021113
0.111222332658195
-0.573669409717542
-0.543936960006038
-0.540132265052664
-1.16561323301996
-0.49445022972777
0.993041444867265
-1.03649514254434
-0.219124784045574
0.996637181496
-1.79801948647825
-0.716198659741412
0.965893160907467
-2.11386499668345
-0.859615640989277
~
----
@TapRightShoulder
-0.822172106652465
-1.44179466881858
-0.574554083650721
-0.767120897053704
-1.26497173176191
-0.504149145769265
-0.700022062866865
-0.701155615480656
-0.137228388102903
0.694663171690278
-0.766581125530811
-0.369369989341175
0.69760731652564
-1.32958642504253
-0.744508180597066
0.689915965053262
-1.56876443070185
-0.865283748201905
~
-0.822862758542806
-1.44186798774155
-0.570650530843254
-0.763532623741242
-1.26494656463032
-0.503249724613052
-0.698145777269109
-0.700419678519
-0.135287635630129
0.697317435375906
-0.765770168140788
-0.368534010205662
0.699686074187754
-1.32932780459345
-0.744622854055324
0.691009372018815
-1.56818307232713
-0.866798651300218
~
-0.824307118873043
-1.43879108458691
-0.567523837281846
-0.762185485616371
-1.26250157475957
-0.500502184041048
-0.695909611458594
-0.697649479421867
-0.132158391209234
0.698298968483882
-0.764383974477777
-0.368331797189435
0.70123290268222
-1.32856647555702
-0.744459962215215
0.690720971320663
-1.56648869625043
-0.868779201130289
~
-0.827338674538583
-1.43841677966496
-0.563425855193899
-0.761387568755348
-1.26229666522356
-0.499348916160995
-0.693948171732658
-0.697052466703261
-0.131157665868452
0.700209697032632
-0.763910862531489
-0.368837776809468
0.70322643736992
-1.32829673058756
-0.745369459217313
0.691177229494898
-1.56582451171959
-0.870628770853697
~
-0.823120071246974
-1.43647326241542
-0.565365986554011
-0.758314623572429
-1.26071163504245
-0.499459362617196
-0.692361763228777
-0.696049803971897
-0.13061779932672
0.699761812668614
-0.763617077190025
-0.369860263800012
0.681398811256106
-1.43148772812587
-0.802069997314044
0.691529932780817
-1.61035144350776
-0.887748008608247
~
-0.824373675690403
-1.43658634037112
-0.56431625215012
-0.758780798280338
-1.26104160154126
-0.498602660024583
-0.691269431638589
-0.696328852785841
-0.130161554190724
0.699858046213801
-0.762914515008056
-0.369605965349119
0.707650868396604
-1.32856596438426
-0.74326954467055
0.690358123011209
-1.5642991103337
-0.871010206480435
~
-0.826636240560447
-1.43600621291746
-0.561749653390538
-0.757539181933042
-1.26081148111689
-0.498742019732768
-0.690560455824584
-0.69616895848015
-0.130064686934335
0.700193747778533
-0.762931010247862
-0.36995715973666
0.707591891264676
-1.32840367840223
-0.74393974608593
0.68958434035631
-1.56408397902714
-0.871685309030811
~
-0.828102176959191
-1.43474717608651
-0.560665952406917
-0.754897643313365
-1.26034436692397
-0.500023268899855
-0.689953122069738
-0.696113310113183
-0.129972633504796
0.700546208766308
-0.763618568687147
-0.370690766608352
0.707568704148621
-1.32887185315221
-0.745304911621448
0.688665535430193
-1.56417266838557
-0.873728311602539
~
-0.830676841494847
-1.43293608827471
-0.558679189574696
-0.753087648362134
-1.25949553613407
-0.500753525167469
-0.688543959396843
-0.695965287659556
-0.129308172077394
0.700666063043347
-0.763411887169521
-0.371030164096617
0.679453475382971
-1.4388633311452
-0.846561957884961
0.693411455360919
-1.63986070276244
-0.947067693506696
~
-0.832621072220707
-1.43164326753014
-0.557341068193896
-0.750925116535431
-1.25914137027085
-0.501972349372798
-0.688177447223056
-0.695992958728093
-0.128723476252466
0.70222859588458
-0.766726298909269
-0.375239406237705
0.655037532219957
-1.43624488701682
-0.909792102077415
0.704148788960659
-1.58891119280193
-1.0271713205747
~
-0.830612060507567
-1.43251735217387
-0.559335867062103
-0.754953295108641
-1.25856686078576
-0.500614368855288
-0.687838269757567
-0.695437680515888
-0.129282872451557
0.702623643378823
-0.76660962897393
-0.393382850626832
0.674391665515377
-1.25241113099765
-0.916344500623453
0.676762579997083
-1.38375519441988
-1.15867705445663
~
-0.829512936634763
-1.43117181742464
-0.561993325054076
-0.756752250298145
-1.25676066013669
-0.502278596954549
-0.688090929715862
-0.695158802136188
-0.13126731213545
0.69118746828477
-0.738864540832427
-0.419498818644857
0.706707404506041
-1.02987296140571
-1.04753799638893
0.604668684448615
-1.14833638478013
-1.29339596951634
~
-0.823374359992505
-1.42403455332409
-0.565327252458577
-0.757356552717954
-1.24931094859359
-0.502187456716146
-0.687848291786909
-0.690845248690291
-0.133242634661991
0.701841443084537
-0.598320152807479
-0.436969863482889
0.650421612162947
-0.844023229302233
-1.07937054067329
0.491538682547413
-0.878720070476507
-1.42691055514093
~
-0.821693878417147
-1.41038931999636
-0.568502113327812
-0.758794778513607
-1.23752795494743
-0.505280966116107
-0.688482030117992
-0.686856359491745
-0.141110770874315
0.715480761916985
-0.606633878713579
-0.562323975001268
0.390111979819113
-0.571555312929953
-1.33019520745887
0.36512222495337
-0.578378384282702
-1.35943502721087
~
-0.821316890885987
-1.42130752058454
-0.583741403028859
-0.7613682145828
-1.24956496290236
-0.519629406418525
-0.692554222982451
-0.703956906728796
-0.15761283335381
0.681324729749005
-0.612360388879293
-0.728066603893617
0.26466782421656
-0.410754507314724
-1.20633165911466
0.164090255629741
-0.315125660412856
-1.32456162521618
~
-0.810114748750959
-1.43107226000395
-0.601311215207703
-0.753233780712781
-1.26151062578952
-0.536118598707575
-0.688775107241402
-0.72298347406323
-0.178127273536504
0.610173632380679
-0.573936165589893
-0.698004639670043
0.187590241820744
-0.288768658069061
-1.10600336811396
0.0327903589920954
-0.136412856314736
-1.2196762804178
~
-0.8043228301574
-1.42474723344966
-0.595930162478424
-0.748019590572221
-1.25616934780142
-0.531045932086996
-0.685442714641432
-0.719754022205078
-0.176895429159772
0.568281626059184
-0.508746406776134
-0.682929869386019
0.127855753417535
-0.207516533983292
-1.04794628741458
-0.194460106058623
0.0616066403091543
-1.13515172322911
~
-0.798340621593886
-1.40425683865878
-0.569357520053131
-0.743340285207122
-1.23620243068258
-0.503825850674916
-0.683596361264422
-0.698739308495558
-0.155230617080949
0.534685227458204
-0.46956196102898
-0.663131716428108
0.0717049401729223
-0.112949983302248
-0.917954652202268
-0.12072828077164
0.053097177220553
-0.940130536009053
~
-0.793500619451924
-1.4012629211167
-0.553490598484784
-0.738120614788189
-1.23266115013174
-0.489023500559751
-0.679282650570773
-0.694155419243707
-0.140529757950015
0.343294566961756
-0.676116034171781
-0.612675408842484
0.12836664455859
-0.12498245930725
-0.84932645374823
-0.0660565955627769
0.0407024587138886
-0.847647298355289
~
-0.789916866431706
-1.39760530948478
-0.540237595109167
-0.734841319959702
-1.22849331030969
-0.47640007419582
-0.67673622298556
-0.688875392202012
-0.12868860153128
0.337699835987012
-0.683419524962185
-0.614400945745666
0.160460217012072
-0.109055471618257
-0.821514490350034
-0.0410002069004356
0.044847472565893
-0.788526622247007
~
-0.822256865412373
-1.44984770390882
-0.532146575348301
-0.767157866108196
-1.27474612179108
-0.466170459725006
-0.706729687577486
-0.717562859633846
-0.107619640635957
0.307365062213236
-0.711316582482949
-0.613727156921217
0.201106521630301
-0.087604130471223
-0.775139042624693
-0.012806883728828
0.0529030748543426
-0.710748430601484
~
-0.880501270272619
-1.53979640437814
-0.502551453953631
-0.825235770837645
-1.35493818684244
-0.432352242031242
-0.761992407101677
-0.767930760454179
-0.0558526458584479
0.290143239054324
-0.763898036471077
-0.580123195287371
-0.210545447270492
-0.000311761677904349
-0.538476981628527
-0.421816573003649
0.153532950827295
-0.444357456450333
~
-0.812417538827696
-1.45388388715687
-0.490648941219149
-0.761654756066555
-1.27696939695371
-0.422895278886917
-0.701002092046795
-0.71600780439433
-0.0637833772397678
0.378818717998525
-0.746268519403186
-0.436132194776218
-0.169548111962512
-0.0636587814375211
-0.45232683585349
-0.376761715088628
0.0704894150026341
-0.354976179783392
~
-1.05928953076776
-1.78443131196361
-0.484457549706419
-0.999145156974638
-1.57326385221346
-0.402458579575909
-0.927826188216577
-0.902472265540267
0.0261173254682041
0.360934141741946
-0.953122311975567
-0.426342507696091
-0.245481482648483
-0.10004901171382
-0.460002238003591
-0.490573029029764
0.0649346949799365
-0.344839900512685
~
-1.09618643110886
-1.92120806811308
-0.494079300019662
-1.03351536058317
-1.69183065392047
-0.402722744300306
-0.957669643713645
-0.962429907561331
0.0627071578958613
0.366506921032304
-1.05399827627314
-0.504627837027486
-0.267414271540092
-0.110389086029758
-0.514055422117605
-0.534517986581941
0.0686010651342455
-0.389991786724435
~
-1.02955771868224
-1.99255918985027
-0.5540712890936
-1.01866613357001
-1.68419559159776
-0.395933755916685
-0.944154373639702
-0.94974731644584
0.0715302887018172
0.363059350216114
-1.0727662554994
-0.538880836989434
-0.278353040310241
-0.125708858521275
-0.55263865586238
-0.546546224409701
0.0547116156553089
-0.427199415613509
~
-1.06852488484019
-1.91038699345674
-0.500291510492174
-1.01329471128553
-1.68101468101729
-0.402889882659074
-0.94241737470345
-0.947899441869186
0.0603439298490724
0.364557518702634
-1.06184086016477
-0.537095399184202
-0.274354711049091
-0.118680473530278
-0.550847855295484
-0.541504211730226
0.060998715435254
-0.425953646055625
~
-1.06536442454233
-1.90591383629145
-0.508476742008577
-1.00920570494083
-1.67732355497652
-0.411962094430661
-0.940951223694107
-0.945753575090441
0.0485976203072271
0.365751622832405
-1.04980674115059
-0.537844152296977
-0.271045008552126
-0.109746235271276
-0.55149083644871
-0.537321176849248
0.0693408247499716
-0.427008372840375
~
-1.06555779716799
-1.90632492422108
-0.517224881489284
-1.00990964720044
-1.67664744115969
-0.421817865843549
-0.941481696936737
-0.943229447026914
0.0385168420030988
0.365818504952693
-1.04385757288361
-0.546301368822004
-0.272191704002955
-0.102216406596704
-0.560057512078344
-0.538963165514022
0.0771610414524342
-0.435373417915686
~
-1.06369269298181
-1.90252202799515
-0.526084799184711
-1.00656297782374
-1.67252745199932
-0.435193608414517
-0.937321168831805
-0.94142497129071
0.0218344050366431
0.366495261335394
-1.03257498386091
-0.549828066888479
-0.2689338128523
-0.0948053236324152
-0.56353549933859
-0.534625934551644
0.0838312154450489
-0.439362858779542
~
-1.05771299748927
-1.89280803715647
-0.530403180864913
-1.00002890693762
-1.66426966424982
-0.441065469418183
-0.931617758437984
-0.938544221689406
0.0134342709347198
0.367522286085382
-1.02124927717442
-0.548101256758557
-0.263545392556648
-0.0899938229226042
-0.561747360687904
-0.527417128428821
0.0874038791595497
-0.438435695978294
~
-1.05735203129964
-1.88524307406707
-0.527745767758407
-0.997270821548162
-1.65709557744891
-0.441415451420777
-0.927732103418535
-0.93419813254031
0.0119235055402913
0.443314661115219
-0.865086397252646
-0.354724605855598
-0.185689949745755
0.0629224948323673
-0.368408030016486
-0.448693508789157
0.239707723453097
-0.245514083322483
~
-1.05970762239798
-1.88509799206463
-0.529875316196283
-0.996595616853976
-1.65799368406153
-0.444822382082745
-0.925169648545122
-0.935757498817936
0.00473289608460673
0.457055203104982
-0.851774629414027
-0.328434342259921
-0.170302793797756
0.0738047409446963
-0.342085074672096
-0.432637771970529
0.250140549362634
-0.219503343462938
~
----