@Alone
-0.967383246468505
-1.38982692291152
0.00183023798739146
-0.910227562733569
-1.19131082969191
0.0326183618437491
-0.887398109419275
-0.520915243105283
0.211593512383316
0.695093663918458
-0.748152611596166
-0.481199542186741
0.742596685988847
-1.17000963104457
-0.983836975946766
0.746738015758952
-1.27548343904716
-1.1165058366095
~
-1.0162559939123
-1.38061994829063
0.0797277418561073
-0.957318789567886
-1.17591583002258
0.111475574714025
-0.930356845409496
-0.484713098205729
0.282534860671449
0.736984242656929
-0.732155232202775
-0.50142604898837
0.790999715192126
-1.16124324095866
-1.0249175573147
0.789288643968553
-1.22585038746811
-1.10415671371987
~
-1.04941462814047
-1.37775778756317
0.142254180545538
-0.988933414986461
-1.16769111045729
0.174833699756981
-0.963025616989452
-0.453742257262029
0.346950062023005
0.782564253702875
-0.747158169386444
-0.552869825761125
0.82942547612666
-1.19054387050584
-1.08815887864398
0.829309255562313
-1.17689917766108
-1.09664780488281
~
-1.06366420252062
-1.33952724822511
0.204884298056028
-1.00298471158016
-1.12877171904635
0.237569810358569
-0.975431356783185
-0.41284811226908
0.399157001742145
0.769059256074303
-0.716633309637299
-0.509577946655932
0.845376315595406
-1.12700974986337
-1.07244496378925
0.873354193099428
-1.13186197915854
-1.13822577803768
~
-1.10117214254952
-1.22949347403356
0.269674221823073
-1.04283078664065
-1.0485509463688
0.298391343809819
-0.98644254736084
-0.38764929189649
0.431169225505335
0.750865136267247
-0.699867946438755
-0.501148335313878
0.861020258543343
-1.0900349934159
-1.07784523729199
0.869449415251047
-1.09139262122244
-1.09788301584385
~
-1.13044136465096
-1.19486677769953
0.314948563939616
-1.07784503966439
-1.05249893947704
0.34147633536517
-0.99212220785595
-0.381961674349002
0.449272793547822
0.752712387462809
-0.69989456429174
-0.510376665944536
0.927445643273035
-1.03121987803177
-1.12153598824806
0.878271886197942
-1.07155133074873
-1.07962291624577
~
-1.15433533748393
-1.1780349096086
0.346787021517932
-1.11611357995288
-1.07826103139081
0.374918224603576
-0.976118002718009
-0.404236007896197
0.452976942952987
0.7615149269646
-0.708991225404725
-0.516629111129332
0.889775662350373
-1.06350775933594
-1.13913203093814
0.8847938908949
-1.05633803446605
-1.06829227349084
~
-1.16619149458692
-1.16698280846938
0.362785038185967
-1.12537012471803
-1.06208378176006
0.392344398149104
-0.992317170767045
-0.381475205344533
0.465081619017226
0.765798331242903
-0.711986764752355
-0.52176208246463
0.94116095074975
-1.04517117612084
-1.15066521105478
0.886797796777268
-1.048563179845
-1.05851039868708
~
-1.17400547425077
-1.16093867574034
0.370225085123887
-1.12861834035186
-1.04973940520784
0.400729662413457
-1.01409656220944
-0.361324200558833
0.470687933778182
0.768567136993509
-0.715556318014879
-0.52361655192326
0.929590381075336
-1.08868049991735
-1.13762642891387
0.889715650848094
-1.04866350983599
-1.05105070446581
~
-1.17875098510446
-1.16010683848943
0.376059207964122
-1.1320760561075
-1.04432878515638
0.407091777515943
-1.01953105226982
-0.352293272709267
0.475799364773564
0.7701171893912
-0.71885764861863
-0.525161149177329
0.941045918696554
-1.09731499433814
-1.13688054943101
0.891176950104062
-1.05078955704844
-1.04219137003893
~
-1.18058592392096
-1.15927291070303
0.37810410195411
-1.13392565337136
-1.04292704417821
0.409319838154694
-1.01973731822252
-0.349032253498735
0.477779010943968
0.771877839022172
-0.722505428726365
-0.523777537556833
0.944988003542248
-1.10550842945303
-1.13449941851296
0.894954749023625
-1.05308514495236
-1.03733761062357
~
-1.18043547964805
-1.15515113221731
0.379046714316291
-1.1339080551723
-1.03712888519413
0.410336865908447
-1.01739688792732
-0.344612490740233
0.478399055153354
0.770932282468168
-0.724007025496686
-0.521223646989289
0.952313603253244
-1.09223230086823
-1.13785258782423
0.893060936223701
-1.050840166145
-1.02831702599933
~
-1.1834859323589
-1.15333295907081
0.381126449330931
-1.13716490955459
-1.0361276395579
0.412992221817531
-1.0198338539429
-0.342671857361455
0.477389159774261
0.77088986003115
-0.726794887058064
-0.519644065441771
0.921980083250942
-1.12605062113939
-1.1253239338968
0.972343490990873
-1.25913590297276
-1.31173335484173
~
-1.18340149876393
-1.15008212613913
0.379621725817296
-1.13650082832754
-1.03209575314749
0.411889063847624
-1.02235292177024
-0.338924990946801
0.4734852862208
0.770542703460034
-0.726850297142636
-0.518002859586133
0.949788044481166
-1.0930804654995
-1.13664731274822
0.890238165708155
-1.05071152508807
-1.01684432980836
~
-1.14999829427916
-1.2320467346081
0.344056580835731
-1.08797536776681
-1.03359278517463
0.376977272072283
-1.02614019401989
-0.335015036927815
0.470590700720841
0.771376115525392
-0.728153157507675
-0.515774714595141
0.865770168182954
-1.15738225241884
-1.11069103276375
0.887753996431971
-1.05496197777709
-1.01364517407446
~
-1.16527321742632
-1.18429305878866
0.35309375355071
-1.10935617405325
-1.03105802971122
0.383729597590427
-1.02637533337489
-0.333821832338462
0.469641406963618
0.643945756831603
-0.815802237093482
-0.476432489779549
0.974768982843239
-1.0455501808349
-1.09929321913015
0.883731779607378
-1.06120574100211
-1.01051388049629
~
-1.1701009395057
-1.19408596748505
0.350737166010606
-1.11290753387009
-1.02961070207437
0.381800908510015
-1.02818095518656
-0.331504498036553
0.47085042274106
0.64779294350613
-0.817899879993051
-0.474673783101872
0.972716957483632
-1.04926006408752
-1.10182253443616
0.882951260837693
-1.06612975426529
-1.0098375206498
~
-1.17600446226207
-1.17497837204822
0.356744982277973
-1.12233827962149
-1.0293970659675
0.38739539381842
-1.02672346241308
-0.332511463451149
0.469723082370402
0.649627893507497
-0.818418745616856
-0.47270931519701
0.970530714515449
-1.04933200076013
-1.10201233978201
0.881634139781222
-1.06760905838692
-1.00784799765393
~
-1.17855128455226
-1.17120923435187
0.359911479463604
-1.12594193472596
-1.03070480622395
0.39071528819645
-1.02686368644441
-0.333362342297942
0.469895572234242
0.653394287281474
-0.81894438212647
-0.471763634952125
0.971199686738262
-1.05152445016735
-1.10307180879768
0.883413258326651
-1.06911678997056
-1.00775097998898
~
-1.18131577850074
-1.1698244681295
0.362801561439714
-1.12901740960082
-1.03129709851607
0.39386252299405
-1.02911229716335
-0.332969250942335
0.470605320903062
0.655693393128836
-0.819708349570452
-0.471058556377483
0.97312259026212
-1.05364850446659
-1.1032604622878
0.885625974572419
-1.07096236830615
-1.0083750334983
~
-1.18254199070057
-1.16584946366652
0.364669854261526
-1.13103487322665
-1.03074027392914
0.395790225997431
-1.02881556617276
-0.332842765650941
0.470881044097572
0.656035868621917
-0.819767172261928
-0.470253118802918
0.974151131035021
-1.05321816317697
-1.102057486907
0.885902433985045
-1.07097619954577
-1.00779636037289
~
-1.18309141509939
-1.16413388575987
0.366157406819811
-1.13202459737056
-1.03076701104544
0.397335763280432
-1.02832769826845
-0.333011418113164
0.471473684425273
0.656478658473932
-0.819932285534439
-0.46959646878575
0.975256755434371
-1.05317901688205
-1.10115386108243
0.88631985631798
-1.0711293874093
-1.00747049614527
~
-1.18247066640579
-1.16244787865063
0.367129100285338
-1.13163749247149
-1.02971348014946
0.39830483409106
-1.02713343553575
-0.332702435828383
0.472059076632566
0.656109593268004
-0.819817092036228
-0.46871754016172
0.976484831343786
-1.04999284097454
-1.09980272393382
0.885958206994739
-1.06997523354767
-1.00644186055751
~
-1.1815783286624
-1.16006318421094
0.367769605726095
-1.13076309729522
-1.0271548102504
0.398960993448554
-1.02640429361365
-0.331256358787793
0.47225512050772
0.65508503739331
-0.819216026208074
-0.467934758271146
0.978002043747058
-1.04463199906102
-1.09801858683044
0.88512353402095
-1.06756352222908
-1.00457566215576
~
-1.05778988125752
-1.48946269861649
0.297554265568614
-0.993446122550583
-1.26598030419414
0.332214428842637
-1.02212026583611
-0.332860219883806
0.473584597694308
0.653316540893533
-0.81823666599475
-0.467574753028224
0.984727291384916
-1.03274240174301
-1.09517367211848
0.886668600933299
-1.06156423571139
-1.0024884228843
~
-1.17672930421517
-1.14312038998341
0.374741842350452
-1.12938211975116
-1.02676007393354
0.405743229158611
-1.01966487043433
-0.333972974908704
0.475328142352265
0.652576905101696
-0.816012821195488
-0.469505879570678
0.999123599454039
-1.01431152054367
-1.09278985597691
0.892143087858947
-1.05451937709561
-1.00250532274161
~
-1.17824774942613
-1.1443551647575
0.376828857316816
-1.13121520852674
-1.02779912948399
0.408000099247559
-1.01920194973527
-0.335208887946675
0.476592622759461
0.653982309804029
-0.814384988304835
-0.471788777423988
1.02163461365082
-1.00103996232823
-1.08598665542584
0.899434985726025
-1.0480539908698
-1.00284208042042
~
-1.17855780232585
-1.14371613834203
0.378175647968345
-1.13240119001976
-1.02815791756363
0.409250254868169
-1.01614929584211
-0.336951714384549
0.478029401653346
0.654644578537128
-0.812801775757156
-0.472761295150088
1.02736289075779
-0.990043603866882
-1.08578938066472
0.90363861455265
-1.04231812691851
-1.00274315123527
~
-1.17822993295693
-1.14347221971585
0.378812928692129
-1.13218373804328
-1.02689238969474
0.409861745950469
-1.01462066951262
-0.337187683837794
0.478603542508899
0.653050205470488
-0.811609833924291
-0.472221087814452
1.0269079414341
-0.98770850191399
-1.08319780887943
0.90274827884255
-1.03918595881018
-1.00125470147967
~
-1.05654758767497
-1.48596333187447
0.30424155419377
-0.9924426993468
-1.26331059560817
0.338773044749637
-1.01377740155601
-0.337861868111765
0.479145221510104
0.64920626349384
-0.812068897471949
-0.471317490708245
1.02238994970007
-0.98073660673605
-1.08399707572979
0.897470003491373
-1.03666105610464
-0.997780193124727
~
-1.17459360895165
-1.14862469096989
0.378941583943471
-1.12740006110395
-1.02927033905662
0.410041041246711
-1.01401447920448
-0.338612496083189
0.479238258092515
0.647248108126231
-0.814627431271689
-0.470857223189228
1.02025338553621
-0.981673754038263
-1.08545249143301
0.895997326513421
-1.03832837394897
-0.997797753582483
~
-1.05991311579852
-1.48449445308238
0.304237449822515
-0.995937624999376
-1.26229114765756
0.338699237588656
-1.01310183654359
-0.33519308215348
0.478334939904959
0.641591720897973
-0.814241362203305
-0.468417134738057
1.01432979604361
-0.974471422231515
-1.0815340571666
0.890039907848156
-1.03359047490633
-0.992798836999671
~
-1.16814461592217
-1.13599453249012
0.371415754341472
-1.1203851116115
-1.01644090349011
0.401219381733119
-1.01299918729874
-0.331230840198132
0.477109671513701
0.637396838893744
-0.812158449743487
-0.465876091741341
1.00692556480488
-0.968862115594127
-1.07784107968019
0.884316657495756
-1.02842087740307
-0.987641496282241
~
----