@uno
-0.487500011920929
0.666666686534882
-0.091184213757515
-0.368750005960464
0.641666650772095
-0.0921052619814873
~
-0.487500011920929
0.666666686534882
-0.091184213757515
-0.368750005960464
0.641666650772095
-0.0921052619814873
~
-0.487500011920929
0.658333361148834
-0.091184213757515
-0.362500011920929
0.633333325386047
-0.0926315784454346
~
-0.487500011920929
0.658333361148834
-0.091184213757515
-0.362500011920929
0.633333325386047
-0.0926315784454346
~
-0.487500011920929
0.658333361148834
-0.091184213757515
-0.362500011920929
0.633333325386047
-0.0926315784454346
~
-0.487500011920929
0.658333361148834
-0.091184213757515
-0.362500011920929
0.633333325386047
-0.0926315784454346
~
-0.487500011920929
0.658333361148834
-0.091184213757515
-0.362500011920929
0.633333325386047
-0.0926315784454346
~
-0.487500011920929
0.658333361148834
-0.091184213757515
-0.375
0.649999976158142
-0.0917105227708817
~
-0.487500011920929
0.658333361148834
-0.091184213757515
-0.375
0.649999976158142
-0.0917105227708817
~
-0.487500011920929
0.658333361148834
-0.091184213757515
-0.375
0.649999976158142
-0.0917105227708817
~
-0.487500011920929
0.658333361148834
-0.091184213757515
-0.375
0.649999976158142
-0.0917105227708817
~
-0.487500011920929
0.658333361148834
-0.091184213757515
-0.375
0.649999976158142
-0.0917105227708817
~
-0.481249988079071
0.666666686534882
-0.0917105227708817
-0.362500011920929
0.649999976158142
-0.0930263176560402
~
-0.481249988079071
0.666666686534882
-0.0917105227708817
-0.362500011920929
0.649999976158142
-0.0930263176560402
~
-0.481249988079071
0.666666686534882
-0.0917105227708817
-0.362500011920929
0.649999976158142
-0.0930263176560402
~
-0.481249988079071
0.666666686534882
-0.0917105227708817
-0.362500011920929
0.649999976158142
-0.0930263176560402
~
-0.481249988079071
0.666666686534882
-0.0917105227708817
-0.362500011920929
0.649999976158142
-0.0930263176560402
~
-0.481249988079071
0.658333361148834
-0.0917105227708817
-0.368750005960464
0.633333325386047
-0.0935526341199875
~
-0.481249988079071
0.658333361148834
-0.0917105227708817
-0.368750005960464
0.633333325386047
-0.0935526341199875
~
-0.481249988079071
0.658333361148834
-0.0917105227708817
-0.368750005960464
0.633333325386047
-0.0935526341199875
~
-0.481249988079071
0.658333361148834
-0.0917105227708817
-0.368750005960464
0.633333325386047
-0.0935526341199875
~
-0.481249988079071
0.658333361148834
-0.0917105227708817
-0.368750005960464
0.633333325386047
-0.0935526341199875
~
-0.481249988079071
0.666666686534882
-0.0917105227708817
-0.368750005960464
0.641666650772095
-0.0935526341199875
~
-0.481249988079071
0.666666686534882
-0.0917105227708817
-0.368750005960464
0.641666650772095
-0.0935526341199875
~
-0.481249988079071
0.666666686534882
-0.0917105227708817
-0.368750005960464
0.641666650772095
-0.0935526341199875
~
-0.481249988079071
0.666666686534882
-0.0917105227708817
-0.368750005960464
0.641666650772095
-0.0935526341199875
~
-0.481249988079071
0.666666686534882
-0.0917105227708817
-0.368750005960464
0.641666650772095
-0.0935526341199875
~
-0.481249988079071
0.658333361148834
-0.0917105227708817
-0.362500011920929
0.649999976158142
-0.0939473658800125
~
-0.481249988079071
0.658333361148834
-0.0917105227708817
-0.362500011920929
0.649999976158142
-0.0939473658800125
~
-0.481249988079071
0.658333361148834
-0.0917105227708817
-0.362500011920929
0.649999976158142
-0.0939473658800125
~
-0.481249988079071
0.658333361148834
-0.0917105227708817
-0.362500011920929
0.649999976158142
-0.0939473658800125
~
-0.481249988079071
0.658333361148834
-0.0917105227708817
-0.362500011920929
0.649999976158142
-0.0939473658800125
~
-0.481249988079071
0.658333361148834
-0.0921052619814873
-0.368750005960464
0.641666650772095
-0.0939473658800125
~
-0.481249988079071
0.658333361148834
-0.0921052619814873
-0.368750005960464
0.641666650772095
-0.0939473658800125
~
----
@dres
-0.418749988079071
0.741666674613953
-0.0907894745469093
-0.324999988079071
0.699999988079071
-0.0880263149738312
-0.487500011920929
0.666666686534882
-0.0876315757632256
~
-0.412499994039536
0.741666674613953
-0.091184213757515
-0.331250011920929
0.691666662693024
-0.0885526314377785
-0.481249988079071
0.675000011920929
-0.0872368440032005
~
-0.412499994039536
0.741666674613953
-0.091184213757515
-0.331250011920929
0.691666662693024
-0.0885526314377785
-0.481249988079071
0.675000011920929
-0.0872368440032005
~
-0.412499994039536
0.741666674613953
-0.091184213757515
-0.331250011920929
0.691666662693024
-0.0885526314377785
-0.481249988079071
0.675000011920929
-0.0872368440032005
~
-0.412499994039536
0.741666674613953
-0.091184213757515
-0.331250011920929
0.691666662693024
-0.0885526314377785
-0.481249988079071
0.675000011920929
-0.0872368440032005
~
-0.412499994039536
0.741666674613953
-0.091184213757515
-0.331250011920929
0.691666662693024
-0.0885526314377785
-0.481249988079071
0.675000011920929
-0.0872368440032005
~
-0.412499994039536
0.741666674613953
-0.091184213757515
-0.3125
0.699999988079071
-0.0889473706483841
-0.474999994039536
0.666666686534882
-0.0880263149738312
~
-0.412499994039536
0.741666674613953
-0.091184213757515
-0.3125
0.699999988079071
-0.0889473706483841
-0.474999994039536
0.666666686534882
-0.0880263149738312
~
-0.412499994039536
0.741666674613953
-0.091184213757515
-0.3125
0.699999988079071
-0.0889473706483841
-0.474999994039536
0.666666686534882
-0.0880263149738312
~
-0.412499994039536
0.741666674613953
-0.091184213757515
-0.3125
0.699999988079071
-0.0889473706483841
-0.474999994039536
0.666666686534882
-0.0880263149738312
~
-0.412499994039536
0.741666674613953
-0.091184213757515
-0.3125
0.699999988079071
-0.0889473706483841
-0.474999994039536
0.666666686534882
-0.0880263149738312
~
-0.400000005960464
0.75
-0.091184213757515
-0.3125
0.699999988079071
-0.0889473706483841
-0.462500005960464
0.666666686534882
-0.0880263149738312
~
-0.400000005960464
0.75
-0.091184213757515
-0.3125
0.699999988079071
-0.0889473706483841
-0.462500005960464
0.666666686534882
-0.0880263149738312
~
-0.400000005960464
0.75
-0.091184213757515
-0.3125
0.699999988079071
-0.0889473706483841
-0.462500005960464
0.666666686534882
-0.0880263149738312
~
-0.400000005960464
0.75
-0.091184213757515
-0.3125
0.699999988079071
-0.0889473706483841
-0.462500005960464
0.666666686534882
-0.0880263149738312
~
-0.400000005960464
0.75
-0.091184213757515
-0.3125
0.699999988079071
-0.0889473706483841
-0.462500005960464
0.666666686534882
-0.0880263149738312
~
-0.393750011920929
0.75
-0.091184213757515
-0.306250005960464
0.699999988079071
-0.0889473706483841
-0.456250011920929
0.666666686534882
-0.0880263149738312
~
-0.393750011920929
0.75
-0.091184213757515
-0.306250005960464
0.699999988079071
-0.0889473706483841
-0.456250011920929
0.666666686534882
-0.0880263149738312
~
-0.393750011920929
0.75
-0.091184213757515
-0.306250005960464
0.699999988079071
-0.0889473706483841
-0.456250011920929
0.666666686534882
-0.0880263149738312
~
-0.393750011920929
0.75
-0.091184213757515
-0.306250005960464
0.699999988079071
-0.0889473706483841
-0.456250011920929
0.666666686534882
-0.0880263149738312
~
-0.393750011920929
0.75
-0.091184213757515
-0.306250005960464
0.699999988079071
-0.0889473706483841
-0.456250011920929
0.666666686534882
-0.0880263149738312
~
-0.393750011920929
0.75
-0.0907894745469093
-0.3125
0.699999988079071
-0.0889473706483841
-0.456250011920929
0.666666686534882
-0.0880263149738312
~
-0.393750011920929
0.75
-0.0907894745469093
-0.3125
0.699999988079071
-0.0889473706483841
-0.456250011920929
0.666666686534882
-0.0880263149738312
~
-0.393750011920929
0.75
-0.0907894745469093
-0.3125
0.699999988079071
-0.0889473706483841
-0.456250011920929
0.666666686534882
-0.0880263149738312
~
-0.393750011920929
0.75
-0.0907894745469093
-0.3125
0.699999988079071
-0.0889473706483841
-0.456250011920929
0.666666686534882
-0.0880263149738312
~
-0.393750011920929
0.75
-0.0907894745469093
-0.3125
0.699999988079071
-0.0889473706483841
-0.456250011920929
0.666666686534882
-0.0880263149738312
~
-0.393750011920929
0.758333325386047
-0.0907894745469093
-0.3125
0.699999988079071
-0.0885526314377785
-0.462500005960464
0.666666686534882
-0.0885526314377785
~
-0.393750011920929
0.758333325386047
-0.0907894745469093
-0.3125
0.699999988079071
-0.0885526314377785
-0.462500005960464
0.666666686534882
-0.0885526314377785
~
-0.393750011920929
0.758333325386047
-0.0907894745469093
-0.3125
0.699999988079071
-0.0885526314377785
-0.462500005960464
0.666666686534882
-0.0885526314377785
~
-0.393750011920929
0.758333325386047
-0.0907894745469093
-0.3125
0.699999988079071
-0.0885526314377785
-0.462500005960464
0.666666686534882
-0.0885526314377785
~
-0.393750011920929
0.758333325386047
-0.0907894745469093
-0.3125
0.699999988079071
-0.0885526314377785
-0.462500005960464
0.666666686534882
-0.0885526314377785
~
-0.462500005960464
0.683333337306976
-0.0880263149738312
~
-0.462500005960464
0.683333337306976
-0.0880263149738312
~
-0.462500005960464
0.683333337306976
-0.0880263149738312
~
----
@tros
-0.456250011920929
0.733333349227905
-0.0772368386387825
-0.362500011920929
0.666666686534882
-0.0760526284575462
-0.5625
0.583333313465118
-0.0810526311397552
~
-0.456250011920929
0.733333349227905
-0.0772368386387825
-0.362500011920929
0.666666686534882
-0.0760526284575462
-0.5625
0.583333313465118
-0.0810526311397552
~
-0.456250011920929
0.733333349227905
-0.0772368386387825
-0.362500011920929
0.666666686534882
-0.0760526284575462
-0.5625
0.583333313465118
-0.0810526311397552
~
-0.456250011920929
0.733333349227905
-0.0772368386387825
-0.362500011920929
0.666666686534882
-0.0760526284575462
-0.5625
0.583333313465118
-0.0810526311397552
~
-0.456250011920929
0.733333349227905
-0.0772368386387825
-0.362500011920929
0.666666686534882
-0.0760526284575462
-0.5625
0.583333313465118
-0.0810526311397552
~
-0.456250011920929
0.733333349227905
-0.0768421068787575
-0.368750005960464
0.675000011920929
-0.0764473676681519
-0.5625
0.583333313465118
-0.0810526311397552
-0.506250023841858
0.691666662693024
-0.0782894715666771
~
-0.456250011920929
0.733333349227905
-0.0768421068787575
-0.368750005960464
0.675000011920929
-0.0764473676681519
-0.5625
0.583333313465118
-0.0810526311397552
-0.506250023841858
0.691666662693024
-0.0782894715666771
~
-0.456250011920929
0.733333349227905
-0.0768421068787575
-0.368750005960464
0.675000011920929
-0.0764473676681519
-0.5625
0.583333313465118
-0.0810526311397552
-0.506250023841858
0.691666662693024
-0.0782894715666771
~
-0.456250011920929
0.733333349227905
-0.0768421068787575
-0.368750005960464
0.675000011920929
-0.0764473676681519
-0.5625
0.583333313465118
-0.0810526311397552
-0.506250023841858
0.691666662693024
-0.0782894715666771
~
-0.456250011920929
0.733333349227905
-0.0768421068787575
-0.368750005960464
0.675000011920929
-0.0764473676681519
-0.5625
0.583333313465118
-0.0810526311397552
-0.506250023841858
0.691666662693024
-0.0782894715666771
~
-0.456250011920929
0.75
-0.0764473676681519
-0.368750005960464
0.683333337306976
-0.0764473676681519
-0.568750023841858
0.591666638851166
-0.0810526311397552
~
-0.456250011920929
0.75
-0.0764473676681519
-0.368750005960464
0.683333337306976
-0.0764473676681519
-0.568750023841858
0.591666638851166
-0.0810526311397552
~
-0.456250011920929
0.75
-0.0764473676681519
-0.368750005960464
0.683333337306976
-0.0764473676681519
-0.568750023841858
0.591666638851166
-0.0810526311397552
~
-0.456250011920929
0.75
-0.0764473676681519
-0.368750005960464
0.683333337306976
-0.0764473676681519
-0.568750023841858
0.591666638851166
-0.0810526311397552
~
-0.456250011920929
0.75
-0.0764473676681519
-0.368750005960464
0.683333337306976
-0.0764473676681519
-0.568750023841858
0.591666638851166
-0.0810526311397552
~
-0.456250011920929
0.741666674613953
-0.0772368386387825
-0.362500011920929
0.699999988079071
-0.0757894739508629
-0.5625
0.600000023841858
-0.0806578919291496
~
-0.456250011920929
0.741666674613953
-0.0772368386387825
-0.362500011920929
0.699999988079071
-0.0757894739508629
-0.5625
0.600000023841858
-0.0806578919291496
~
-0.456250011920929
0.741666674613953
-0.0772368386387825
-0.362500011920929
0.699999988079071
-0.0757894739508629
-0.5625
0.600000023841858
-0.0806578919291496
~
-0.456250011920929
0.741666674613953
-0.0772368386387825
-0.362500011920929
0.699999988079071
-0.0757894739508629
-0.5625
0.600000023841858
-0.0806578919291496
~
-0.456250011920929
0.741666674613953
-0.0772368386387825
-0.362500011920929
0.699999988079071
-0.0757894739508629
-0.5625
0.600000023841858
-0.0806578919291496
~
-0.462500005960464
0.741666674613953
-0.0772368386387825
-0.368750005960464
0.683333337306976
-0.0760526284575462
-0.5625
0.583333313465118
-0.0810526311397552
-0.518750011920929
0.691666662693024
-0.0790789499878883
~
-0.462500005960464
0.741666674613953
-0.0772368386387825
-0.368750005960464
0.683333337306976
-0.0760526284575462
-0.5625
0.583333313465118
-0.0810526311397552
-0.518750011920929
0.691666662693024
-0.0790789499878883
~
-0.462500005960464
0.741666674613953
-0.0772368386387825
-0.368750005960464
0.683333337306976
-0.0760526284575462
-0.5625
0.583333313465118
-0.0810526311397552
-0.518750011920929
0.691666662693024
-0.0790789499878883
~
-0.462500005960464
0.741666674613953
-0.0772368386387825
-0.368750005960464
0.683333337306976
-0.0760526284575462
-0.5625
0.583333313465118
-0.0810526311397552
-0.518750011920929
0.691666662693024
-0.0790789499878883
~
-0.462500005960464
0.741666674613953
-0.0772368386387825
-0.368750005960464
0.683333337306976
-0.0760526284575462
-0.5625
0.583333313465118
-0.0810526311397552
-0.518750011920929
0.691666662693024
-0.0790789499878883
~
-0.46875
0.741666674613953
-0.0757894739508629
-0.368750005960464
0.699999988079071
-0.0760526284575462
-0.568750023841858
0.591666638851166
-0.0802631601691246
-0.524999976158142
0.708333313465118
-0.0776315778493881
~
-0.46875
0.741666674613953
-0.0757894739508629
-0.368750005960464
0.699999988079071
-0.0760526284575462
-0.568750023841858
0.591666638851166
-0.0802631601691246
-0.524999976158142
0.708333313465118
-0.0776315778493881
~
-0.46875
0.741666674613953
-0.0757894739508629
-0.368750005960464
0.699999988079071
-0.0760526284575462
-0.568750023841858
0.591666638851166
-0.0802631601691246
-0.524999976158142
0.708333313465118
-0.0776315778493881
~
-0.46875
0.741666674613953
-0.0757894739508629
-0.368750005960464
0.699999988079071
-0.0760526284575462
-0.568750023841858
0.591666638851166
-0.0802631601691246
-0.524999976158142
0.708333313465118
-0.0776315778493881
~
-0.46875
0.741666674613953
-0.0757894739508629
-0.368750005960464
0.699999988079071
-0.0760526284575462
-0.568750023841858
0.591666638851166
-0.0802631601691246
-0.524999976158142
0.708333313465118
-0.0776315778493881
~
-0.46875
0.741666674613953
-0.0753947347402573
-0.375
0.683333337306976
-0.0747368410229683
-0.5625
0.583333313465118
-0.0802631601691246
-0.524999976158142
0.691666662693024
-0.0764473676681519
~
-0.46875
0.741666674613953
-0.0753947347402573
-0.375
0.683333337306976
-0.0747368410229683
-0.5625
0.583333313465118
-0.0802631601691246
-0.524999976158142
0.691666662693024
-0.0764473676681519
~
-0.46875
0.741666674613953
-0.0753947347402573
-0.375
0.683333337306976
-0.0747368410229683
-0.5625
0.583333313465118
-0.0802631601691246
-0.524999976158142
0.691666662693024
-0.0764473676681519
~
-0.46875
0.741666674613953
-0.0753947347402573
-0.375
0.683333337306976
-0.0747368410229683
-0.5625
0.583333313465118
-0.0802631601691246
-0.524999976158142
0.691666662693024
-0.0764473676681519
~
----
@four
-0.4375
0.891666650772095
-0.0764473676681519
-0.356249988079071
0.841666638851166
-0.0757894739508629
-0.550000011920929
0.733333349227905
-0.0782894715666771
~
-0.4375
0.891666650772095
-0.0764473676681519
-0.356249988079071
0.841666638851166
-0.0757894739508629
-0.550000011920929
0.733333349227905
-0.0782894715666771
~
-0.4375
0.891666650772095
-0.0764473676681519
-0.356249988079071
0.841666638851166
-0.0757894739508629
-0.550000011920929
0.733333349227905
-0.0782894715666771
~
-0.4375
0.891666650772095
-0.0764473676681519
-0.356249988079071
0.841666638851166
-0.0757894739508629
-0.550000011920929
0.733333349227905
-0.0782894715666771
~
-0.449999988079071
0.883333325386047
-0.0757894739508629
-0.362500011920929
0.824999988079071
-0.0757894739508629
-0.556249976158142
0.716666638851166
-0.0780263170599937
-0.5
0.850000023841858
-0.0764473676681519
~
-0.449999988079071
0.883333325386047
-0.0757894739508629
-0.362500011920929
0.824999988079071
-0.0757894739508629
-0.556249976158142
0.716666638851166
-0.0780263170599937
-0.5
0.850000023841858
-0.0764473676681519
~
-0.449999988079071
0.883333325386047
-0.0757894739508629
-0.362500011920929
0.824999988079071
-0.0757894739508629
-0.556249976158142
0.716666638851166
-0.0780263170599937
-0.5
0.850000023841858
-0.0764473676681519
~
-0.449999988079071
0.883333325386047
-0.0757894739508629
-0.362500011920929
0.824999988079071
-0.0757894739508629
-0.556249976158142
0.716666638851166
-0.0780263170599937
-0.5
0.850000023841858
-0.0764473676681519
~
-0.449999988079071
0.883333325386047
-0.0757894739508629
-0.362500011920929
0.824999988079071
-0.0757894739508629
-0.556249976158142
0.716666638851166
-0.0780263170599937
-0.5
0.850000023841858
-0.0764473676681519
~
-0.487500011920929
0.875
-0.0743421018123627
-0.393750011920929
0.833333313465118
-0.0743421018123627
-0.275000005960464
0.600000023841858
-0.0780263170599937
-0.581250011920929
0.708333313465118
-0.0772368386387825
-0.518750011920929
0.800000011920929
-0.0760526284575462
~
-0.487500011920929
0.875
-0.0743421018123627
-0.393750011920929
0.833333313465118
-0.0743421018123627
-0.275000005960464
0.600000023841858
-0.0780263170599937
-0.581250011920929
0.708333313465118
-0.0772368386387825
-0.518750011920929
0.800000011920929
-0.0760526284575462
~
-0.487500011920929
0.875
-0.0743421018123627
-0.393750011920929
0.833333313465118
-0.0743421018123627
-0.275000005960464
0.600000023841858
-0.0780263170599937
-0.581250011920929
0.708333313465118
-0.0772368386387825
-0.518750011920929
0.800000011920929
-0.0760526284575462
~
-0.487500011920929
0.875
-0.0743421018123627
-0.393750011920929
0.833333313465118
-0.0743421018123627
-0.275000005960464
0.600000023841858
-0.0780263170599937
-0.581250011920929
0.708333313465118
-0.0772368386387825
-0.518750011920929
0.800000011920929
-0.0760526284575462
~
-0.487500011920929
0.875
-0.0743421018123627
-0.393750011920929
0.833333313465118
-0.0743421018123627
-0.275000005960464
0.600000023841858
-0.0780263170599937
-0.581250011920929
0.708333313465118
-0.0772368386387825
-0.518750011920929
0.800000011920929
-0.0760526284575462
~
-0.412499994039536
0.850000023841858
-0.0732894763350487
-0.28125
0.600000023841858
-0.0776315778493881
-0.581250011920929
0.699999988079071
-0.0776315778493881
~
-0.412499994039536
0.850000023841858
-0.0732894763350487
-0.28125
0.600000023841858
-0.0776315778493881
-0.581250011920929
0.699999988079071
-0.0776315778493881
~
-0.412499994039536
0.850000023841858
-0.0732894763350487
-0.28125
0.600000023841858
-0.0776315778493881
-0.581250011920929
0.699999988079071
-0.0776315778493881
~
-0.412499994039536
0.850000023841858
-0.0732894763350487
-0.28125
0.600000023841858
-0.0776315778493881
-0.581250011920929
0.699999988079071
-0.0776315778493881
~
-0.412499994039536
0.850000023841858
-0.0732894763350487
-0.28125
0.600000023841858
-0.0776315778493881
-0.581250011920929
0.699999988079071
-0.0776315778493881
~
-0.412499994039536
0.875
-0.0728947371244431
-0.287499994039536
0.608333349227905
-0.0772368386387825
-0.600000023841858
0.699999988079071
-0.0768421068787575
~
-0.412499994039536
0.875
-0.0728947371244431
-0.287499994039536
0.608333349227905
-0.0772368386387825
-0.600000023841858
0.699999988079071
-0.0768421068787575
~
-0.412499994039536
0.875
-0.0728947371244431
-0.287499994039536
0.608333349227905
-0.0772368386387825
-0.600000023841858
0.699999988079071
-0.0768421068787575
~
-0.412499994039536
0.875
-0.0728947371244431
-0.287499994039536
0.608333349227905
-0.0772368386387825
-0.600000023841858
0.699999988079071
-0.0768421068787575
~
-0.412499994039536
0.875
-0.0728947371244431
-0.287499994039536
0.608333349227905
-0.0772368386387825
-0.600000023841858
0.699999988079071
-0.0768421068787575
~
-0.524999976158142
0.866666674613953
-0.0726315826177597
-0.4375
0.841666638851166
-0.0726315826177597
-0.306250005960464
0.608333349227905
-0.0776315778493881
-0.600000023841858
0.691666662693024
-0.0776315778493881
~
-0.524999976158142
0.866666674613953
-0.0726315826177597
-0.4375
0.841666638851166
-0.0726315826177597
-0.306250005960464
0.608333349227905
-0.0776315778493881
-0.600000023841858
0.691666662693024
-0.0776315778493881
~
-0.524999976158142
0.866666674613953
-0.0726315826177597
-0.4375
0.841666638851166
-0.0726315826177597
-0.306250005960464
0.608333349227905
-0.0776315778493881
-0.600000023841858
0.691666662693024
-0.0776315778493881
~
-0.524999976158142
0.866666674613953
-0.0726315826177597
-0.4375
0.841666638851166
-0.0726315826177597
-0.306250005960464
0.608333349227905
-0.0776315778493881
-0.600000023841858
0.691666662693024
-0.0776315778493881
~
-0.524999976158142
0.866666674613953
-0.0726315826177597
-0.4375
0.841666638851166
-0.0726315826177597
-0.306250005960464
0.608333349227905
-0.0776315778493881
-0.600000023841858
0.691666662693024
-0.0776315778493881
~
-0.524999976158142
0.875
-0.0722368434071541
-0.4375
0.858333349227905
-0.0722368434071541
-0.300000011920929
0.641666650772095
-0.0768421068787575
-0.612500011920929
0.699999988079071
-0.0764473676681519
~
-0.524999976158142
0.875
-0.0722368434071541
-0.4375
0.858333349227905
-0.0722368434071541
-0.300000011920929
0.641666650772095
-0.0768421068787575
-0.612500011920929
0.699999988079071
-0.0764473676681519
~
-0.524999976158142
0.875
-0.0722368434071541
-0.4375
0.858333349227905
-0.0722368434071541
-0.300000011920929
0.641666650772095
-0.0768421068787575
-0.612500011920929
0.699999988079071
-0.0764473676681519
~
-0.524999976158142
0.875
-0.0722368434071541
-0.4375
0.858333349227905
-0.0722368434071541
-0.300000011920929
0.641666650772095
-0.0768421068787575
-0.612500011920929
0.699999988079071
-0.0764473676681519
~
-0.524999976158142
0.875
-0.0722368434071541
-0.4375
0.858333349227905
-0.0722368434071541
-0.300000011920929
0.641666650772095
-0.0768421068787575
-0.612500011920929
0.699999988079071
-0.0764473676681519
~
----
@five
~
~
~
~
~
~
~
~
~
~
~
~
0.381249994039536
0.383333325386047
-0.0930263176560402
0.400000005960464
0.383333325386047
-0.0930263176560402
0.362500011920929
0.308333337306976
-0.0921052619814873
0.34375
0.324999988079071
-0.0930263176560402
0.362500011920929
0.366666674613953
-0.0930263176560402
~
0.381249994039536
0.383333325386047
-0.0930263176560402
0.400000005960464
0.383333325386047
-0.0930263176560402
0.362500011920929
0.308333337306976
-0.0921052619814873
0.34375
0.324999988079071
-0.0930263176560402
0.362500011920929
0.366666674613953
-0.0930263176560402
~
0.381249994039536
0.383333325386047
-0.0930263176560402
0.400000005960464
0.383333325386047
-0.0930263176560402
0.362500011920929
0.308333337306976
-0.0921052619814873
0.34375
0.324999988079071
-0.0930263176560402
0.362500011920929
0.366666674613953
-0.0930263176560402
~
0.381249994039536
0.383333325386047
-0.0930263176560402
0.400000005960464
0.383333325386047
-0.0930263176560402
0.362500011920929
0.308333337306976
-0.0921052619814873
0.34375
0.324999988079071
-0.0930263176560402
0.362500011920929
0.366666674613953
-0.0930263176560402
~
0.381249994039536
0.383333325386047
-0.0930263176560402
0.400000005960464
0.383333325386047
-0.0930263176560402
0.362500011920929
0.308333337306976
-0.0921052619814873
0.34375
0.324999988079071
-0.0930263176560402
0.362500011920929
0.366666674613953
-0.0930263176560402
~
~
~
~
~
~
~
~
~
~
~
~
~
~
~
~
~
~
----