@today
-0.485540434872143
-1.60959945725546
-1.2571725287689
-0.519535194853835
-1.39014786842321
-1.12391723196982
-0.621519474798914
-0.731793101926464
-0.676119987347469
0.748585585631471
-0.887354710553975
-0.129223610094743
0.774577403830974
-1.55306153271287
-0.542424405244514
0.783241343230808
-1.77496380676584
-0.664147974191135
~
-0.494215900476322
-1.61883350898361
-1.26289971116326
-0.525376794603556
-1.39671041424154
-1.12969640170762
-0.618859604419128
-0.730341257449194
-0.681737553898786
0.750065483561538
-0.868193736729085
-0.123556310742951
0.783558242260634
-1.54249437749646
-0.531207061344085
0.794722500470077
-1.7672612152743
-0.650974253441252
~
-0.504705393840383
-1.53825574798658
-1.21393491699097
-0.530982624605006
-1.32849006462098
-1.0899713091947
-0.609814439336662
-0.699193136961974
-0.671629548012504
0.70293054279079
-0.828899750427083
-0.126538719355191
0.73423015631778
-1.47930121839875
-0.513480330281661
0.744663355725203
-1.69610168731634
-0.626977466201595
~
-0.5190410225336
-1.56107680358756
-1.22745283246648
-0.543406397201431
-1.34996697861796
-1.10403145665108
-0.616502398711071
-0.716637564956072
-0.687298061371613
0.692964477692648
-0.846545112748058
-0.140315727933612
0.722936426606701
-1.49745655901534
-0.527163563088412
0.732927071140808
-1.71442710235136
-0.640622758878641
~
-0.521963736589511
-1.57399969024381
-1.23292259977367
-0.545141298765586
-1.36115893286337
-1.10961623963977
-0.614673862470147
-0.722636722133883
-0.693104493921429
0.695512221542876
-0.85161274538188
-0.141505142301017
0.722594777852921
-1.50377906837836
-0.530640476095257
0.731622301740589
-1.72116786318112
-0.644821529352669
~
-0.526010416790268
-1.55151114592642
-1.21891213374599
-0.547277472403384
-1.34166920037491
-1.09752863280304
-0.611078639242732
-0.712143485333975
-0.687246688641535
0.683158522269828
-0.843957723415709
-0.143355672173272
0.701181261636074
-1.4869664335742
-0.534428992411383
0.70718883635759
-1.7013026094869
-0.649409537637462
~
-0.524789437726337
-1.56046544963079
-1.22583040822174
-0.547137764821699
-1.35042123617654
-1.10390732503436
-0.614182868010631
-0.720288656765209
-0.691899837874348
0.684735306590007
-0.854535934961838
-0.150654365270989
0.705479620782546
-1.49849662480974
-0.543639400718925
0.712394392180058
-1.71315022872665
-0.659222073011773
~
-0.536576671406403
-1.60460071250645
-1.27478218476389
-0.55267288198456
-1.38743330265594
-1.14651120009519
-0.600961513719029
-0.735930946787313
-0.713789449909137
0.725801188789318
-0.891814536256091
-0.152184329697406
0.748134796230874
-1.55977001170167
-0.558150852478281
0.755579326781514
-1.78242185790304
-0.677503091166299
~
-0.536290728415831
-1.61921026187723
-1.28107884762114
-0.554349091300311
-1.40057394831066
-1.15264871805735
-0.608524179953751
-0.744665071135012
-0.719175337316439
0.730377624901506
-0.895355806549742
-0.155664922638788
0.764514433074948
-1.56773443716336
-0.562095861128595
0.775893369132763
-1.79186062619322
-0.68151167387788
~
-0.539197232919036
-1.61380243799365
-1.27391389053618
-0.553725295025807
-1.39243044785852
-1.14593587861609
-0.597309354492287
-0.728314350599303
-0.713896078503118
0.731840564082791
-0.892856647988418
-0.163779715570535
0.789443938357794
-1.56281442769571
-0.56925530817032
0.808645057830552
-1.78613375102505
-0.688378415114247
~
-0.540019971160192
-1.65833211110104
-1.301037382088
-0.555528548153919
-1.42958749939148
-1.16871891396258
-0.6020542791351
-0.743353728738926
-0.722864540524623
0.757227454551423
-0.905205561242279
-0.166816302523084
0.887450302773482
-1.56356532567926
-0.601561951353076
0.930857934966539
-1.78301853750749
-0.730177425307639
~
-0.536753160605103
-1.63199824470102
-1.27911377976793
-0.554160426643641
-1.41056591968488
-1.15082369624118
-0.606382096956355
-0.746269136340804
-0.71749186443608
0.771294364749559
-0.854462022314912
-0.136841119884753
0.916817263357873
-1.46428045565937
-0.627579202201284
0.96532488557707
-1.66755326677418
-0.775004958170966
~
-0.532643874917513
-1.65597175228759
-1.29509946108794
-0.559327027187986
-1.43591723663664
-1.16464563812033
-0.639376355465364
-0.775753625416786
-0.724548431949985
0.872473461011083
-0.76523497810359
0.0423080070668228
0.91913388769188
-1.0616714888435
-0.717297312698235
0.934687373963316
-1.1604836376678
-0.954253925886776
~
-0.524770934663108
-1.62859282574568
-1.31309964527286
-0.580632656646082
-1.4175333281317
-1.15677252826886
-0.748217952136342
-0.784354705748405
-0.638674802215015
0.947373345774153
-0.66996828052478
0.143470139340699
0.792517866932593
-0.820232280037171
-0.935347780602194
0.735549586659219
-0.972796674605932
-1.10438134823629
~
-0.546150960162379
-1.64351954449719
-1.29756539406332
-0.574732701589198
-1.42793170970701
-1.16097648272383
-0.660478054219049
-0.781168205336469
-0.70254581939896
1.03122169528673
-0.674104467641933
0.0108511711379155
0.91287643093732
-0.413095900199117
-0.752957867447092
0.641100103418796
-0.413441160068072
-0.953712491160936
~
-0.544330443505988
-1.7240911889785
-1.34231159177723
-0.569517008673361
-1.49939003962345
-1.2028000999249
-0.645076571392372
-0.825286790732957
-0.73392303414761
1.11795447515163
-0.646175758245188
-0.119247462001355
0.795615550841124
-0.0666804061950383
-0.611832685840579
0.563823252477741
-0.0419289629680352
-0.856273371776759
~
-0.517096162686474
-1.8636953630571
-1.47313963092638
-0.551266088120709
-1.61395832255179
-1.30861486984807
-0.653776014890075
-0.864747276269207
-0.758000481048422
1.31034265030322
-0.539894344519716
-0.17846519628164
0.860432513108249
0.134048763957798
-0.634031300028244
0.590331352327163
0.187035128401655
-0.819965661359249
~
-0.510901506708918
-1.89502826028771
-1.47888708416972
-0.54925807318443
-1.63780774756638
-1.31447885783764
-0.664327772610963
-0.86614636322432
-0.762953526819803
1.2984266969886
-0.39955110009926
-0.278526844976771
0.773997131374589
0.313978682484712
-0.597253811850433
1.02725565352532
0.204881829589584
-0.441953379969741
~
-0.66927965478237
-1.96024550598639
-1.38022824638527
-0.594166045175661
-1.70587703228697
-1.26762224051145
-0.368825144310195
-0.942771827324723
-0.875198175951706
1.1931552378542
-0.386730736523827
-0.315063504809344
0.588720245799727
0.192999439272832
-0.58367995363438
0.387241915114902
0.386242843212609
-0.655016658202835
~
-0.425136451419365
-1.76428689733695
-1.36011676276944
-0.483302783451995
-1.54734775283797
-1.21517106985919
-0.657801846392448
-0.896530252498459
-0.729672942668448
1.06419597718137
-0.444440439667881
-0.388418394099531
1.02269312862885
0.177919307101962
0.0649463737898207
1.00885885691844
0.385372556025243
0.232954890116186
~
-0.454199367676903
-1.78420776919788
-1.42952100294712
-0.516978327820591
-1.57072207552364
-1.27148959436721
-0.705315139991322
-0.930265131021573
-0.745664138624163
1.04015390036542
-0.578078228821838
-0.502960428466283
1.04339247774186
0.0588256970790967
-0.0401389871853428
1.04447201491073
0.271127005712742
0.13137847889563
~
-0.463157691919321
-1.58452201084345
-1.32260366376913
-0.534828547444632
-1.39643178794544
-1.16124678903182
-0.749841178546179
-0.832160925674586
-0.628277107513138
0.920503299840195
-0.540376108697127
-0.46022944302748
0.924570607260221
0.0572904356879252
-0.0174634697050083
0.925926387154498
0.256512617149609
0.146424873838066
~
-0.48914477249645
-1.64342525837953
-1.29444972534082
-0.546949534044362
-1.43738465884686
-1.14835487646123
-0.720363883497816
-0.819262925058574
-0.660958560848034
0.836575415982901
-0.657126957534847
-0.401318378459409
0.824281125487387
-0.0603652761234345
0.0475309302805153
0.820183028655549
0.138555311351086
0.213517956185298
~
-0.521519425072794
-1.66620780214499
-1.26653055706756
-0.569915135374648
-1.45370654311775
-1.12337894718508
-0.715102136065201
-0.816202570713519
-0.644586171429554
0.883311744480008
-0.584898329472073
-0.370189812101556
0.873719260508228
0.017272646596012
0.077482097326408
0.870521765850968
0.217996316136624
0.243152049171758
~
-0.533692820408977
-1.73719775563855
-1.31659442119897
-0.581880527585417
-1.52326966531116
-1.16825637232286
-0.726443649114739
-0.881485261880057
-0.673065532729291
0.887284547161699
-0.60292344458775
-0.378865700430058
0.877933684842784
0.0103547011419128
0.0755613277351122
0.874816730736479
0.214780738681055
0.243762479812621
~
-0.490954019283719
-1.69182238156139
-1.37090985375682
-0.541136236852054
-1.48930019906252
-1.20615443037135
-0.691682823054344
-0.881733518560489
-0.66150809706808
0.898145291445165
-0.606170672124438
-0.424532852762551
0.888790487464584
0.00973365332496893
0.0317183371408572
0.88567222501295
0.21503511730901
0.200595332820665
~
-0.505493571637469
-1.89179078606992
-1.41068044092256
-0.535982022995663
-1.63477044433369
-1.25400914758878
-0.627447309969308
-0.863709553326894
-0.733170334005643
0.914061102380859
-0.590271222774322
-0.434327722976475
0.858107476445909
-0.0373878200072991
0.096792296145579
0.839456267800926
0.146906647581709
0.290774125982687
~
-0.50483066287486
-1.76749829470104
-1.33697148484854
-0.5391559145153
-1.53315544453155
-1.19425753546876
-0.642131605317423
-0.830126765784689
-0.717548984417127
0.73780642759276
-0.743365794617638
-0.415584487641218
0.861975261063067
-0.0641059748704827
-0.126087840961008
0.903364877563103
0.162313986418302
-0.013400143255779
~
-0.460026918824997
-1.56189301749964
-1.2853055462566
-0.510907690085983
-1.3692306705131
-1.14565015771842
-0.663550003868942
-0.791243568662611
-0.680561598297045
0.691916949036627
-0.707111392634615
-0.398435227671675
0.798945947080806
-0.0957128039357946
-0.0603209254624589
0.834622269613721
0.108086725630479
0.0677578920217366
~
-0.446523545636989
-1.5441438902504
-1.27489379437628
-0.502986559011295
-1.35534361851773
-1.1347841158528
-0.672375659649642
-0.788942863835132
-0.668616821307555
0.708272992355792
-0.706167499833892
-0.35289645088172
0.856540846647074
-0.109913092129864
-0.0131497606779844
0.905963464744168
0.0888383972766213
0.115378717089339
~
-0.445994965815442
-1.54022734550738
-1.27265974201063
-0.503498072235142
-1.35203175292726
-1.13234151938175
-0.676007391494241
-0.787444914688004
-0.66556402386451
0.761865231338782
-0.714001379108381
-0.26583188276657
0.989211833907541
-0.118793995435724
0.0344115269085575
1.06499404484694
0.0796084708300696
0.149766939343799
~
-0.451275764235496
-1.54846041387212
-1.27531205279529
-0.507297681360977
-1.35913984545357
-1.13519735097931
-0.675363372131449
-0.791178200803892
-0.668949071014213
0.797431843067886
-0.726710356778727
-0.224007183772502
0.829186553668165
-0.0939646261474683
0.085251025401336
0.839771447100596
0.116950637598275
0.203638244207776
~
-0.487215352715188
-1.57717318384137
-1.25872694628858
-0.533278744494183
-1.37987846257078
-1.12406986685022
-0.671468858923074
-0.787994237850918
-0.673967324229599
0.752385553175983
-0.76815318209281
-0.245845782396174
0.870146833497675
-0.157961993817478
0.0906646238161948
0.909400608831929
0.0454350790923157
0.218212023077084
~
----
@age
0.19321158407007
-0.953733408058971
-0.974566389699932
0.000482620203549605
-1.14092627667423
-1.11803664247623
-0.728334681997598
-0.787097933104744
-0.639498048101225
0.716935929100281
-0.928978299518183
-0.22413796490651
0.763114513185109
-1.63265489145947
-0.590548694534177
0.874911809254646
-1.8191775069154
-0.670047006880825
~
0.19452260620329
-0.955678008392713
-0.973683637222573
0.00222168841288034
-1.14245512645715
-1.11683550337251
-0.726457416119256
-0.787374771649333
-0.639857768950814
0.708713786759287
-0.894460340766132
-0.209958127299165
0.758457649310043
-1.59756058348973
-0.572728310172914
0.873740035453934
-1.78274999641731
-0.648641699410855
~
0.192870528616472
-0.943929836742697
-0.962067074338021
0.00207638379891974
-1.12924346354208
-1.10409727468726
-0.719606097503187
-0.772111445062302
-0.631192358372891
0.703192859947405
-0.894092926566539
-0.208519635250446
0.756003672134943
-1.59291732882909
-0.565186089674878
0.864956184110417
-1.7779123312421
-0.645173820938186
~
0.195599385061026
-0.953893796774298
-0.967850562155504
0.00451418320418339
-1.13949005435838
-1.11009747754894
-0.71875142378955
-0.778472605363444
-0.636835062346645
0.708257742078204
-0.906182872461526
-0.212382254536607
0.751303558776501
-1.60485039542668
-0.573965428549563
0.903684725362187
-1.76836019133271
-0.625648308405501
~
0.196811772646092
-0.960240444038615
-0.97118547643043
0.0058214708342304
-1.14574462243768
-1.11336177045754
-0.730820139715128
-0.785765331398839
-0.636719610334393
0.71009651098062
-0.913108563977534
-0.215190028318929
0.752150917060906
-1.61269200412054
-0.57384543820302
0.888488092069538
-1.78502063789718
-0.639138692396195
~
0.18692307426845
-0.952632515318009
-0.962456143009279
-0.00164977586634709
-1.13578861938192
-1.10283234233336
-0.731949361734202
-0.775471835705655
-0.631642092015835
0.696356256560144
-0.906409787804487
-0.215974710197546
0.73886971900216
-1.59742999880903
-0.569424821388092
0.864021785520624
-1.77158959390724
-0.641588514733154
~
0.194917022219643
-0.989806139927779
-0.980903086296839
0.00492821415193929
-1.17433759393186
-1.12233355075303
-0.735976052281993
-0.785538196880614
-0.636264859849042
0.705962426780894
-0.894329894590836
-0.202205626071109
0.746276932312081
-1.58956149891461
-0.560981970843649
0.849683991144296
-1.77234258091358
-0.649571548296019
~
0.197164953519305
-1.0156227681587
-0.990474857856533
0.00649669765087172
-1.20081415492241
-1.13241055593899
-0.744241405654495
-0.860264985255099
-0.685087948185854
0.713924157799885
-0.912546528217547
-0.204819041172033
0.75149858305734
-1.6089159975823
-0.568194027683443
0.820102529263102
-1.80536717229672
-0.663079389949048
~
0.20026329505827
-1.01525856920749
-0.989520172897575
0.00821117625125812
-1.20179406984645
-1.13248573029643
-0.756314867196911
-0.845814965064503
-0.663874620034551
0.721455399458857
-0.917890918158929
-0.205051144075649
0.760824428992545
-1.62003273344918
-0.569293091144327
0.829415963989062
-1.8188839211698
-0.663098871182906
~
0.210879767291838
-1.11331166077006
-1.02957800359176
0.0188586059876176
-1.29981721783245
-1.17252163844801
-0.724900100927046
-0.869855868410445
-0.692982464349061
0.719483800540173
-0.920189676478349
-0.20651170947608
0.763719066587613
-1.62415861162866
-0.565451955969135
0.840837620374038
-1.81976947450484
-0.659254488086979
~
0.198602308284476
-0.977677918044416
-0.952331025854911
0.00686746708387681
-1.16390512472416
-1.0950607026361
-0.713845689991336
-0.833909208839462
-0.664598772842966
0.721836239960622
-0.917683921844257
-0.204331250719151
0.766344250041087
-1.62074278876815
-0.562138331967149
0.844607899692388
-1.81391065769384
-0.659043166710387
~
0.210198397939278
-1.02720884443731
-0.978483620766481
0.0161300169095878
-1.21570262426168
-1.12295119055843
-0.718646786785693
-0.861651988302277
-0.674679677697722
0.747497040328547
-0.923337789203611
-0.195736165326898
0.795244554281904
-1.63170982996881
-0.564549022783952
0.865358392314396
-1.82247069883104
-0.677662416451318
~
0.211533267981268
-1.02528788531384
-0.984582257195663
0.017480029760921
-1.2137670203071
-1.1290380838053
-0.71906788256925
-0.864626563390594
-0.676645867638513
0.816520966776614
-0.904689909385743
-0.158690389439933
0.912475670401518
-1.57697228753429
-0.588460958027604
0.957397947134208
-1.8212533633257
-0.781667217445882
~
0.209852641062416
-1.00773148599536
-0.97807657265719
0.0167978932761476
-1.19524081180099
-1.12178910962971
-0.71607192028216
-0.831682576339744
-0.655229356355179
0.907409209254951
-0.814679609863079
-0.0935529372764745
0.926604635154215
-1.46174591869565
-0.567723025345005
0.996329749190696
-1.60098641923003
-0.738847532394626
~
0.211273159574234
-1.00272645095346
-0.981211860372081
0.018628216332885
-1.18983777496158
-1.12461961490533
-0.711724135243338
-0.826125545499656
-0.659513293486191
1.00772033093625
-0.734354128450552
-0.0320136354434351
1.06993396074351
-1.26657685743114
-0.637902215679665
1.03737931425672
-1.32213714289332
-0.859582609547004
~
0.204443728620492
-0.923514055519003
-0.937643932726971
0.0138875245317738
-1.10859660914539
-1.07949647292866
-0.705269035284244
-0.819423451710464
-0.666057465464695
1.05631759338266
-0.590167541686658
-0.0168295953330879
1.15781352629355
-1.13941303162298
-0.587217178416522
1.2179690617574
-1.30432747302027
-0.733187050809797
~
0.69151816002668
-0.83332725131948
-1.0068015555379
0.263119410988875
-0.790649715423894
-1.08636165978777
-0.698360375066463
-0.819266225668353
-0.672613728573722
1.08892383343894
-0.535832055071818
-0.0299631218317396
1.15875490979921
-1.01968592401915
-0.660853692516881
1.1622931875156
-0.774147956270821
-0.375707674895495
~
0.499139007442817
-0.819233799698547
-0.924793661919772
0.295250457644016
-0.742509568756796
-0.983510047930368
-0.690807708595747
-0.81630705090049
-0.674473745371672
1.10308572222403
-0.479988724064079
-0.0541211686742535
1.18823519017148
-0.923467982787456
-0.708273713046473
1.15902955797862
-0.691765902461842
-0.423256856912323
~
0.663532334937941
-0.744453670107356
-1.00127919632246
0.276159776233466
-0.710435188845355
-1.04842315142836
-0.681375657720951
-0.795131377692412
-0.665542612832816
1.12818364160335
-0.438350920710692
-0.0994808132800406
1.14637893035954
-0.841508963240497
-0.782288374079545
1.1706592761742
-0.636124868838882
-0.449505153883397
~
0.654545730834291
-0.723320127926646
-1.00726595094024
0.27433741441242
-0.701401825693817
-1.05127675217507
-0.677044363542965
-0.785838273710454
-0.662159658086248
1.14216016373046
-0.418351069986998
-0.152439417754852
1.12159019947421
-0.779936327219824
-0.856468531425634
1.18282217578407
-0.547825442871317
-0.490580089154668
~
0.569257612543289
-0.529168360063789
-0.962704675329394
0.239504062639494
-0.553145582631265
-0.998102105068236
-0.67333815289751
-0.759098733385932
-0.647865528388045
1.13233976260515
-0.393010603675586
-0.214423753945593
0.664012655496307
-0.468492312054893
-0.840142735582976
0.507903614742494
-0.493652891616391
-1.03333321993351
~
0.505422455740503
-0.427144704841746
-0.583780583556369
0.244556141293824
-0.410082378312354
-0.701175937251427
-0.651784011941217
-0.755483558736767
-0.645782026308207
1.12145289544754
-0.342354881396723
-0.248230164349806
0.411279433135034
-0.302903549350362
-0.874092784180404
0.174554945697533
-0.289753105334909
-1.06769287441831
~
0.330890129455612
-0.179217512433221
-0.639634558136202
0.0751276869121467
-0.209712412916859
-0.762953538016865
-0.688974579918888
-0.777772841979327
-0.621523244310663
1.15383880935543
-0.293146668856769
-0.2807878528796
0.679704587348068
0.0524551978885766
-0.720787184923941
0.521659846678946
0.167655820137025
-0.852487652430765
~
0.55185690620478
-0.0712680907546961
-0.696199285060514
0.0928459649873825
-0.200515703258112
-0.760769349734979
-0.675930161820895
-0.76915662731508
-0.617807191656812
1.16693879076
-0.253431535727069
-0.33515275552988
0.580629181518087
-0.0210119371590676
-0.707334782631306
0.385192640169848
0.0564612574293318
-0.816364652425226
~
0.565944344379092
-0.103278638408943
-0.718328484964737
0.115785707718231
-0.220852516284551
-0.778171613968592
-0.639098865376918
-0.77664702012989
-0.633045852512427
1.14633887268388
-0.258142847254112
-0.355539286892226
0.625374340186484
-0.0355355475723887
-0.805582959447879
0.451719505700242
0.0386668856548525
-0.940852530771837
~
0.965909434660407
-0.114136922149213
-0.511923080244752
0.771118502536426
-0.0897562115754399
-0.566765871074025
-0.0661408630461257
-0.480836289729245
-0.555473890762038
1.12083282326944
-0.215720406052857
-0.345542480335086
0.816351069483137
0.192869799720409
-0.844376942451284
0.714857151554369
0.329066525485404
-0.996192154472444
~
1.15766712220169
0.122079690193716
-0.54547565807764
0.962764901289911
0.165229792153438
-0.600046323729891
0.315482112532443
0.037851231898931
-0.341729017729307
1.10014966557702
-0.0578642469420322
-0.358367380190953
0.636167553462906
0.25726275777907
-0.81048983791243
0.481506839790299
0.362305080642892
-0.946516474706093
~
0.905637840849797
0.0406746404896924
-0.506040471879048
0.713610437014274
0.0851775918579088
-0.552423814508488
-0.045537592761899
-0.428756185498234
-0.558025540710923
1.07090886936305
0.00405694955422621
-0.346238122349795
0.417052570194442
0.350767948016716
-0.6547006753519
0.199100442193735
0.466338276124573
-0.743156008621199
~
0.900338054922167
0.0322588879780899
-0.50323049143716
0.712471196147719
0.0853733964421084
-0.551186843075095
-0.0432165344094104
-0.421015468376555
-0.55946891470273
1.06475988809941
0.0383418903562594
-0.342941891601551
0.425160050649038
0.336557681871411
-0.669170550982892
0.211960090799024
0.435962945709795
-0.763653437197416
~
0.839714029140381
0.192106791317142
-0.53491842285068
0.64984751833594
0.16661913661923
-0.564380419119389
-0.0365564037501709
-0.378004718059639
-0.581222524123987
1.00199914728443
0.0713360952224771
-0.337457424762051
0.387895238156646
0.381920951908928
-0.685228625994032
0.18319393511405
0.485449219434829
-0.78740433717291
~
1.0368460921163
0.212999717538656
-0.545404658834327
0.0346820568356276
-0.271903460436981
-0.653328043165617
-0.736826875465147
-0.816586779197324
-0.658663791846658
1.02616596990925
0.1575645172319
-0.365020921619607
0.406678615019922
0.67067967963282
-0.682434796979811
0.200182822772315
0.841718105950446
-0.773435069974495
~
1.02766851339974
0.1934187480678
-0.534066503265127
0.0394442574013397
-0.278999448197861
-0.642765177621939
-0.707559607728802
-0.804250129603723
-0.650165819475283
0.977929811264116
0.202391586713067
-0.374419319763254
0.519038701287229
0.658358132242434
-0.613505725137912
0.366074988568396
0.81034694317941
-0.678885801508626
~
0.118431636586672
-1.20499199436118
-0.983428020638607
-0.0517155858423563
-1.094690110511
-1.03621902937174
-0.661093101591
-0.723536506923748
-0.626736455223656
0.962237653946565
0.225914052162911
-0.38028214562111
0.514977551336033
0.692175106433962
-0.610752460422137
0.365890836440674
0.847595495258131
-0.673327660388347
~
----
@hello
0.333171446860628
-1.059281123792
-1.08452429391343
0.29871415318315
-0.893711913605665
-0.991754434514604
-0.276768401749639
-0.656708425917478
-0.787001408810657
0.651477152847462
-0.752493957114649
-0.0786994518307441
0.657944334230608
-1.31418398555438
-0.467108935671985
0.660100065844327
-1.50141403092233
-0.582872834960706
~
0.296567346469562
-1.18683468944161
-1.14070911780786
0.262298244900795
-1.02216967561588
-1.04844590081006
-0.195913847335775
-0.640322347926056
-0.775572100539256
0.646600314551869
-0.740328761374976
-0.0715490862803606
0.711864167547518
-1.30216124775497
-0.411884573409052
0.733618794136407
-1.48943877890966
-0.511698503219986
~
0.286003887825291
-1.16949495212466
-1.12462283130168
0.251985942732466
-1.00603676898091
-1.03303581686178
-0.225050363249562
-0.647737507353207
-0.774000930336606
0.637325632108362
-0.73667908056449
-0.0713602588969493
0.637465770862616
-1.31739377362308
-0.455706459383875
0.637512479351257
-1.51096533797594
-0.570290155693941
~
0.176017636877109
-1.29716238855729
-1.18766869809441
0.142055771720894
-1.1339738956369
-1.09623339307449
-0.185095676277758
-0.636905949052303
-0.764618498919677
0.63434479033119
-0.744375621790724
-0.0755483629275201
0.635586830003515
-1.31704404504108
-0.457431043927094
0.636000847650039
-1.50793348407855
-0.571215182305359
~
0.308385937616426
-1.17837012299243
-1.12859042061468
0.274338122700548
-1.0147684750817
-1.03692315089228
-0.183194742205483
-0.63961463805346
-0.763051465154952
0.637025298945034
-0.751779282051917
-0.0704833082175735
0.663329693281014
-1.30980794729925
-0.500008107075655
0.672097820292397
-1.49581753785323
-0.629638159553241
~
0.162734682867489
-1.29223380916235
-1.19008305225684
0.12861549685768
-1.12828916208669
-1.09822362737329
-0.186664114426663
-0.649078874433693
-0.762082444476242
0.630482591974301
-0.710172242960023
0.0743124301708834
0.721479912256323
-1.11542694002732
-0.566389312394604
0.751812343463112
-1.25051183904975
-0.766383289303284
~
0.162976793748366
-1.30255284355982
-1.20199426383003
0.128609405219558
-1.1374156629824
-1.10946667519744
-0.215755985411908
-0.664873726056412
-0.774252000262971
0.630490095330206
-0.667094052569706
0.181150496609458
0.794957270157489
-0.854100925577819
-0.658585961192091
0.849779648337731
-0.916436585724131
-0.924825321458525
~
0.269990146177371
-1.19455392862585
-1.17968151750395
0.235494885918275
-1.02880227807825
-1.08680953439585
-0.233326636369535
-0.674629233604864
-0.780847495118672
0.638716639266699
-0.662186993428605
0.19510496213576
0.891731172125103
-0.522385165686184
-0.668689363115526
0.91632457029635
-0.433782801244775
-0.631958770699051
~
0.140223264841884
-1.28424098975112
-1.24795870385154
0.105934913742824
-1.11948344659388
-1.15564394747882
-0.204505246238343
-0.654584322761654
-0.779037511985479
0.690300044685607
-0.620653741944354
0.150679581404248
1.02466935196512
-0.077413298501859
-0.2595699643811
1.09234419110375
0.102429277891062
-0.339686922369318
~
0.264687239249917
-1.1967882537553
-1.16739720328159
0.23031265998998
-1.03161649348131
-1.07485004211244
-0.239164502722502
-0.668873728646896
-0.787584788732078
0.766297441777769
-0.621480950096353
0.0873881464621713
1.02186284212991
-0.00322192580377818
-0.0992352663946352
1.09643738629857
0.234268653086033
-0.0229776264563346
~
0.165034475772297
-1.29249987557091
-1.2117099444961
0.130706055126306
-1.12754978039166
-1.11928705268078
-0.262088122614269
-0.676902911722665
-0.784988828491592
0.778228582455495
-0.601692111357843
0.0751733433438128
1.12969323058103
0.142279400911585
0.03634683354384
1.00979105247058
0.269782818693375
0.11568960483079
~
0.248573737430879
-1.15678108667195
-1.11475658714949
0.21420684674823
-0.991646263751645
-1.02223027275641
-0.295201755143904
-0.661040768829973
-0.772482324251719
0.792268490855178
-0.58466991258379
0.0674038147068298
1.03238527398989
0.237408271359352
0.118258628341655
0.924563456666508
0.390250575405594
0.163262834952207
~
0.352208141505553
-0.942193115536167
-1.00269381279962
0.317751021494069
-0.77662471409413
-0.909924394985399
-0.307260958984931
-0.659377684938343
-0.768576510424884
0.80276830992296
-0.572698293120808
0.0579488974222728
1.04042798513805
0.024748034431444
0.0485840674634756
1.1342773720142
0.237989363586341
0.166162508288114
~
0.252613666003512
-1.13460848143996
-1.09859980699701
0.218078634302029
-0.96866579285124
-1.00562079038773
-0.31222729184516
-0.65843264640975
-0.767561746399392
0.809364423560454
-0.562507018932659
0.0547670896896912
1.01191766470213
0.0485778063663231
-0.0284754498794163
1.15867991232276
0.260278315709949
0.0168716382111193
~
0.23184571549191
-1.0162070467592
-1.04411385557276
0.197242125167986
-0.849934976470459
-0.950949802340821
-0.336055288145132
-0.549999768824012
-0.701029755394751
0.810081328853645
-0.557035205918725
0.0573173308969219
1.09907382722207
0.0210087403479383
0.0005033965352499
1.2334565815005
0.206978015210065
0.0476357629817633
~
0.305543174890176
-1.15981705375431
-1.13105703305319
0.270981537555579
-0.993746511039031
-1.03800657383417
-0.254076850185864
-0.682294888585234
-0.786580720773132
0.80876748785128
-0.564627990357731
0.0516918427891577
1.09575091461479
0.0136978216886118
-0.0100041688645151
1.21218222679616
0.223112493339684
0.0953871347318353
~
0.303800990333247
-1.19213421575701
-1.15054053575305
0.269210202715536
-1.0259238021682
-1.05741085273305
-0.221146460416108
-0.673110595614576
-0.786576334805452
0.806990436867086
-0.569829597646442
0.048406976614297
1.09397023740551
0.0150354437885216
-0.00937438722306331
1.07953662875768
0.203076323484535
0.0345327883680884
~
0.277451054823745
-1.17638244678161
-1.13572943443381
0.243061644409961
-1.01113958432542
-1.04314218809432
-0.261818211771932
-0.678396158329526
-0.784880965901268
0.796202817765463
-0.573817670232789
0.044602282529459
1.07113931265183
0.0117613459689421
-0.00433564615696564
1.10937106153583
0.234779195752064
0.124653912376628
~
0.253116268120139
-1.14326066816578
-1.11045136910671
0.218756251757126
-0.978158908533406
-1.01794347163057
-0.295966401136626
-0.65888865147171
-0.764397866098351
0.792270141551438
-0.570860856098615
0.0415120360866926
1.03039730768078
0.0235215362915529
-0.0448004839831908
1.1736707806733
0.229138733375666
0.0253082455959131
~
0.272345326344305
-1.15312865505103
-1.1142692035987
0.238002781895502
-0.988110953652549
-1.02180851319865
-0.278978655052775
-0.668709073408073
-0.775273436364207
0.789758953762868
-0.568005983416313
0.0425454685868116
1.04723841899318
0.0182244698150144
-0.0381856180705458
1.20637908139803
0.217214958667898
0.0140548716637961
~
0.257453715641033
-1.13980800175291
-1.10533605677781
0.223270820495435
-0.975557344243891
-1.01330508044627
-0.285007508996689
-0.649644770369817
-0.764841060235279
0.786591176802688
-0.567292138817794
0.0411482701899492
1.11047418509872
-0.00535726117209984
0.0192502765925062
1.24562698615638
0.19654849529752
0.108649989329608
~
0.279593737581126
-0.976976660828107
-1.0159586842666
0.24549058874688
-0.813109121702997
-0.924142360607449
-0.354926277122698
-0.647709658530764
-0.749880631292365
0.783297926108192
-0.564493947726425
0.045880877413387
1.07301728622992
-0.00158137705146098
-0.0647514617586928
1.14772995794124
0.225181617408187
0.0337815177914792
~
0.297063407492614
-1.19732565471638
-1.13066705937548
0.262971375110633
-1.03351148664155
-1.03888055201514
-0.186495777994026
-0.64406218178184
-0.770947216539037
0.783579543285575
-0.564942900638943
0.0468294636974456
1.07352614533619
-0.00248101513880105
-0.0639105025378645
1.09139504730619
0.240342572155814
0.0220328952381109
~
0.293421439821124
-1.07296766832513
-1.06608540455758
0.25931713673978
-0.909094580155385
-0.974266281746002
-0.289887332092601
-0.635721927227043
-0.762776134661044
0.783453711454346
-0.568410732269423
0.0479250137206478
1.06197560315878
-0.000199218254647247
-0.0641483712353252
1.10133403879185
0.23709152095579
0.0299830765858984
~
0.331205727089171
-0.970029066080037
-1.01250999765881
0.297182436660276
-0.806545478303076
-0.920908507124635
-0.3005640906927
-0.629847688214134
-0.757870082132041
0.781198376194946
-0.563565734546876
0.0481823874224122
1.04591057804476
0.0221034005068785
0.0408680269835959
1.18216567994706
0.213393598499191
0.146899679636763
~
0.251669426420704
-1.1115718882363
-1.08367690436201
0.217606607863248
-0.94789796004072
-0.991969340493337
-0.299110221684856
-0.631125058421954
-0.758966428901071
0.779592571176516
-0.561140507208313
0.0496409868915158
1.06025119834965
0.00909767270556893
-0.0113318211710413
1.22117075213753
0.2022998847471
0.0463956016590493
~
0.254208361005033
-1.11310961481734
-1.08543122963805
0.220036886815888
-0.948913652087652
-0.993431550229634
-0.299792172927736
-0.633077569500427
-0.76043768556392
0.7810636617948
-0.561528116559974
0.0539351605804858
1.1210681914181
-0.0223190173247015
0.0374009826207804
1.28539443824381
0.171626873063204
0.0859975375397679
~
0.252416236205407
-1.11051098403995
-1.08192380825631
0.218301801659849
-0.946589083334244
-0.990077255760165
-0.300885005179826
-0.630982117100636
-0.7583998553266
0.775393488404048
-0.559724387504203
0.0596970830767816
1.14848176622686
0.00814267378655962
0.0310303929104819
1.28275831771457
0.175242078999341
0.0899334645595353
~
0.177387329473255
-1.26206341649358
-1.16957052875094
0.143329993842934
-1.09841595169931
-1.0778776386182
-0.262053922752074
-0.642266679793461
-0.763923757033487
0.772581481123772
-0.584743678678661
0.0655132541547068
1.15300285996583
-0.014433562051985
-0.0214108412538456
1.26447338343952
0.182678730312472
0.0511038667401593
~
0.312033503300337
-1.11990338808907
-1.08199489789036
0.277961955465514
-0.956187814563287
-0.990263587482693
-0.252490800178104
-0.65381404063757
-0.770907735355923
0.746720864391125
-0.62524810404457
0.0888980152620321
1.18743862549733
-0.212880221347775
-0.15291213205215
1.25281408450113
0.033820165282648
-0.114787097951467
~
0.287664449290248
-1.13905676394907
-1.09098637175542
0.253479542742863
-0.974796707682803
-0.99895002942215
-0.2681492985185
-0.656564543987012
-0.772930868997935
0.701925294869846
-0.669666140123549
0.111348208823772
1.24431780616578
-0.535094256363824
-0.238270572456399
1.34510311185906
-0.374333603812532
-0.245830613577855
~
0.307184721807442
-1.18624440243154
-1.12058603538471
0.27190414626032
-1.01671965099104
-1.02559999981481
-0.265039087917188
-0.685614249855182
-0.792741667227818
0.719396725312318
-0.759177225311264
0.122988065128738
1.24425158008726
-0.958459964111292
-0.264274130259764
1.44785457278414
-0.886607401610597
-0.332174105968262
~
0.32234184942816
-1.19195213999365
-1.1217473464299
0.287443051943931
-1.02426186982993
-1.02778949239735
-0.23850463084667
-0.689883513446053
-0.794505595803098
0.704494601332399
-0.744096580776944
0.115363525539589
1.23369381788765
-1.22297107496546
-0.293693790399622
1.41366078681054
-1.19350407408871
-0.363762441976809
~
----
@before
-0.695432383905908
-1.05140792666183
-1.26217288907429
-0.851558064481887
-1.13032230597091
-1.06662665273324
-0.77195881478203
-0.651257992901958
-0.649959781605725
0.800905364483336
-0.730048114485825
-0.141194966407592
1.01144056944968
-1.45849775123477
-0.522776326617564
1.08161895957416
-1.70131422763193
-0.636756914001574
~
-0.41641829531442
-0.74595889376251
-1.71260538009042
-0.610027915054516
-0.821231186516505
-1.543520944835
-0.741937179218038
-0.620100353906385
-0.720807733016098
0.815359180166318
-0.751687683890258
-0.151573306089068
1.02461480809888
-1.48991806536925
-0.555246425659568
1.26874659175004
-1.58431235864432
-0.476443943498021
~
-0.396364752212048
-0.708154311787683
-1.72206473151278
-0.593444102222645
-0.79999210421946
-1.56261261394082
-0.700206409699224
-0.582654971085024
-0.762400720084503
0.830189142711404
-0.769093371830881
-0.162893554725209
1.02402325728832
-1.49150028506758
-0.616607739069987
1.16116680223583
-1.51951921261156
-0.557673163357944
~
0.198197478686242
-0.4428342506647
-2.2289833462353
-0.253433436964265
-0.533523347709927
-1.60872322988481
-0.516489643333466
-0.484844366389653
-0.92640202132742
0.858712989021052
-0.769720243380583
-0.146646129619272
1.17049605862667
-1.50548296016552
-0.549814125395874
1.09963713402724
-1.55060935867818
-0.736377392903106
~
0.222516970793348
-0.423514386008478
-2.23492452935837
-0.0560986391606655
-0.4250832213635
-1.70743530195554
-0.507392300371547
-0.48571095286022
-0.933669122286
0.915809229093224
-0.754822258522392
-0.0835911297273283
1.22457101801814
-1.41480543757423
-0.48583961265109
1.30886685209238
-1.59699958281163
-0.353415482362157
~
0.264834187568753
-0.404543697318792
-2.25306609638397
-0.0327131418442783
-0.427127420875987
-1.72768522092566
-0.492560316153735
-0.502773348325446
-0.950084884617529
0.96270057571974
-0.712982326352914
-0.139097302555077
1.21433829090404
-1.29140302088398
-0.562485892925598
1.31246087682121
-1.45399678012965
-0.435691747107924
~
0.326649595809213
-0.40861486475035
-2.24544263339094
0.0139744249235308
-0.446901647026517
-1.73350874497452
-0.465849786550956
-0.549816648108098
-0.97696215709184
0.912909943142351
-0.621472730748177
-0.320152112498716
1.18888702883052
-1.23997994524292
-0.654252544219477
1.31545612798983
-1.38781860404133
-0.575973208127365
~
0.227166173361519
-0.192528772303067
-1.75857816350073
-0.0455885936457518
-0.250489491760179
-1.36839049601389
-0.444649249221056
-0.361781612648907
-0.789273761139516
0.685672363062724
-0.505475141816587
-0.388927432461126
0.826285682374438
-0.964108653179128
-0.619337135720081
0.928788254693971
-1.09159822916391
-0.63233809364833
~
0.292431178841988
-0.158511553480085
-1.77577082791754
0.0271814541236207
-0.196638283795627
-1.39773427649135
-0.417387584008123
-0.376168945256148
-0.81187554637592
0.696365487934191
-0.527251218221932
-0.405718044097566
1.12218282241351
-0.469640412786975
-0.113821612254173
1.26412195415069
-0.450436800853289
-0.00489380047095401
~
0.34493050373733
-0.0996462824909788
-1.72356338158801
0.0771056537154581
-0.143525469304915
-1.34713569214147
-0.396762318028906
-0.372178765779458
-0.808028792914207
0.690392034892973
-0.533202110320883
-0.398155782201586
0.737840078421194
-0.198552687580547
-0.0135619728372054
0.753656092930601
-0.0870028800004348
0.126246963420053
~
0.344221842916048
-0.066800786265856
-1.6744177879782
0.0780559523679507
-0.145457927829834
-1.31403478576337
-0.393944604874139
-0.367069872406535
-0.789613367695328
0.674242898609648
-0.526394027600523
-0.393298934086286
0.662628883603548
-0.190847232594071
-0.0187617599892681
0.658757544648626
-0.0789982959688116
0.117493139866601
~
0.37514948839832
-0.102016090209585
-1.7375984084489
0.106278308021695
-0.173277759787479
-1.37020676317957
-0.381895505446285
-0.394954383149085
-0.819146239607057
0.683466660224652
-0.542814739303009
-0.393876192747026
0.72882847354554
-0.194365978748368
-0.00671630721456974
0.743949078307705
-0.0782163893218653
0.134202546440556
~
0.413620158014994
-0.163361915279113
-1.85934113895042
0.110760639386159
-0.21004488708184
-1.46003885975876
-0.382104296803231
-0.428715698345009
-0.853377982129489
0.726239774314827
-0.566424045171015
-0.406108280858961
0.796843777712823
-0.213226154852901
0.0102570715323601
0.820378445512155
-0.0954935193190146
0.161562750216909
~
0.41120671110929
-0.168662078595624
-1.91095258987569
0.0987518469285076
-0.214385019706065
-1.48453476101622
-0.38712119951954
-0.42476821651239
-0.869713371990662
0.732352933739927
-0.556263973770293
-0.392573379815403
0.799346188349093
-0.188737923899512
0.0121924247652212
0.821677274574512
-0.0662292351864623
0.159630676718943
~
0.367321685226678
-0.199061955107063
-1.93834700716321
0.0860092010863111
-0.238252827198247
-1.55001447867178
-0.403607977431389
-0.453175577963672
-0.917505318405529
0.696443924412178
-0.584251176576394
-0.354787053890156
0.776028683698404
-0.220958793036378
0.0659923777392991
0.802556936793812
-0.0998613263227882
0.219024232528281
~
0.24199281826943
-0.126389192296826
-1.75909127229944
-0.00186295423979678
-0.149192554064974
-1.41940826791498
-0.440985114856542
-0.333311991072947
-0.823950204756259
0.596057452949014
-0.647618499748168
-0.370876705051917
0.609881559759461
-0.195135887201704
0.0373747022787566
0.614489595362944
-0.0443083471420419
0.185214139482959
~
0.226510617573
-0.125399775632359
-1.77076563115461
-0.0272729535507996
-0.141917216917345
-1.37500286786702
-0.444443616688604
-0.295875736648574
-0.771324796742872
0.619672511710333
-0.658950198294834
-0.396503902837619
0.609623658541314
-0.191194377348903
-0.00904574012605087
0.606274040193696
-0.0352757653700304
0.131662361731813
~
0.222127035995816
-0.106060916212851
-1.76621649345469
-0.0413796539283816
-0.122576310717259
-1.37388610129401
-0.44045932167012
-0.2810258730394
-0.76399785135342
0.618051762331948
-0.661998863532637
-0.399973114606816
0.601889776170439
-0.172395475742336
-0.00325147669742913
0.596502446829115
-0.00919435144547597
0.140484819815097
~
0.209268565936821
-0.10305381529936
-1.76991998009487
-0.0468404515694478
-0.122358554434763
-1.37355224320341
-0.444945155704626
-0.285029020040287
-0.763982876405809
0.622227328612095
-0.65831874220945
-0.397006577556112
0.603549071971306
-0.167387073125184
-0.00125098351048794
0.597322986424377
-0.00374318467195633
0.142173036425366
~
0.212200826984268
-0.172301436858175
-1.91292081861781
-0.0382244541801333
-0.184818859165284
-1.48412704594244
-0.455116696447074
-0.351012503712033
-0.82641950996093
0.658799808990831
-0.661491545613272
-0.396548680312174
0.67272403129147
-0.219154012121858
-0.0115023379041333
0.677365438725016
-0.0717081557061541
0.129129367419367
~
0.278888998181647
-0.269544452842743
-2.16259891936872
0.0138554484949789
-0.276251248425636
-1.67780217192461
-0.446215373837638
-0.453920141503958
-0.929990211164253
0.724404405674703
-0.694993747427714
-0.4101451080473
0.825676318438183
-0.273881642180074
0.015167939003688
0.859433624181916
-0.133510940430861
0.170756046332412
~
0.147576517913858
-0.135844563466198
-1.80059401234999
-0.0642533719048917
-0.142284730117703
-1.39727556236054
-0.447505866630106
-0.288736624175511
-0.761693387621145
0.631917218422463
-0.588311831782495
-0.328879415460712
0.60439742074108
-0.149286898599437
0.0114155199109067
0.595224154847286
-0.00294524666471175
0.136512341634219
~
0.145920581244491
-0.157950086073617
-1.83496727383965
-0.0629021770240494
-0.165874779775055
-1.43201504345624
-0.452916725703846
-0.316380256976999
-0.789588032891426
0.621401846447817
-0.552943315237195
-0.266133927201258
0.614110670993401
-0.125624691167049
0.0361791193332837
0.611680279175262
0.0168148501896666
0.14876938489651
~
0.132117059232645
-0.157040402268045
-1.82859559906688
-0.0780050512921281
-0.161866848373704
-1.41661003014035
-0.462402112461372
-0.308927667482157
-0.775565638597156
0.641110305505319
-0.567906314504132
-0.267615086228333
0.611319657078996
-0.13823107497881
0.0250682899878976
0.601389439989427
0.00499400991609342
0.134374504187834
~
0.122273890494869
-0.145368810868372
-1.80098351208255
-0.0841088073262518
-0.150970934582328
-1.39621057013742
-0.463208040167135
-0.300456474762436
-0.76558022215021
0.678650500949351
-0.567982530271332
-0.238846994621416
0.60330134093922
-0.131261093595527
0.0235982582155577
0.578184954269177
0.0143127385364247
0.122656621363655
~
0.111440384741452
-0.154440458701069
-1.80447078471976
-0.0920669516529803
-0.156353582232262
-1.40052649998233
-0.468502571017259
-0.302245810719297
-0.766455292930568
0.711176497212028
-0.580061743068775
-0.195302433870446
0.649821253896517
-0.12331727171133
0.0399047718171758
0.629369507368969
0.0289308953621312
0.129894472286844
~
0.12506525002446
-0.206239315942134
-1.89716390304574
-0.0839114461964299
-0.203614895292593
-1.47578021742909
-0.476324428691965
-0.351743869222666
-0.810109430922958
0.817195054125535
-0.696422660456157
-0.183006109643755
0.692016122148699
-0.199988708076144
0.00495821359867306
0.650289808886788
-0.0345107187435397
0.0797427279095529
~
0.097173980526702
-0.230603548283297
-1.89570674995084
-0.0925676664523554
-0.216234891143664
-1.48423660442216
-0.484226384648746
-0.356177461002405
-0.810289344313502
0.822519496989177
-0.711933130589581
-0.150742833145228
0.70795465825913
-0.200119977494043
0.0159148316969641
0.669766377373594
-0.0295155826580288
0.0836763803799925
~
0.118914964220961
-0.188050618901792
-1.89284058683315
-0.0746415909603817
-0.182428755645496
-1.48444989980441
-0.476989918955396
-0.333968806496059
-0.812011716631254
0.870163862644383
-0.71754465924423
-0.122123931442078
0.739023096390919
-0.171358797016028
0.0641273063893267
0.695309507639764
0.0107031755132421
0.138516449621451
~
0.107540765941486
-0.165039978510072
-1.82890382505125
-0.086403962190664
-0.161157060453641
-1.42906171428918
-0.475634410567079
-0.303932359136843
-0.781706599288218
0.839468603286166
-0.702404926610996
-0.0900726893566619
0.395019206880002
-0.441676015317656
-0.306943281137894
0.246869408077947
-0.354766373146816
-0.367384111380871
~
0.14241887132555
-0.265311267167701
-1.96346329087516
-0.0622165993998951
-0.257220113166156
-1.53918763515324
-0.47709366385429
-0.399652543744535
-0.853581053476724
0.841294840568957
-0.696865922736847
-0.0907814199923675
0.74540599465339
-0.159161545243518
0.0617706739009692
0.713443045343883
0.020073257990008
0.125167427509408
~
0.108337897118886
-0.219865395172915
-1.85022249103909
-0.081138270614862
-0.208054205235756
-1.4585645851438
-0.477043032607165
-0.340002895305269
-0.807096982232337
0.792426430157422
-0.715733698876296
-0.0999100888994119
0.68266055750364
-0.193369936231706
0.0328512460478779
0.646071932011024
-0.0192486718193298
0.0890304034975064
~
0.136180251261957
-0.287862585298034
-1.95139709924798
-0.063898143887483
-0.274078642556823
-1.53207871486596
-0.477076815226272
-0.407223359080858
-0.851327066740473
0.746315272327072
-0.707694048825441
-0.16124717116893
0.722557765175767
-0.175442552376874
0.0141100914557678
0.714638596125333
0.0019746237459206
0.0850139649532038
~
----
@best
-0.323064090725593
-1.39387147028347
-0.632790798019009
-0.356065932190303
-1.19838189452583
-0.480918551267628
-0.456022357947024
-0.681864176227002
-0.198857902428939
0.914328151690367
0.283177290487323
-0.826598518454014
0.602196370076816
0.0688439112711656
-1.30421249411257
0.498152453268754
-0.00260053807109834
-1.45051332220078
~
-0.357018573622205
-1.27814884296977
-0.556006414367761
-0.365359973522536
-1.07613263335429
-0.421458380012537
-0.43508734361201
-0.483853341611798
-0.126117377522459
0.900465318802856
0.293667010551427
-0.801222858008068
0.668983012776496
0.164949448825063
-1.3362468594196
0.591822244101042
0.122043589863233
-1.50204597724311
~
-0.370184965573411
-1.36040593831476
-0.582686587395695
-0.359891768433287
-1.15361848606883
-0.459429469762023
-0.468691115995093
-0.658203480938911
-0.187141166042006
0.871044382425508
0.274517391862852
-0.820929892294557
0.511992107891745
0.0615810181672498
-1.23003134494732
0.392307996333832
-0.00939777306461746
-1.35396058693238
~
-0.377283853778844
-1.26669877854609
-0.53422629970489
-0.374774282907325
-1.06469104396285
-0.416465526816941
-0.45962634714023
-0.57522721906569
-0.16240788726011
0.82951686322132
0.319888390129197
-0.799148009740306
0.37100496674318
0.0959410204569066
-1.01933437830261
0.218167677642342
0.0212919069580194
-1.08066341690554
~
-0.381459501370467
-1.27702182659874
-0.547122801208924
-0.382443098939791
-1.08270435556383
-0.429206810251131
-0.456008936428066
-0.607241061767506
-0.178078354579245
0.817150227640003
0.285612030744089
-0.786995361097873
0.361064429925522
0.0468947158434244
-0.936673271812129
0.255321735182538
0.172963165063088
-0.970587988278568
~
-0.382580077503165
-1.22773447706908
-0.533739625150477
-0.387906654831649
-1.03632569404044
-0.413745883143637
-0.452705733848903
-0.561270888930813
-0.166728467285824
0.741472616974016
0.260376696769001
-0.833239530581396
0.299153088693886
0.0385409895712656
-1.04136385414992
0.151713236536544
-0.0354042461613131
-1.09908191760271
~
-0.375493494155237
-1.21759713945645
-0.552508316263116
-0.388191954819989
-1.03405626762898
-0.424536025476097
-0.454561779843815
-0.565005025056718
-0.17580554073445
0.739094277325638
0.261912110111953
-0.823289402853245
0.298547152918057
0.0403162737473791
-1.02242772357879
0.151698120765934
-0.0335490050408122
-1.07725190785663
~
-0.376097636413523
-1.1944056456658
-0.555939717009345
-0.389630114118386
-1.01430809276542
-0.428376710215373
-0.458855443933537
-0.533446684698186
-0.169393412222387
0.726346085466302
0.261345879176888
-0.813753566127929
0.288640528064845
0.0395029220476332
-0.996916786683028
0.142738657217068
-0.0344447303287851
-1.04657447091301
~
-0.398444264067944
-0.933277814693459
-0.45347327766976
-0.406109657826817
-0.788293505118371
-0.353478992525793
-0.46433258549483
-0.326735309592833
-0.103882291320605
0.489467022882316
0.258752115559862
-0.65561759156694
0.0818915257899538
0.239615112467187
-0.709728901702533
-0.0539669695769957
0.233236113268215
-0.718681445687877
~
-0.787207868250572
-1.22713752070766
-0.415786715516161
-0.795243682940211
-1.03895614397307
-0.275431365051194
-0.865213863635605
-0.399566238682924
0.0577732276775416
0.394596804565342
0.330885532261041
-0.67671431787093
-0.149905796190766
0.350464301513461
-0.704407281600233
-0.331406692400058
0.356990557930934
-0.70153774111328
~
-0.665394550215033
-1.39106380021887
-0.520738076838604
-0.663316703376043
-1.2038632553581
-0.387825961384373
-0.719296954727977
-0.548385714432959
-0.0580441275480834
0.499214354812541
0.0778641681042759
-0.775680780162155
-0.0272089434398758
0.0995597533713992
-0.732646161618212
-0.202683423904625
0.106791615127107
-0.706476170226198
~
-0.422504484773507
-0.920744656096474
-0.470513573017871
-0.419792029167361
-0.77817164987824
-0.369256821081995
-0.487562336046388
-0.335695056688363
-0.114627395244067
0.490886221555263
0.141868233981661
-0.639601864229323
0.219508339650744
0.131160425795873
-0.365153378256786
0.129049031144964
0.127591152766209
-0.264665607528865
~
-0.473224852433102
-0.951237436407508
-0.487850037349292
-0.46664248387807
-0.795388913975813
-0.383368561625292
-0.56047859942828
-0.371193129918342
-0.136543038147488
0.299511921084148
0.118211478369066
-0.574310064491963
-0.0136948630303125
0.134037590638782
-0.301058052427915
-0.118097116598198
0.139312957493553
-0.200308071357374
~
-0.787984615799284
-1.54769285214779
-0.697935681398021
-0.766526959831859
-1.32847394339852
-0.593983110707373
-0.733269827900597
-0.712933581562782
-0.286176249620474
0.412616101983539
-0.667668006015973
-0.404863074169886
0.546548622798217
-1.41131586223737
-0.557775168489423
0.591192798933475
-1.65919850122075
-0.596205297371512
~
-0.753795213961091
-2.1781057732109
-1.11079395877969
-0.751736081278553
-1.88613020105806
-0.954701334798124
-0.734650925543212
-1.03702379508769
-0.53185974252338
0.728704218366519
-0.516317976807501
-0.422842252570618
0.865870699179526
-1.47391128372752
-0.853715683854626
0.911592845694364
-1.7931090389447
-0.980295063163633
~
-0.707207087676473
-1.77237974282986
-0.916177115641404
-0.70954193473187
-1.52278044590605
-0.782766713722213
-0.705532609952559
-0.795041665414375
-0.407876087967104
0.64171909887636
-0.497536466313695
-0.488380215277894
0.527399957405024
-0.569643980649366
-1.17439421823663
0.583210157488344
-0.556014624787017
-1.23386412958358
~
-0.692642080076028
-1.75653591903238
-0.9185007670066
-0.695519581460316
-1.51176810287804
-0.787222707122917
-0.703964275051954
-0.782966728811712
-0.408260577337196
0.806157025382901
-0.328528125931753
-0.524623959755802
0.645259824840384
-0.652714222545343
-1.15741130183323
0.748837505058761
-0.653870426987859
-1.39432221470804
~
-0.672401875318756
-1.64782856258569
-0.870812406483456
-0.680305213969976
-1.41671684571649
-0.743010703339336
-0.687548756513772
-0.722549217474874
-0.386786613839286
0.730006333307333
-0.593013854979671
-0.625419321924617
0.667123012895554
-1.01787470537461
-1.37556419406642
0.64384060417878
-1.18071851803973
-1.58232057674643
~
-0.641809928259484
-1.63859611641171
-0.883436891830773
-0.637706933495439
-1.40388158648506
-0.766984921863575
-0.684435136968497
-0.706498019885072
-0.371674948595168
0.628264417623085
-0.659160239804417
-0.600452925346992
0.605443874603687
-1.22553664521509
-1.13053844647159
0.603407091364783
-1.41418879480119
-1.31240395039263
~
-0.634934424091664
-1.65530314315406
-0.892121075413153
-0.632054552888388
-1.42396307006258
-0.775821965189042
-0.673222211855567
-0.735778247005215
-0.394065877612809
0.633141738099184
-0.688731049691298
-0.466598162946426
0.605248616355518
-1.37471991457023
-0.911411637159474
0.603445152594885
-1.60058494588116
-1.03803575261235
~
-0.637620874518254
-1.64862061254795
-0.881972478272934
-0.632662191686767
-1.42009967868726
-0.768028471655493
-0.669127541311072
-0.733436888498506
-0.394119495831461
0.639188915677261
-0.695292304664666
-0.409918373596467
0.629338357949673
-1.40102274975652
-0.8208142042975
0.636156991488129
-1.62600456222144
-0.941505129541058
~
-0.646517820729779
-1.71548274195375
-0.894221232138377
-0.641136623400673
-1.48009810932673
-0.776341874110316
-0.675030912733661
-0.765547105588664
-0.396620351743088
0.736856055537678
-0.704963135464144
-0.388545806098742
0.819022999551185
-1.40668675687849
-0.8155702239035
0.83848230200956
-1.57338354412932
-0.917243926400176
~
-0.693571594750451
-1.61831514481989
-0.818770334011559
-0.707996263661813
-1.37724192811352
-0.695131933519928
-0.682643962431112
-0.79831132436344
-0.40515578156103
0.700729684265553
-0.722666122402506
-0.416213992935341
0.749291940382403
-1.34101338983201
-0.828335519579647
0.757674297063176
-1.56709362196732
-0.978096206060013
~
-0.699301153179184
-1.69841914626291
-0.845082182786282
-0.715153507635142
-1.44854151552141
-0.71725366261848
-0.685570617757038
-0.845193167367439
-0.421090718155946
0.719135132989093
-0.737675393359042
-0.409607373724224
0.783745127939103
-1.40486972489591
-0.834981983151253
0.7965074331764
-1.64455798397527
-0.981326976911005
~
-0.649252249603224
-1.71225068447517
-0.896317008882349
-0.637296592049153
-1.46643345230739
-0.79531133992626
-0.676782395865271
-0.790825604585284
-0.407334978782152
0.668580105325124
-0.717084712841397
-0.376253178382428
0.716916844684818
-1.3558029566793
-0.756866515385284
0.726119257022286
-1.58906403753178
-0.884443074548811
~
-0.632355945251927
-1.7810212619134
-0.939350736601503
-0.610561522354339
-1.52360710732712
-0.846198365598023
-0.677463164321752
-0.832573831600855
-0.414928492061019
0.701666187863029
-0.737170207781912
-0.350748184450751
0.760760576237055
-1.42023407106113
-0.724797836985488
0.773782068668766
-1.66446888210645
-0.849674860344258
~
-0.654787561504636
-1.83739128999418
-0.918867796377692
-0.644329641917596
-1.58869030354443
-0.80382032492545
-0.676599875544032
-0.849843966890851
-0.416447798947092
0.705924322604661
-0.730168728395624
-0.309986537285576
0.776062818228755
-1.43981265861804
-0.668226559797644
0.796153546072386
-1.68931378192888
-0.780222283099166
~
-0.680124530175754
-1.852930688257
-0.902080197174668
-0.680485459097377
-1.60246847011189
-0.775208939499819
-0.68285911066075
-0.869336060866337
-0.416626892643045
0.730506435173892
-0.749717933455591
-0.305468036832821
0.783430187855383
-1.55456673115313
-0.705092778512646
0.837190231710574
-1.80995588011086
-0.808601280024373
~
-0.720794056494808
-1.73994643462793
-0.836044241853205
-0.733467891960781
-1.48703168451704
-0.706921672367583
-0.687709405156478
-0.875982257860804
-0.418477420122095
0.736970378082014
-0.762847078443515
-0.308618877248368
0.792242870993805
-1.5764859762975
-0.715410425864197
0.848289354890678
-1.83331792303716
-0.82355506727024
~
-0.626414790203013
-1.87118151704175
-0.986756939271575
-0.58930290266128
-1.60116449540914
-0.905683328780226
-0.679074488256473
-0.883613316449095
-0.419520086877238
0.756184499149879
-0.74257858542096
-0.331413662441262
0.867414730276379
-1.47395149148151
-0.73225073711934
0.915116849187864
-1.70569790269349
-0.889976541545989
~
-0.671065882339061
-1.87851950929811
-0.919010552959297
-0.661727818884916
-1.62329903615638
-0.797760556451632
-0.679360816462659
-0.866649956631433
-0.414477258000842
0.821848627221206
-0.748396939596191
-0.263426292893619
0.941190997281769
-1.43249092206603
-0.859383354993396
1.02298562325837
-1.71946354753492
-1.17823317358503
~
-0.67968304862787
-1.81762976513885
-0.878928222021502
-0.681778811265554
-1.57743300954167
-0.751923010470274
-0.670713826401286
-0.842165999143808
-0.412242255233986
0.846977348376793
-0.690289956239186
-0.245919986431771
1.02329568488789
-1.22744267172501
-0.741328500180893
1.17093658012535
-1.36200622115859
-0.720621685701239
~
-0.699530742756087
-1.6885953185461
-0.830476026566066
-0.710406103553612
-1.44329604387251
-0.707472603729963
-0.672423496103121
-0.848637131937302
-0.419077458148996
0.894742734857728
-0.647818752065345
-0.26180590304313
1.13952880080419
-0.900949687481924
-0.835465546866802
1.13557494803119
-1.17508268477073
-0.85144422260756
~
----
@toread
-0.547115856155984
-0.678110595729651
-1.01827024178189
-0.576672505700922
-0.639845749563774
-0.957169928785319
-0.649711675315983
-0.316648846090944
-0.468398540273971
0.981263262445009
-0.118432327896771
-0.649008721136305
0.919510922527562
0.225264377326133
-1.12409489776789
0.732796109991996
0.383504243194138
-1.28162008038587
~
-0.550853971947883
-0.711781522733871
-1.0364709187964
-0.58139918635306
-0.664571317918681
-0.966787299656704
-0.691003080327667
-0.334672324821575
-0.480170834416099
0.982916899410434
-0.120915700522682
-0.648148908980976
0.931844181261408
0.206046728220009
-1.14609683208315
0.742568657416926
0.384866453964221
-1.30671036933359
~
-0.512097505815623
-0.706555558787187
-1.02430000044003
-0.544974224392051
-0.667709399310296
-0.971314307265118
-0.629601268827408
-0.330010388962191
-0.50429478378121
0.966169660488025
-0.106349700327394
-0.636939632295757
0.924541973085317
0.212204389079354
-1.12442059495212
0.742637453296525
0.38863731667278
-1.27782590709881
~
-0.485019548436995
-0.724797614030225
-1.03596364771011
-0.525067340980564
-0.685204825432597
-0.981335314362048
-0.594724614376766
-0.356039521939902
-0.505078156922589
0.942044848507004
-0.00780305048265532
-0.659031606070751
0.942502134077376
0.233354174520945
-1.19408766614899
0.75855171069566
0.390494152359398
-1.27069981115594
~
-0.647102608204927
-0.400046626852451
-0.764829172041004
-0.687397658254995
-0.346613983154093
-0.68846161895081
-0.703863497404432
-0.0317428125279012
-0.249676232418509
0.520416117324323
0.0958678312444743
-0.522075888661762
0.397190733561716
0.366346803581766
-0.851645443976512
0.293787230679764
0.460744132738178
-0.929882152893129
~
-0.662393408915234
-0.389448382952549
-0.753662982112772
-0.692781587140515
-0.340835323570023
-0.685043134373463
-0.701303579539875
-0.0455422537612073
-0.217861309973971
0.517457130783989
0.0982584229191014
-0.523868170620261
0.406781503319718
0.372011319536246
-0.858068020854422
0.292257296246879
0.466610933288272
-0.928798740437788
~
-0.671829168948715
-0.381402636463296
-0.751064176553347
-0.661064805010477
-0.256612520475879
-0.598692806506176
-0.701699372225387
-0.0510549122509877
-0.198844868275163
0.511205230900833
0.100545664873402
-0.524472798399152
0.39378576730643
0.375225838829079
-0.857125800814861
0.288016405304728
0.46921987950322
-0.925172804423337
~
-0.68180829020516
-0.374846494314709
-0.758947293243673
-0.714685777578514
-0.319533745803542
-0.68727356089708
-0.708708694285483
-0.0470362467442684
-0.191085930028467
0.505165608224063
0.0996700766654827
-0.527993151442163
0.383241098644578
0.374027728822128
-0.861624103506538
0.281876691938657
0.466850654703989
-0.926512551633754
~
-0.591151413807267
-0.313620347317731
-0.93061292952658
-0.633992637657512
-0.210458070629036
-0.648665692835473
-0.721943941308409
-0.0404250670159762
-0.173759405910505
0.497466376277022
0.0977831155423464
-0.531936702823121
0.373100171969593
0.37076418972485
-0.86720503282723
0.273549108415144
0.462930179982178
-0.930130602174471
~
-0.256101133224946
0.285729658169162
-0.12751712935447
-0.399738260587564
0.236705110678883
-0.109308168755564
-0.830649642675416
0.0896314914979264
-0.0255551480387263
0.505125438129338
0.0955691069319378
-0.532783417882987
0.375448416851377
0.370337627129407
-0.864783094376008
0.273604576368487
0.460252125616893
-0.924844716495139
~
-0.0698841428679428
0.412733764190107
-0.116915343918389
-0.230824859575693
0.355024927174199
-0.0263410250466849
-0.713647009698945
0.181898462716095
0.274508643103572
0.607589784105622
0.121069332569366
-0.481878663752537
0.535584736196454
0.41752471446218
-0.812659552975715
0.262099830082013
0.559173182502552
-0.896021798854149
~
-0.679927539689015
0.297732824426743
-0.0873313953088612
-0.57561561410608
0.384815626486185
-0.0504814744295164
-0.422069744248261
0.345288810838537
0.376989753353396
0.623315538244671
0.198408481370898
-0.385220062042652
0.563986044211644
0.50890838889699
-0.703986463524916
0.252334891008847
0.636463177884256
-0.793591057352065
~
-0.808995276687904
0.420921770428274
0.0985814829649328
-0.685213321891773
0.487913763605825
0.100746749766862
-0.368141395490366
0.33487243967143
0.374326272925116
0.554219814594427
0.243132461218104
-0.350009119673989
0.568924894185762
0.537204784501592
-0.690608344495408
0.426635801525326
0.602571942768911
-0.799008410833509
~
-0.989035970989958
0.559630808488937
0.0442478819797809
-0.742688307044463
0.542914406430968
-0.0630802239451502
-0.00364544494661732
0.492765167822404
-0.344534190718391
0.382260322112295
0.323844761757557
-0.618082922705374
0.424404037966216
0.19938051684099
-1.24096591559755
0.235493940184389
0.316252343048632
-1.38597271722629
~
-0.787564104705846
0.593797944806712
0.0892990024365549
-0.628099687569916
0.469936238357829
-0.0465321236633547
-0.0292654033993099
0.334994992944102
-0.424144910797254
0.373660252969176
0.398781771449175
-0.469111237211435
0.449133501350628
0.334535487806365
-1.04483117740103
0.281429650451465
0.469837438765136
-1.15792230003361
~
-0.713149976357223
0.249109924392691
-0.276144815760733
-0.745522946720136
0.125662185509588
-0.404225930942431
-0.0975429365595914
-0.0133343478547067
-0.706193081351603
0.394735261671224
0.381950020370751
-0.482104248866387
0.422125057901869
0.377747376724488
-1.06908758040685
0.255742661392168
0.524239862092439
-1.17251904843825
~
-0.650127889486211
0.24011995551479
-0.226782536071249
-0.67782122616631
0.118032569256326
-0.357365231707668
0.000226529015091612
-0.0220193833435077
-0.594261315754146
0.451717349478583
0.3656101247804
-0.492075124406364
0.122020257960828
0.523298827509176
-0.941055273223066
-0.0480297919813695
0.677303905116324
-1.02629218661208
~
-0.94807742872186
0.273823986303724
-0.0637866533988126
-0.702007410538022
0.25427128631209
-0.0796602410731914
0.0362025247062689
0.195613188201363
-0.0900309023007762
0.509144358267177
0.372004297237551
-0.356449662515858
0.229390569858066
0.20170233069829
-0.833664961569736
0.0647644954150715
0.367596715510257
-0.903538430974587
~
-0.948898428388981
0.116048378936115
-0.0943924937582763
-0.679331603633315
0.0995073221047593
-0.120452857043684
0.129368739719187
0.0498841495651516
-0.157764012138498
0.665311152012204
0.192220796537598
-0.398110459497802
0.197865495171115
0.566586434720605
-0.496569681168197
-0.0530019284095172
0.630350860232756
-0.564661190796922
~
-0.918627278908967
0.0713158986755248
-0.146569059007456
-0.946840653744791
-0.0619622375237685
-0.287254121425513
-0.503971735779764
-0.522037438995521
-0.738002216277198
0.667660551791236
0.126219527350217
-0.390009438428289
0.0749022964569747
0.540304828466205
-0.495294873964507
-0.0361936181121379
0.554186103085261
-0.543098846960254
~
-0.976838137426578
0.328178275036719
0.116159203586134
-1.01171449228495
0.199935644762593
-0.0159088564542895
-0.883134600918845
-0.179124514452295
-0.563936102014148
0.70416287199533
0.129278362954747
-0.312806061071964
0.135718366838435
0.540133330447831
-0.432877876166739
0.0288635348279323
0.516577342130448
-0.510434729355962
~
-1.11329247364652
0.342739935548163
0.0496848230464388
-1.16395937656756
0.206258625234132
-0.0967481242233224
-0.982762633057544
-0.207319640239903
-0.69325764543024
0.718718902829771
0.118416581135111
-0.426192872450165
0.0575518379610816
0.574887231684168
-0.593766640176682
-0.0202686304992382
0.523732329638129
-0.687841309556285
~
-1.18088938845727
0.301124175446918
-0.0373207604584813
-1.23533025483724
0.162827424110065
-0.180362967432137
-1.05666266778622
-0.226151530882747
-0.772454733531693
0.659680039722475
0.0805842634258788
-0.506468025195919
0.0179227559571603
0.544326794912639
-0.727315316220178
-0.0766152491139298
0.525359650096842
-0.828885763754389
~
-1.15715772738467
0.355100141237683
0.067964288093669
-1.19987407229698
0.174522095218458
-0.134086900875382
-1.03031364885367
-0.223128144654629
-0.747281030638867
0.667833961733085
0.0821754644258559
-0.496079578152008
0.0941031645234456
0.576540676997587
-0.733757963951646
0.00666802859438316
0.590779134286146
-0.891528417435857
~
-1.1345110228422
0.391855514242222
0.0992879926335188
-1.16938260007595
0.220466000794976
-0.0978111503595621
-1.01280212543138
-0.188765812141101
-0.718480930165217
0.616725058483677
0.0993972837638494
-0.483621756028622
0.130633425235312
0.581329053830081
-0.722621915458866
0.0148596537815317
0.598620651797215
-0.956392021549861
~
-1.11144017979148
0.349017507701889
0.047488295249466
-1.13853815863964
0.184533931531159
-0.138503821695079
-0.985973659172074
-0.160068490651841
-0.680142554913611
0.544776550831651
0.113616385689334
-0.462275968124591
0.104311840730004
0.570033015179162
-0.704862917892632
-0.0123017032574772
0.589076514821497
-0.928711420044098
~
-1.10777343079333
0.359980969073161
0.0332150094548
-1.13550590924958
0.201089475697322
-0.157206904153241
-0.976273741324221
-0.139291564074297
-0.67820982421774
0.556301893714318
0.107591428361523
-0.435380075384187
0.161253693302976
0.494985685665684
-0.564659555252472
-0.0114659610828027
0.560674983668215
-0.848154979540146
~
-1.02538847930849
0.40945742822732
0.0843428869162214
-1.07390945168801
0.257812829966743
-0.106101462287456
-0.911103392867139
-0.0774413342381976
-0.613968113632875
0.634453107866825
0.132368991679025
-0.377062446518459
0.0684900211052571
0.527515062700106
-0.50600269197293
-0.0169825740257968
0.531676952316961
-0.664822130901053
~
-1.020046016439
0.442222308719761
0.10129914484392
-1.06565143562722
0.282826815960492
-0.0832245252530546
-0.913836761681127
-0.0509477050839448
-0.596587391855467
0.684646870267442
0.128463622547494
-0.356492394030088
0.0755358747302397
0.532169182276371
-0.432327917749459
-0.0234805154104028
0.521365048089388
-0.557158033789595
~
-0.934260267898643
0.742416101381886
0.445761775423587
-0.976708652448138
0.581140678036005
0.262476026999345
-0.881306202306529
0.279485145542203
-0.157500156263792
0.74648073088716
0.200247172527392
-0.302480105592106
0.0957973491973395
0.578745671984399
-0.352034340676114
-0.0115894156391227
0.566171742540935
-0.473928060759961
~
-0.971429533697467
0.476209144799096
0.159653509038693
-1.0344059779688
0.328283939984886
-0.0289846661171212
-0.929309816289227
0.00380046770559135
-0.565975592242197
0.74265818935856
0.161609599604111
-0.316451177043766
0.0973340778350174
0.54847537217984
-0.373387947662035
-0.0205487273761467
0.535950912908611
-0.504120765300015
~
-0.879467923367416
0.377637724358381
0.0382780315576955
-0.92465605898221
0.237679073900832
-0.137412649384801
-0.824803694461024
-0.0623023283814327
-0.632692814768328
0.664367076905184
0.0701763165171678
-0.327248585399394
0.28884453794126
0.403909067889872
-0.471850350547747
0.0259283123033719
0.435436522657798
-0.630168828500475
~
-1.14878322456601
0.462309791656006
0.0463228744792428
-1.19201332147657
0.287020636751116
-0.166642567825438
-1.00092989465825
-0.0838161573270281
-0.72954364475335
0.737217274940882
0.100533432178705
-0.416674935642126
0.286533830951507
0.515187757692167
-0.591653535364505
0.00360072806819601
0.577512088022374
-0.860366498073958
~
----