@pinkyfinger
-0.318749994039536
0.733333349227905
0.0526315793395042
~
-0.3125
0.733333349227905
0.0526315793395042
~
-0.3125
0.733333349227905
0.0526315793395042
~
-0.3125
0.733333349227905
0.0526315793395042
~
-0.3125
0.733333349227905
0.0526315793395042
~
-0.3125
0.733333349227905
0.0526315793395042
~
-0.3125
0.733333349227905
0.0526315793395042
~
-0.3125
0.733333349227905
0.0526315793395042
~
-0.3125
0.733333349227905
0.0526315793395042
~
-0.3125
0.733333349227905
0.0526315793395042
~
-0.3125
0.733333349227905
0.0526315793395042
~
-0.306250005960464
0.733333349227905
0.0526315793395042
~
-0.306250005960464
0.733333349227905
0.0526315793395042
~
-0.306250005960464
0.733333349227905
0.0526315793395042
~
-0.306250005960464
0.733333349227905
0.0526315793395042
~
-0.306250005960464
0.733333349227905
0.0526315793395042
~
-0.306250005960464
0.725000023841858
0.0526315793395042
~
-0.306250005960464
0.725000023841858
0.0526315793395042
~
-0.306250005960464
0.725000023841858
0.0526315793395042
~
-0.306250005960464
0.725000023841858
0.0526315793395042
~
-0.306250005960464
0.725000023841858
0.0526315793395042
~
-0.300000011920929
0.733333349227905
0.0526315793395042
~
-0.300000011920929
0.733333349227905
0.0526315793395042
~
-0.300000011920929
0.733333349227905
0.0526315793395042
~
-0.300000011920929
0.733333349227905
0.0526315793395042
~
-0.300000011920929
0.733333349227905
0.0526315793395042
~
-0.293749988079071
0.733333349227905
0.0526315793395042
~
-0.293749988079071
0.733333349227905
0.0526315793395042
~
-0.293749988079071
0.733333349227905
0.0526315793395042
~
-0.293749988079071
0.733333349227905
0.0526315793395042
~
-0.293749988079071
0.733333349227905
0.0526315793395042
~
-0.293749988079071
0.733333349227905
0.0526315793395042
~
-0.293749988079071
0.733333349227905
0.0526315793395042
~
-0.293749988079071
0.733333349227905
0.0526315793395042
~
----