@welcome
-0.916479055252256
-1.46266469426044
-0.184351420646031
-0.871672863077375
-1.27517737555142
-0.137881378248848
-0.761809680144129
-0.669082176777053
-0.148820329313877
0.622578747517039
-0.785896042492288
-0.107330824484938
0.62886923473195
-1.40155508156732
-0.192012611852459
0.630966063803587
-1.60677468856528
-0.208551887146952
~
-0.916097466400126
-1.4576343314495
-0.183769534069109
-0.871360234854734
-1.27043590946436
-0.137371319253074
-0.761611105500882
-0.664968908916564
-0.148310834898306
0.620114076703533
-0.78252090323976
-0.105098920602238
0.625222863027918
-1.3972592500005
-0.1931960360448
0.626925791944486
-1.60217199596034
-0.210890108109409
~
-0.914144147499322
-1.45314891527386
-0.184822611233891
-0.869468779155742
-1.26620923021103
-0.1384883790827
-0.759838715132005
-0.66139896839094
-0.149422788134432
0.619898104166134
-0.780839772182988
-0.10374575137215
0.622338586505115
-1.39457382096078
-0.195690909300106
0.623152080635807
-1.59915176472993
-0.214682159770861
~
-0.915248189794026
-1.45288869999136
-0.184301013753736
-0.870547220910516
-1.26584205479566
-0.1379406977285
-0.760810419675712
-0.660441474099385
-0.14889493484272
0.620429333833353
-0.779634628237528
-0.101746453405729
0.623848200806446
-1.39391077401716
-0.194332170338784
0.624987822989141
-1.59866948927704
-0.213528850707125
~
-0.913664232405316
-1.4500197858769
-0.184720966540554
-0.869021716663825
-1.26321722247261
-0.138421192824078
-0.759397975544616
-0.658440092991347
-0.149369462150401
0.620404109442755
-0.778148973144091
-0.100873340772105
0.624182439581548
-1.39183634996487
-0.192866969218203
0.625441883244129
-1.59639877268328
-0.211879959406865
~
-0.912662666801018
-1.45173536025324
-0.18581302196506
-0.868020438521035
-1.26493374455634
-0.139513755406192
-0.758363691762268
-0.659975671963111
-0.150471855608824
0.620671090485945
-0.779883495639985
-0.101915678571472
0.62463228970668
-1.39386247245215
-0.192740241800402
0.625952689446925
-1.59852213138954
-0.211362796077881
~
-0.914690693662809
-1.4561295513815
-0.184748264414731
-0.870030859989221
-1.26925433829232
-0.138430078334492
-0.760294638083392
-0.663858511473751
-0.149404581181634
0.620381250574322
-0.781894106025078
-0.102753267731435
0.625057616745899
-1.3964576763455
-0.192015746763794
0.626616405186625
-1.60131219978564
-0.210111608205029
~
-0.913519321326765
-1.45348279765942
-0.186442147645597
-0.868863569587231
-1.26662490482488
-0.140128307549216
-0.759103686826748
-0.661097690566939
-0.151112939063371
0.619403138023845
-0.782644666985822
-0.103891069725865
0.625265949376027
-1.39752506079523
-0.190927933863124
0.627220219826754
-1.60248526454502
-0.208281816462291
~
-0.918309242711328
-1.45725443019664
-0.18686954195153
-0.873652233899017
-1.2703919566192
-0.140554945042648
-0.763770552598655
-0.664193079083785
-0.151577693833624
0.615984597992626
-0.787167129109122
-0.1096267848562
0.624048477813295
-1.40319202532971
-0.19061947752341
0.626736437753517
-1.60853372989939
-0.205954151998651
~
-0.920241886909918
-1.45715384988716
-0.186229486882287
-0.875536853427227
-1.27009032646237
-0.139865196308316
-0.765517061073345
-0.663130164252708
-0.150904126529765
0.615503222363971
-0.786102719343163
-0.109136778068441
0.625359047587524
-1.4028965239403
-0.189943088191206
0.628644323228914
-1.60849442252621
-0.205201940744115
~
-0.920704146329369
-1.4562651607751
-0.186580543368232
-0.875999902716447
-1.26920455036323
-0.140216797991222
-0.765958763015913
-0.662126524877217
-0.151262584523281
0.614586851277163
-0.784113291127222
-0.108492539844736
0.624381471239296
-1.4009824640886
-0.189919572363656
0.627646345126851
-1.60660548546438
-0.20538445711378
~
-0.920285939437515
-1.45684892417061
-0.187100041223223
-0.875563451740789
-1.26971229977912
-0.14071737450927
-0.765451272722544
-0.662242040182594
-0.151775508146832
0.614753428429977
-0.784842144998304
-0.10943833012412
0.625496763768473
-1.40214053807777
-0.190293229196544
0.629077875547972
-1.60790670539709
-0.205561911296472
~
-0.921451154973326
-1.45765304720587
-0.185822223052365
-0.876725797949653
-1.27050389745106
-0.139437499869279
-0.766576181572161
-0.662827981348351
-0.150505022439186
0.614835353324816
-0.784812790840003
-0.109313889933926
0.626290749433774
-1.40234908119296
-0.189624642258791
0.630109214519861
-1.60819443871765
-0.204709749566393
~
-0.920318102788963
-1.45901250391459
-0.188577419623568
-0.875576197076198
-1.27179358001242
-0.142174839764972
-0.765356998026333
-0.663734119514918
-0.153255877273038
0.615205114052787
-0.786638821110168
-0.110371377585892
0.626332118472462
-1.40456276228657
-0.190839291579227
0.630041119662009
-1.61053744565616
-0.205971742195311
~
-0.920627354770982
-1.46257019502576
-0.189067496657404
-0.875867058505263
-1.27527491939779
-0.142646247205752
-0.765573380773603
-0.66680339333075
-0.153740773689624
0.61626440695947
-0.788128062626826
-0.110303812804574
0.627448385848901
-1.40648858639729
-0.190563564194737
0.631176377960644
-1.61260872466102
-0.205620577250389
~
-0.919360721213392
-1.4611999954236
-0.190009317996335
-0.874637894831606
-1.27406105027684
-0.14362644479771
-0.764406321653094
-0.665932599011519
-0.154721154543462
0.616111598338361
-0.787064728870881
-0.110253024751022
0.627421990136384
-1.40508485956169
-0.190312906748407
0.631192121019296
-1.61109160608904
-0.205312020473466
~
-0.917984988695698
-1.46018840516599
-0.190637829304096
-0.873285796472085
-1.27314856126679
-0.144279660961215
-0.76308463727992
-0.665187850269345
-0.155376505750345
0.61641617039175
-0.786891156820224
-0.110526358998265
0.627695508982083
-1.40475348360058
-0.190390555555951
0.631455288228769
-1.61070759252737
-0.205329720945664
~
-0.917147734033254
-1.4581785462463
-0.191020055803585
-0.872442732826089
-1.27111458120496
-0.144655943452953
-0.762200664426464
-0.662927780587921
-0.155761821405036
0.616833337067906
-0.785807917495688
-0.109217015936823
0.627795334043193
-1.40387482184971
-0.189531841162889
0.631449333601889
-1.60989719586857
-0.204618627968068
~
-0.918821481756429
-1.46064555087978
-0.189945902391407
-0.874092399920694
-1.27348083964506
-0.143557428776878
-0.763741321855055
-0.664690772868447
-0.154683500354356
0.618204564695406
-0.787063837238025
-0.108484098945655
0.628949044948851
-1.40574142194887
-0.188950877234472
0.632530537515786
-1.61196735612753
-0.204080138902613
~
-0.918913764473449
-1.45929377131033
-0.188161772739651
-0.874191220186348
-1.2721566220487
-0.141779401579144
-0.763830265720445
-0.663312370743947
-0.152910978996775
0.618599423964431
-0.785580149151019
-0.107157604032357
0.623669052754247
-1.40406929919109
-0.191748009361813
0.625358928733931
-1.61023238550386
-0.20825262561515
~
-0.918731876840152
-1.4575609563062
-0.187128550863453
-0.874000040857572
-1.270385242022
-0.140737172436147
-0.763591671025749
-0.661278594659965
-0.151878631978429
0.619013060775048
-0.784956986547514
-0.106440978521326
0.62390823138783
-1.40369139816735
-0.191346463808425
0.625539954358119
-1.60993627465559
-0.207952780500669
~
-0.917688857231834
-1.45751835812346
-0.185181023050948
-0.87292355244032
-1.27020278340578
-0.138754142779091
-0.762408998443956
-0.660510317750357
-0.149911976943489
0.620987798719882
-0.78414797156323
-0.103795545203287
0.625887604529439
-1.40343894334747
-0.189255224005701
0.627520872564886
-1.60986923094029
-0.206036449620597
~
-0.916519269195335
-1.45598603237915
-0.185036715445538
-0.8717618110846
-1.26870324796896
-0.138617811522639
-0.761242640560925
-0.658985549929368
-0.149780146493683
0.621550683449108
-0.783039225989671
-0.102832858334536
0.625950859238274
-1.40236048190732
-0.188279390321129
0.627417583933673
-1.60880090054653
-0.205057333664381
~
-0.916927027906568
-1.45505099354712
-0.183954614767332
-0.872155120637754
-1.26770715124341
-0.137521129049879
-0.761578819320142
-0.657674105724522
-0.148693390650203
0.621187632746262
-0.781811896340849
-0.102552098518207
0.623613922965905
-1.4012666586063
-0.190416454104205
0.624422686088527
-1.60775157936145
-0.207995605202943
~
-0.915068346957933
-1.45218871424372
-0.185079886246614
-0.870357209108747
-1.26509927014447
-0.138708925038866
-0.759898490698651
-0.655716966121788
-0.149876038897047
0.620040449459459
-0.780961222022428
-0.103110047569589
0.620628785602899
-1.39989371672862
-0.189275393570946
0.620824897934263
-1.60620451200278
-0.2063026289955
~
-0.915320142607874
-1.45212151457752
-0.185764848949757
-0.870624974006088
-1.26509924426506
-0.139410933451661
-0.760183278462299
-0.655810019291495
-0.150580126740215
0.619568283371678
-0.781114801074375
-0.102897820460402
0.618424083046435
-1.39995572613621
-0.188998093769498
0.61804268279629
-1.60623596192429
-0.206006807597019
~
-0.916164006077381
-1.45561043218868
-0.189203553702851
-0.871455874183309
-1.26853419866132
-0.142836532374701
-0.760937578590414
-0.658822045249268
-0.154023555706314
0.619084047602547
-0.783489301186299
-0.103520580570222
0.618553041865299
-1.40257573153689
-0.191868229924102
0.618376040094662
-1.60893776610035
-0.209620687933571
~
-0.914850134613992
-1.45399819913597
-0.190801455887568
-0.870208975034801
-1.26720134791813
-0.144503698422139
-0.759820472371373
-0.658205912189843
-0.155684538133194
0.617815354941331
-0.782661579550417
-0.103378405819149
0.615854099998004
-1.40099217704812
-0.191907449173129
0.615200348350228
-1.60710237621402
-0.209736861183193
~
-0.914669477743814
-1.45474159840514
-0.192587786522295
-0.870035656953757
-1.26797506629276
-0.146296931411918
-0.759641425722163
-0.658948093838338
-0.157482837151741
0.617787939158895
-0.783168375047321
-0.103245349009076
0.616232254839749
-1.40149406922592
-0.19221293713662
0.61571369354159
-1.60760274266714
-0.210189182966144
~
-0.916018627631524
-1.45830941850175
-0.195345182391468
-0.871359292600955
-1.27143695348245
-0.149028139423133
-0.760849745331171
-0.661774227139412
-0.160237630557626
0.61722010687408
-0.785836662753783
-0.102948688929932
0.618375937763959
-1.40477637440335
-0.192367443733341
0.618761214727252
-1.61108964788246
-0.210485828141994
~
-0.915349059068662
-1.45671420536289
-0.195827097143588
-0.870707998727442
-1.26991711214957
-0.149528765236928
-0.760203362334691
-0.660281626715878
-0.160745445416699
0.616625075194214
-0.786275047685355
-0.103349625510576
0.620903580665291
-1.40529082720694
-0.191399586153876
0.62232974915565
-1.61162945663147
-0.209064824293117
~
-0.919565629779474
-1.45810736960459
-0.192251443112995
-0.87487423929304
-1.27109970992063
-0.145900831481753
-0.764202947621835
-0.660545854637401
-0.157143639044663
0.615361923706252
-0.786311071698627
-0.102663083355416
0.624200259808017
-1.40657133801286
-0.186449069024238
0.627146371274819
-1.61332479641329
-0.202678468761159
~
----
@father
-0.906788527104258
0.539896136159273
-1.02726965835329
-0.894598894567314
0.292012596675289
-0.993514725856214
-0.971126586427147
-0.329699414505544
-0.64971114767535
0.645531780608258
-0.717334278692593
-0.200344605033304
0.72653713350618
-1.19336228902907
-0.584789812324023
0.908401334286248
-1.23137897199695
-0.556978623727791
~
-0.86144577562729
0.560871264619821
-1.02726011991051
-0.902472570001292
0.214079674671924
-0.980320665802755
-0.980398311638637
-0.320071423023132
-0.662289065262354
0.648114452079259
-0.713088229228388
-0.195302170058527
0.734480498308107
-1.19470601386565
-0.582039672553275
0.917098389235681
-1.23275606937939
-0.552403762993469
~
-0.965152319516878
0.541809737303836
-1.05134655286959
-0.937830353029589
0.290617218596872
-1.0230887974103
-0.970014842150439
-0.330681313261231
-0.671012054019702
0.644086966406013
-0.716961291050937
-0.201645691266059
0.728419398221083
-1.18805735308149
-0.582143731977373
0.908437555520396
-1.2246474036522
-0.545932227929189
~
-0.946268498680584
0.555678447526664
-1.03870028878578
-0.945748088100025
0.290634559678051
-1.02630074560095
-0.987409744082123
-0.324092252917741
-0.69743435900777
0.643948868515152
-0.718546412013666
-0.199656632791297
0.730643509328664
-1.19266803450188
-0.581044236397631
0.911898113931329
-1.22961871814372
-0.547418398131581
~
-0.932364279010606
0.55228938396054
-1.03408252943059
-0.949837193169895
0.285235543461805
-1.02879442621301
-0.994625087336916
-0.323914719059119
-0.693991544664518
0.64459576898386
-0.719131909330592
-0.199473709058757
0.731912678939759
-1.19379256143217
-0.578322162068997
0.913578122039801
-1.23203834043765
-0.547646990526558
~
-0.966765073572563
0.527492866741898
-1.0529191773464
-0.948765758542097
0.282840657405613
-1.02873575604924
-0.990837038325146
-0.330019109875366
-0.684498448572218
0.646472285536216
-0.722356232886984
-0.203025329413785
0.732978521057071
-1.19167345709786
-0.57784125948241
0.879574530271256
-1.29015152890097
-0.640338020797326
~
-0.986681872879779
0.528755958209
-1.06551525011016
-0.953756269234146
0.294390588142535
-1.03062675561717
-0.992686194417873
-0.332707211294039
-0.661001617733101
0.6451858256719
-0.721980414233865
-0.205820143185834
0.731283671528152
-1.18876895313496
-0.5784616825786
0.858745196376973
-1.30677917527775
-0.64592204277148
~
-0.932858236135114
0.541359954701477
-1.05457274113966
-0.952029478287057
0.302154658636716
-1.0399429141247
-0.991886242992578
-0.322069722533771
-0.684039959499451
0.650231922335531
-0.72575848133337
-0.206228977997146
0.73683950332704
-1.19501315720828
-0.580802421212221
0.743803400403465
-1.31666989054633
-0.723034768012409
~
-0.932452799909303
0.52140653576673
-1.0593852393673
-0.951131442247118
0.242487578480676
-1.02733135912489
-0.992045215325282
-0.353442069607885
-0.665204282488317
0.654902495269664
-0.728830979237931
-0.206830524217745
0.740932309214277
-1.19974622700386
-0.583144713665694
0.709430837121644
-1.30734178118593
-0.733842515510971
~
-0.982287321781466
0.497548232857572
-1.0785238732846
-0.955898627156423
0.26625993450516
-1.03888299572993
-0.972069831618617
-0.374996866266866
-0.657346003680442
0.649147287205016
-0.721056027105765
-0.205661828117433
0.772568811746268
-1.19416133617049
-0.56136246076745
0.723029264138596
-1.21010038500972
-0.613147394893781
~
-0.982669831589273
0.506657412843587
-1.07234720663849
-0.955002106274036
0.265005844883389
-1.03921243435399
-0.975252417006689
-0.346536215699124
-0.676632084575913
0.646662651694062
-0.721193253490471
-0.208070549803016
0.740807227916709
-1.19463172036938
-0.569747238708933
0.725723005573062
-1.32947565126777
-0.69711114713024
~
-0.933044138228346
0.472759148804628
-1.05270869241751
-0.946060035324515
0.197191604993208
-1.01755763456324
-0.980849439291436
-0.378243671634366
-0.64752398176575
0.645623480595205
-0.721305978940131
-0.208840852120424
0.738070439702116
-1.19371834249705
-0.57153133219911
0.722667958347463
-1.32847215949027
-0.69862585819034
~
-0.921345447581069
0.463109680859181
-1.04818754257026
-0.932011510542931
0.192752009027327
-1.01335479763664
-0.977528910991987
-0.391149156871724
-0.640435866898125
0.644515258825025
-0.721339873336635
-0.209325072776831
0.735687432421957
-1.19269152141218
-0.572672880284569
0.720289286697852
-1.32748288668017
-0.699389620791464
~
-0.936643399482774
0.47782499052198
-1.05638953349479
-0.937233210027112
0.236204099531395
-1.02785848538636
-0.971236850174209
-0.381583369449901
-0.656890517008327
0.644488865091955
-0.722503677391864
-0.208437023005398
0.723705441668
-1.19126496556232
-0.580382680766022
0.712345392137884
-1.32409586439774
-0.704548827681899
~
-0.891796855795706
0.485734122731604
-1.05120513598782
-0.932682080181758
0.174131812422133
-0.996511530151679
-0.993348678540833
-0.348944664905262
-0.678045122088824
0.655394003406488
-0.726710934958352
-0.204022409978249
0.735238448116538
-1.20087323213928
-0.580608602876813
0.723790681483433
-1.33488615653851
-0.70581927636598
~
-0.906401186435047
0.491814884401277
-1.05330709986112
-0.933266279694667
0.214513962007773
-1.0173219628652
-0.988735832858382
-0.354034470000112
-0.675513563041891
0.65272624860075
-0.726892778426376
-0.206712625092211
0.734305960876119
-1.19975359891459
-0.581790595122996
0.762899503826263
-1.33495354383246
-0.708474193655308
~
-0.98432588832448
0.503848679208608
-1.07396113683951
-0.946308703714122
0.244534511130051
-1.02583996093963
-0.979212868935225
-0.348459924687932
-0.673679027242753
0.649830631751545
-0.724848805474556
-0.208616462235646
0.777347076072565
-1.19936538793447
-0.559991183038335
0.734256988596014
-1.22812500694722
-0.62113859691595
~
-0.978230063592548
0.521040828204293
-1.06562279802457
-0.94777921649299
0.298329751901486
-1.04271494014061
-0.969847266656259
-0.337634175003314
-0.675305589341634
0.647620354217798
-0.722776684625025
-0.207733356312047
0.735157533376809
-1.19116727228014
-0.579428064064364
0.719747216022757
-1.32556170485801
-0.706935142349205
~
-0.926168885918418
0.50400260372963
-1.0482636254636
-0.950135321690918
0.264785028016047
-1.03057951130292
-0.998279454269502
-0.353306603553289
-0.664736807131955
0.642399326856115
-0.714227982963544
-0.202234555178873
0.733172540382445
-1.18571828374106
-0.573903915921933
0.717484299078391
-1.32121875204147
-0.701433194328569
~
-0.925738119760875
0.504804005125422
-1.04649336800257
-0.951122898772297
0.263881256175635
-1.03062145681428
-1.00030289990007
-0.358007487713473
-0.662978198182493
0.64289566417327
-0.715367267702527
-0.202299157503337
0.734686150557148
-1.18848284734533
-0.574951335476
0.719126799708728
-1.32418142685609
-0.703089118477608
~
-0.992388006161611
0.540463070579676
-1.0527824442628
-0.954763520333854
0.279040983399865
-1.02655067646667
-0.9783867757275
-0.338543978559954
-0.67931406846923
0.645555296899701
-0.722035669383851
-0.209092894647755
0.731514887403809
-1.19204195524131
-0.583673488296653
0.678683568166853
-1.3017250982683
-0.724945060479805
~
-0.897016049128475
0.522212904865661
-1.02564744304433
-0.945259108059936
0.260980148651684
-1.01962454205334
-1.00388098134418
-0.344643570054185
-0.664236802326604
0.643452312434741
-0.72197686405059
-0.208950116543477
0.728775976796884
-1.19249801818593
-0.583997031073225
0.703074009943549
-1.30825534628203
-0.727869901573725
~
-0.928504950077877
0.525091373942729
-1.04634704322431
-0.955277483773998
0.271652319682145
-1.02857811250888
-0.994223532205278
-0.335076008281393
-0.671872775147172
0.645145339118979
-0.725969335256363
-0.211691144231568
0.730542992258747
-1.19718892511116
-0.583811836409704
0.719263820156006
-1.33410773702087
-0.708874327374708
~
-1.01110168112588
0.531194148816409
-1.05142250362662
-0.972400528723028
0.277221082879659
-1.02462295630755
-0.998558278648852
-0.337104789637935
-0.66542137000353
0.645302950762708
-0.728726359126446
-0.214193449872255
0.769505606528403
-1.20174693605782
-0.571415165139217
0.716522424231649
-1.21205862936005
-0.61556572219935
~
-0.949917553936754
0.546469268032815
-1.02214375361038
-0.973822186343384
0.316659653528009
-1.02899359119278
-0.990911019641164
-0.324564050634391
-0.681288557760222
0.645635001059716
-0.73182607967478
-0.216699863569499
0.72930967978038
-1.20264867716458
-0.590630730433971
0.713233908953816
-1.39050154222871
-0.757028213612493
~
-0.933677686586089
0.549239718752818
-1.01782861039697
-0.967927023415341
0.292462053222646
-1.01742485896404
-1.00396428578189
-0.323385959176339
-0.681866635233967
0.643844745953362
-0.729196830277177
-0.214479490357995
0.730170013970922
-1.20438443244569
-0.58889776993236
0.713982703957176
-1.39354055136496
-0.756450128467395
~
-0.985830013995988
0.567051435023278
-1.02017526337861
-0.972672815236556
0.292308680336794
-1.01026985387761
-1.00974364176521
-0.326515972276687
-0.672600184182662
0.647335982988578
-0.731120236331218
-0.214223427184776
0.733438931265213
-1.20734817955438
-0.589523030560451
0.657453898403731
-1.28928832535472
-0.740017843444646
~
-0.909808803445229
0.567246674631622
-1.01648685206648
-0.963636276223656
0.299580785361237
-1.01353974285075
-1.01632381389557
-0.31509362995482
-0.683946683759605
0.648519702224467
-0.729075269421467
-0.210710707987972
0.7355619532807
-1.20900315113918
-0.587003512623213
0.642883010468967
-1.27511568956411
-0.73707805451813
~
-1.0058469524126
0.563214489045459
-1.06053180089304
-0.971729859654751
0.314321325119293
-1.03305637898743
-1.0015634988932
-0.323568212623521
-0.686537197883057
0.651034509172572
-0.734803185296342
-0.21424533411561
0.777755815560743
-1.21418812143727
-0.575278133299052
0.706953855363491
-1.21753193116435
-0.627412297112457
~
-0.929098624842426
0.555520281466754
-1.03248747453734
-0.961720333482127
0.27733903732772
-1.02802327689415
-1.00690726877542
-0.332570044375784
-0.693236848717749
0.650198360623572
-0.73923008547166
-0.212216672006096
0.730300118040189
-1.21815077653378
-0.594831496447605
0.703243172914985
-1.34291250806788
-0.727191170559704
~
-0.993520165577037
0.56382041444436
-1.0393336589098
-0.965272184540618
0.304049511120618
-1.02836977356562
-1.00255593278881
-0.332883305991953
-0.687250577325373
0.651216948268785
-0.740739984264401
-0.213807651626068
0.7309470348655
-1.21832157480004
-0.594598429258451
0.703609875724426
-1.34187915590497
-0.726111355068099
~
-0.933066459746997
0.576465597443362
-1.01796845449194
-0.969292224727053
0.309296174465497
-1.02713221755603
-1.01458507294763
-0.315162233067731
-0.697188510407154
0.653645014279418
-0.741564987474828
-0.210632971528086
0.734130252353565
-1.22223655930886
-0.5933869500662
0.706496017713194
-1.34658515891317
-0.725847378534843
~
----
@mother
-0.758562195373708
-1.31678302080824
-1.19658551068351
-0.702917745186843
-1.14698757662039
-1.02322447301237
-0.734600968564226
-0.722725269460932
-0.501488569596435
0.782364211914845
-0.366880440314252
-0.50317957480594
0.889127127508763
-0.133163837563857
-1.125990602908
0.922921338995815
-0.0908346420595358
-1.27601715831733
~
-0.777400846963407
-1.34467792832817
-1.21968928867403
-0.719894220452955
-1.17576809174543
-1.047921130478
-0.759012997500646
-0.746839347603898
-0.515162031463121
0.769636889845436
-0.379220016274922
-0.509345455481667
0.900408400432994
-0.142298650923958
-1.1447771138447
0.942497923443203
-0.0730480895358207
-1.33105755566723
~
-0.78227134033762
-1.34865716630362
-1.21988456281393
-0.724323438375096
-1.18081683790333
-1.04942496873585
-0.767855325633488
-0.749938809187585
-0.515240880986562
0.787618672647249
-0.396634017560332
-0.483630964386406
0.98212306811929
-0.212197410574164
-1.20646697000626
0.91234532443779
0.0619067095710505
-1.48786957878974
~
-0.789728605716413
-1.3540515562669
-1.21869741272659
-0.731170610139517
-1.1906514172634
-1.05330545329787
-0.77073242011752
-0.755459173557674
-0.51903023484942
0.788153812881633
-0.404244182477758
-0.474175479410243
0.988555192275043
-0.202243945035721
-1.21284035734877
0.917929914563072
0.0553678200067535
-1.48062605946073
~
-0.791564436982927
-1.3554299484699
-1.21590398543237
-0.732453201076264
-1.19668631871898
-1.05577482117838
-0.772936071553116
-0.759888819310969
-0.521679789351664
0.79211118416791
-0.403813750219051
-0.466988228861876
0.995969877675658
-0.182868210696098
-1.24800077920747
0.92288284842891
0.0506626754163439
-1.47813109881042
~
-0.792894882497979
-1.35999701052544
-1.21686479746661
-0.733137563591213
-1.20524121501484
-1.06134834792294
-0.77390794362707
-0.766904017367846
-0.525247048297344
0.795560129712756
-0.403658078763248
-0.462129666975145
1.00372368458903
-0.181903143537814
-1.25135769697411
0.928950463449582
0.048414614999793
-1.47986988821617
~
-0.794187821368881
-1.36131269690864
-1.21588323581575
-0.734217971326625
-1.20855179640797
-1.06258144241953
-0.774207271648427
-0.769051558402503
-0.526482245410287
0.795798486480261
-0.404341128161428
-0.459803180196299
1.01045625961644
-0.181445200894969
-1.24361575647987
0.930981270303841
0.0468089783439957
-1.47874725634157
~
-0.795090598560285
-1.3642865646603
-1.21738331402085
-0.735116308998494
-1.21124273922293
-1.06366058508849
-0.77389367256704
-0.769884188265726
-0.52777776960207
0.795964700930364
-0.406603662355848
-0.459169883498185
1.00975745498391
-0.188061859744476
-1.23944530539921
0.932062908745167
0.0450563736797901
-1.48010202223211
~
-0.796263105175159
-1.3661994290521
-1.21736237463697
-0.736353751756624
-1.212964939459
-1.06331882614465
-0.773538247962908
-0.770191124220381
-0.528000337388515
0.795521467850867
-0.408906313581956
-0.458254893918642
1.0115220387217
-0.182287649987717
-1.24532701285654
0.932261563010387
0.0427771243243409
-1.48000540862837
~
-0.786314318881839
-1.17846356687203
-1.08312776981372
-0.709244128595246
-1.05480703693797
-0.974176377947809
-0.850284259464075
-0.667165048399787
-0.413595113269064
0.795727055154722
-0.40644088410556
-0.456241966030711
1.00918777343965
-0.186337233144242
-1.23658267876594
0.931198307476985
0.0417137525426806
-1.47586486417065
~
-0.647760586928106
-1.1835464139808
-0.857318571769404
-0.710522594649567
-1.01905862715951
-0.72283240216653
-0.898808505141976
-0.525595266695653
-0.281546306165873
0.794837567951226
-0.406419584622664
-0.452986629817941
1.00689250457746
-0.188094818824419
-1.23004782775119
0.9302407747509
0.0407845504790265
-1.47227409375675
~
-0.317437069012967
-1.25625598630079
-0.793088918047333
-0.454753813856567
-1.10741922739571
-0.704086922024491
-0.866704048387366
-0.660909175713709
-0.399302353878
0.790832151118255
-0.315486417611124
-0.530570092754327
1.00908731814356
-0.177271340079466
-1.24053105740316
0.930017389134782
0.0392628993190533
-1.47024116169029
~
-0.351476438617787
-1.27589701787459
-0.814591734848517
-0.480083447990494
-1.12277576708813
-0.719845691222727
-0.865904363538165
-0.663412127299192
-0.397807304326074
0.793157709365587
-0.322952881077088
-0.521511870669644
1.00797050679478
-0.183496557025573
-1.23117353856378
0.930926841607336
0.0388062699742935
-1.46989043150494
~
-0.604936121280325
-1.18123501796979
-0.833569372211297
-0.679193971205237
-1.01816239095276
-0.703676999221282
-0.901967520979974
-0.528944622506901
-0.276185245803618
0.793466874175275
-0.297838624292483
-0.538449558720711
1.00913549908557
-0.186450216629429
-1.22850965914857
0.932299130386812
0.0375577960172095
-1.47006091753928
~
-0.639175258091437
-1.35654137115575
-0.970053166827378
-0.696033064536882
-1.18741161784931
-0.838756774569434
-0.866606371148457
-0.680022357929967
-0.407010564547031
0.791506415065355
-0.311366393731993
-0.542897109123017
1.01008563299046
-0.189270991104002
-1.227104402032
0.932869255405874
0.0374637365531469
-1.47279050125897
~
-0.905163565744113
-1.15356854799761
-0.957053384192337
-0.839722268290152
-1.1239907869442
-0.941473291913348
-0.862998037871684
-0.682293391565638
-0.408618190115962
0.816273245181593
-0.390873977163825
-0.44496753458645
1.00667221320099
-0.189453491934747
-1.22587348916007
0.933452919089098
0.0372696940077058
-1.46936265596112
~
-0.629668777768179
-1.18855974836666
-0.843502303219192
-0.696666440960478
-1.02467296237015
-0.709988057592353
-0.897659317660613
-0.533012604380638
-0.271531822532784
0.82670343328996
-0.392800477476487
-0.442516186419277
0.988597775129829
-0.117384001194694
-1.17292951976902
1.00973657311622
0.114693329610252
-1.48219807547226
~
-0.635925829076595
-1.19105188491442
-0.840176057652129
-0.701915989088453
-1.02674579636
-0.705670209121872
-0.899886582345961
-0.533827417474819
-0.264121415196685
0.812760207914798
-0.411925661314565
-0.442607192583806
1.10203983451944
0.0956706961440798
-1.16852646564471
1.23585265157886
0.312938836189674
-1.24759115517105
~
-0.883674337772823
-1.34266408736073
-1.11667379465014
-0.83708235424977
-1.25208985409378
-1.02561454643537
-0.774476898354409
-0.788028007970048
-0.506020483560088
0.790765393009995
-0.430906885415871
-0.451485425624878
1.14254536681743
0.15557735001305
-1.07028014861456
1.30094560641514
0.409181193665627
-1.07956051923536
~
-0.857433811468639
-1.38085090491857
-1.15944932041064
-0.800710971385884
-1.25261048912583
-1.02995970283784
-0.782154988589347
-0.786900224331582
-0.502785775751547
0.934822790305177
-0.480551514473259
-0.615866221735971
1.05026989302531
0.209515080500271
-0.989751844496992
1.06382213314981
0.532375950950181
-1.02150681282637
~
-0.841367618599272
-1.37648297546234
-1.16029955135731
-0.783788785014707
-1.23306381347421
-1.01498356861205
-0.776113354275181
-0.773066628476379
-0.492122204201082
0.941766188121551
-0.387750748140851
-0.648302704306891
1.06202519135442
0.230341398606741
-0.910319449672143
1.21584703115153
0.622379194223442
-0.906413723294971
~
-0.82075877880088
-1.36361303120437
-1.15036544432132
-0.763163243830257
-1.22169023753476
-1.00684252845779
-0.76433273219904
-0.768445668120679
-0.487726131157593
0.932467540881863
-0.362035163952733
-0.613264306384503
1.11803071926563
0.236520439082638
-0.861882520871391
1.28582402511467
0.59188734260162
-0.853645947699017
~
-0.823916787650014
-1.36983548592014
-1.16535618946141
-0.765672998835988
-1.22444796837999
-1.01828981713511
-0.772997046499115
-0.76995535449734
-0.496119897735575
1.04674566497309
-0.372522171230481
-0.575658473994101
1.07508060676165
0.237560881588458
-0.874601209152721
1.00830345628898
0.602449930704963
-0.881920975460109
~
-0.782961089528346
-1.35553286233228
-1.19025718743982
-0.724477740228061
-1.20865918868655
-1.04162739319109
-0.744809347097294
-0.758929185366821
-0.523390039855551
1.00124675207572
-0.348333103705267
-0.579617609365515
1.06226638815926
0.259754918670949
-0.862610727765999
1.1449297249724
0.647451857045366
-0.876150989292141
~
-0.801460597892586
-1.3658436865822
-1.19887737402258
-0.744314922086076
-1.21656512940612
-1.04651263558955
-0.740257250236506
-0.754724725304456
-0.5364517547138
1.00875468378395
-0.372389112129733
-0.581615601275576
1.0343190798261
0.242917758271977
-0.858497695997191
1.03228375162635
0.620133960785789
-0.867020933661016
~
-0.793759274820379
-1.36146428839833
-1.19632801950629
-0.734661719147267
-1.21644448484789
-1.04905183667268
-0.75564357065309
-0.75753902772137
-0.530960594378886
0.913029092304231
-0.317750223584999
-0.454017723209985
1.02356843816093
0.212215369425701
-0.877331582450623
0.993774046968485
0.616330985901611
-0.873770441999921
~
-0.799708392419937
-1.35888548192093
-1.1849634391199
-0.74034697928168
-1.22259590454549
-1.04659080546611
-0.758848485686472
-0.76149717034498
-0.52889615902683
0.903562524126845
-0.425971176347733
-0.535827885172032
0.999972279227405
0.167408392868577
-0.859660028313938
1.06706407366957
0.555698119288369
-0.914989428812786
~
-0.843274237926816
-1.36098726175561
-1.17802103188821
-0.788745279704337
-1.22884442275983
-1.0428386895464
-0.754572981862711
-0.762040467049812
-0.53110230341767
0.933286338265216
-0.421754584476506
-0.490230770269583
0.982345700469107
0.152204625970613
-0.862422930116346
0.979934482849763
0.553242684499382
-0.90258678962735
~
-0.924878010055217
-1.29697717162826
-1.10137103885
-0.898519521534844
-1.23234436498029
-1.0318341617042
-0.767260078456341
-0.7661766953034
-0.532543635775789
0.913598099533534
-0.434369623653464
-0.484794838424585
0.964538703587082
0.143143331157232
-0.864742316218505
0.993161874744953
0.546014911820327
-0.933211385239863
~
-0.930443341007119
-1.29935038211921
-1.10344791338555
-0.904841785365204
-1.23657036638986
-1.03626417852254
-0.77226397928484
-0.769595185234249
-0.533806091748989
0.954429842987204
-0.427971269825675
-0.590706157069825
0.968730691560692
0.190553854874045
-0.890418794944032
0.982481813131068
0.580837862045854
-0.916096863957159
~
-0.823442119994231
-1.37244767762231
-1.19794626645957
-0.763992324912447
-1.23246243577965
-1.05595741168459
-0.779016468064041
-0.768055950674741
-0.532003313923911
1.00314585544472
-0.385797482185619
-0.616307747928472
0.938175303516922
0.232844197602406
-0.909241048328323
0.88089180982964
0.577341376032774
-0.905272904049574
~
-0.828710914317803
-1.37471495901546
-1.19755710172321
-0.76967028830604
-1.23520131513314
-1.05609722709473
-0.779659970178447
-0.771072307943045
-0.53199934610148
1.01433768383929
-0.363857998514145
-0.621326044111493
0.934626619735823
0.250782321569785
-0.919233610252678
0.990043762567796
0.557688468131465
-0.949162899784856
~
-0.82758184160614
-1.37481870368709
-1.19443818097773
-0.768128530114392
-1.2362377243209
-1.05426665690299
-0.782580900998259
-0.773946472833705
-0.528401674246225
1.02043481946565
-0.353094421105443
-0.632659153243339
0.936604791368146
0.263988982248451
-0.923616587894957
1.01070085626486
0.562456976114468
-0.952502243126187
~
----
@tomorrow
-0.961268748227607
0.541797478391666
-1.08524000343016
-0.949846279474046
0.24884951378625
-1.03632579038193
-1.0195852541854
-0.354589315866221
-0.652559452412232
0.629267225262859
-0.748511801922132
-0.276928529436776
0.7140926184136
-1.18629674428471
-0.722746758439582
0.689071159014562
-1.31207541109325
-0.863049232212475
~
-0.866379634385743
0.511601316211569
-1.07056191785575
-0.929381364730949
0.203986176534229
-1.0180286695155
-1.02346201358484
-0.357616200215274
-0.651585384701016
0.631164605833954
-0.751702298222879
-0.276575399391207
0.716117820643009
-1.18980643690453
-0.724639794995084
0.691030199445096
-1.31591796144147
-0.86531251659674
~
-0.908325851287027
0.526823069323964
-1.08131764694128
-0.929721497414804
0.225844294534267
-1.03044400388778
-1.00722964803569
-0.348465510162304
-0.633227571556068
0.630654814432894
-0.751864539934117
-0.277143331817182
0.710980464371294
-1.18907343464253
-0.726630436919625
0.685905130881299
-1.31512298849983
-0.867234718137517
~
-0.950957395829742
0.521459570159101
-1.09266555533763
-0.939514368177859
0.237095914411971
-1.03545163390379
-1.00447865726987
-0.351373175115482
-0.633098930482517
0.626467471960944
-0.741633877248014
-0.266624328966366
0.705368964239847
-1.17761355527156
-0.716902518643965
0.680314601823531
-1.30355763812954
-0.85738868107408
~
-0.871930138972825
0.509103102642789
-1.06780145664162
-0.935898718722958
0.200257013329423
-1.01204465047725
-1.03612607203079
-0.360550937132267
-0.636869023006494
0.627139151903939
-0.741517000957019
-0.267633521190833
0.708525327557605
-1.17886098269904
-0.716010004879173
0.683471416612001
-1.30480265658234
-0.856493895517188
~
-0.902985666263798
0.529471772689735
-1.05673089566568
-0.941250793998998
0.232470301477253
-1.01852866728675
-1.03040038499582
-0.359834447097823
-0.645843894385421
0.627317526234149
-0.742934643242521
-0.268649440541081
0.709387109892025
-1.18081865693493
-0.717105618614652
0.684312446374386
-1.30686460451418
-0.857705969980615
~
-0.89200492192027
0.552797048662175
-1.04243429743652
-0.95661275737824
0.341876232198409
-1.05860346943161
-1.0177169337293
-0.196127882497051
-0.745282653036027
0.630541460476764
-0.749754106447129
-0.273311001542118
0.712096340218243
-1.18764944629904
-0.723146668644613
0.686989592901579
-1.31385672912816
-0.863927126062252
~
-0.880420911060235
0.545804689137399
-1.0424611105108
-0.961827672464048
0.249116246965569
-1.01325970559429
-1.05312842313052
-0.317062855672084
-0.655839546592507
0.629360914478393
-0.740104016952628
-0.266484502063745
0.711382641738727
-1.17901644748878
-0.715313568844881
0.686271264056967
-1.30524727403906
-0.856119708859789
~
-0.993874371668722
0.570856254275506
-1.06442380307951
-0.970281366386635
0.270149847716659
-1.02049913524011
-1.04160336401772
-0.336630900788951
-0.655282357839849
0.628233262836717
-0.745205910842082
-0.272294196802983
0.712739105428595
-1.18372654908207
-0.720941323494092
0.687630804798651
-1.30994199486734
-0.861730774014006
~
-1.00037012485932
0.562570068644899
-1.07070678085087
-0.974180313279769
0.272445593139067
-1.02544508640815
-1.03329153589075
-0.353242670293855
-0.640933865864083
0.62808423902049
-0.74961319329877
-0.275504181334195
0.714108916595675
-1.18796044345865
-0.724907744209294
0.688977446008918
-1.31429275487207
-0.865827490976387
~
-0.88550041151692
0.510393135387897
-1.06121711177933
-0.944787918947315
0.329709302489367
-1.07696680099741
-1.0214561444579
-0.197662325994142
-0.74442411873478
0.628864033026298
-0.74863127227204
-0.274920999519363
0.715349507586173
-1.18824640567298
-0.724256784130083
0.690184050313702
-1.31474937455994
-0.865367488024628
~
-0.876195522481562
0.508428981919679
-1.0600715829586
-0.950677603382533
0.21186143568805
-1.01404765348413
-1.05239753507262
-0.346327813529516
-0.639198071863294
0.628882965994075
-0.748540521050758
-0.275164365948511
0.715934513487137
-1.18808200737692
-0.724432755129504
0.690768712021375
-1.31458657460343
-0.865545732937301
~
-0.988016941929123
0.543361169964735
-1.0765625530168
-0.95805033701725
0.277508703996524
-1.03751326627729
-1.0449567663894
-0.349576973995091
-0.644127301591086
0.627578304369173
-0.749880374582404
-0.276425661471094
0.716920145919464
-1.18898661363414
-0.725684898156774
0.691757807547114
-1.31547357173538
-0.866778620738565
~
-0.983047074379756
0.544458306738044
-1.07056693876004
-0.960993830858776
0.311956740473549
-1.05389399300433
-1.00025869142979
-0.235043287785053
-0.749078134797201
0.627119558427104
-0.752831599430909
-0.278292457569025
0.718050614147803
-1.19227923402886
-0.728062826342963
0.692858617512212
-1.31891566208549
-0.869322601703094
~
-0.857979088350906
0.521936341533202
-1.04047103972441
-0.952382878097389
0.209497463337362
-1.00219961812946
-1.04097176674923
-0.324449741312715
-0.603169403874808
0.637117234284348
-0.753056289915956
-0.275508357500654
0.726121322013264
-1.1964340935684
-0.727807050893843
0.700758464259864
-1.32392937723903
-0.870025108188423
~
-0.855060111162151
0.517361054467431
-1.02765934474571
-0.945901887136104
0.189643180769264
-0.981256005820663
-1.03721213552111
-0.322073118985725
-0.608951889775635
0.637142839044398
-0.754824047998993
-0.276796760265859
0.726273016871018
-1.19689523358253
-0.729438980759259
0.700934070003044
-1.32427038417282
-0.871523305098341
~
-0.975543193622689
0.568386926903461
-1.00570522560851
-0.962841670517402
0.244130281117995
-0.97279013076033
-1.02960131985536
-0.337787403729051
-0.617518489621436
0.63632564132792
-0.755017373304825
-0.276768900369243
0.725840767913761
-1.19686604554628
-0.729663799654203
0.700497482917614
-1.32426272462477
-0.871773357006869
~
-0.976481574034015
0.573674700253087
-1.00434121525457
-0.961328870992354
0.300942646723497
-0.987597559799668
-1.03715280081891
-0.345264359439068
-0.614172551624409
0.635954443849505
-0.757210086604758
-0.276789061541527
0.725528343999707
-1.19835046125799
-0.730739997603679
0.700176859814953
-1.32578803302599
-0.872894979968938
~
-0.885731782411987
0.545341602932894
-1.01138710353197
-0.964115538779949
0.245245905569421
-0.984743719399712
-1.06646135697104
-0.336092416031551
-0.623403949839736
0.638273419286403
-0.756650035932146
-0.275085987613946
0.726598953210816
-1.19877376787295
-0.729880669957348
0.701204362330033
-1.32642805238818
-0.872276688945834
~
-0.885096562020002
0.549443763161682
-1.02678294040307
-0.959582989732826
0.297731083039164
-1.03219052024501
-1.06876771288506
-0.338708392622294
-0.638825496933515
0.634784776768247
-0.754300041901987
-0.275526880106834
0.726331089909921
-1.19741994846787
-0.728747383562446
0.700933097953842
-1.32509150956431
-0.871162712533833
~
-1.03112469813308
0.563260631808218
-1.08428771439761
-0.984397479639184
0.298975845261582
-1.04134417500669
-1.05697666461442
-0.339637891375137
-0.642372343259842
0.633039458198557
-0.755359624300051
-0.27738174643779
0.721946202972307
-1.19674922847907
-0.731526037241702
0.696591168178108
-1.32420517339221
-0.873700794888744
~
-1.02552865669939
0.555875088179912
-1.08678678217611
-0.986582656479165
0.36117463333476
-1.08440060917804
-1.01915075132041
-0.178620805205743
-0.7589911696624
0.631039936633806
-0.756931078032191
-0.278703576104328
0.719880612501592
-1.19634769576436
-0.732877693210481
0.694584803785386
-1.32350558819822
-0.87472015147719
~
-0.923348783108338
0.490323524049423
-1.08051033379878
-0.980590865236891
0.220268762784993
-1.03983300935429
-1.03990494704664
-0.310547044683047
-0.648599251619914
0.630742230634832
-0.758856229477422
-0.279934943021679
0.720517015741828
-1.19847411232472
-0.734133049683416
0.695212752843621
-1.3256746407363
-0.876023031994221
~
-0.915490081979108
0.492985643403421
-1.08120883839691
-0.965027971606856
0.26216959236548
-1.06309381132251
-1.04559785198994
-0.36651792450784
-0.642577903632322
0.624788394366447
-0.749272897578806
-0.272095221535677
0.716359325218354
-1.1893805386368
-0.725874482782143
0.691046543217929
-1.31662402791433
-0.867812462039667
~
-1.00675032682626
0.511067049304111
-1.08951265197193
-0.972000014420638
0.263621420082955
-1.05689219348542
-1.01787773519813
-0.376400216703637
-0.65815293894457
0.62143240230223
-0.746446058085924
-0.271577941798494
0.748843033896911
-1.18127258243616
-0.717150380816122
0.733058464829041
-1.31448977710903
-0.853649845590566
~
-0.981385576474497
0.51241410383317
-1.07826394400913
-0.970516277009601
0.267910735699051
-1.05462498104446
-1.02097296032962
-0.381815283010014
-0.650552382489465
0.623510055240552
-0.749521606594682
-0.274597914306827
0.71879232313726
-1.19283737481547
-0.721769758037356
0.702977633077839
-1.32630879657553
-0.858530326281081
~
-0.882410566592073
0.489889881349161
-1.06213967434113
-0.944673387698401
0.169442445852865
-1.00401718998702
-1.02798482310699
-0.361628104747134
-0.660252644800033
0.624893174339031
-0.752442301822009
-0.276582933899105
0.716876815872564
-1.19461638566041
-0.725767888770598
0.701061040840082
-1.32809729986517
-0.862538018414608
~
-0.875827743497321
0.488337126649863
-1.0626304486837
-0.925824678531497
0.285377428472896
-1.0560551552242
-1.02964859894717
-0.381300290329803
-0.645318843767406
0.625846794675985
-0.75573836465513
-0.279996860005322
0.714483241814207
-1.19691572874471
-0.73110789485735
0.698667123814116
-1.33039960797033
-0.867881255323271
~
-0.959526863920004
0.506781212626128
-1.0791768497208
-0.944118859439405
0.268301118676252
-1.04568429612383
-1.01928493397531
-0.361340399993266
-0.6484313824123
0.625255792862281
-0.75678270998059
-0.281972684017954
0.713036682873772
-1.19707389520802
-0.733620089049054
0.697233885004212
-1.33044570094057
-0.870278457770944
~
-0.943609296857849
0.526132087700413
-1.07468304589394
-0.945031015626434
0.266595222245546
-1.04525411954882
-1.01878400145605
-0.361760172133209
-0.649933150899282
0.62542612459601
-0.759005535775915
-0.28292590717548
0.713285340970977
-1.19935062181849
-0.7351873646714
0.697473216039501
-1.33280142792791
-0.871926710638889
~
-0.8585672099618
0.511235402208929
-1.0618402329014
-0.930037951187443
0.198117876027301
-1.00761074020648
-1.03412764176117
-0.354464546159652
-0.655837202707372
0.625186345972269
-0.757477510234033
-0.283017830208076
0.713422006068737
-1.19722351667251
-0.734079155990169
0.697639320486033
-1.330425737759
-0.870563865103523
~
-0.859610141495461
0.515627929302722
-1.06132222359346
-0.928663937124832
0.220387349483928
-1.01701180175769
-1.02972304717175
-0.35068295706
-0.655764765232315
0.625430560785595
-0.757765949489123
-0.283586089860575
0.71419409927282
-1.19746648259455
-0.734292769839538
0.698415868272089
-1.33063133534121
-0.870739025223616
~
----