
0.293749988079071
0.866666674613953
0.0526315793395042
0.400000005960464
0.733333349227905
0.0526315793395042
0.456250011920929
0.400000005960464
0.0526315793395042
0.0687500014901161
0.200000002980232
0.0526315793395042
0.0625
0.675000011920929
0.0526315793395042
0.200000002980232
0.816666662693024
0.0526315793395042
~
0.34375
0.858333349227905
0.0526315793395042
0.456250011920929
0.733333349227905
0.0526315793395042
0.493750005960464
0.391666680574417
0.0526315793395042
0.143749997019768
0.0416666679084301
0.0526315793395042
0.09375
0.683333337306976
0.0526315793395042
0.243750005960464
0.808333337306976
0.0526315793395042
~
0.34375
0.858333349227905
0.0526315793395042
0.456250011920929
0.733333349227905
0.0526315793395042
0.493750005960464
0.391666680574417
0.0526315793395042
0.143749997019768
0.0416666679084301
0.0526315793395042
0.09375
0.683333337306976
0.0526315793395042
0.243750005960464
0.808333337306976
0.0526315793395042
~
0.34375
0.858333349227905
0.0526315793395042
0.456250011920929
0.733333349227905
0.0526315793395042
0.493750005960464
0.391666680574417
0.0526315793395042
0.143749997019768
0.0416666679084301
0.0526315793395042
0.09375
0.683333337306976
0.0526315793395042
0.243750005960464
0.808333337306976
0.0526315793395042
~
0.34375
0.858333349227905
0.0526315793395042
0.456250011920929
0.733333349227905
0.0526315793395042
0.493750005960464
0.391666680574417
0.0526315793395042
0.143749997019768
0.0416666679084301
0.0526315793395042
0.09375
0.683333337306976
0.0526315793395042
0.243750005960464
0.808333337306976
0.0526315793395042
~
0.362500011920929
0.850000023841858
0.0526315793395042
0.474999994039536
0.699999988079071
0.0526315793395042
0.512499988079071
0.366666674613953
0.0526315793395042
0.137500002980232
0.025000000372529
0.0526315793395042
0.112499997019768
0.666666686534882
0.0526315793395042
0.275000005960464
0.808333337306976
0.0526315793395042
~
0.362500011920929
0.850000023841858
0.0526315793395042
0.474999994039536
0.699999988079071
0.0526315793395042
0.512499988079071
0.366666674613953
0.0526315793395042
0.137500002980232
0.025000000372529
0.0526315793395042
0.112499997019768
0.666666686534882
0.0526315793395042
0.275000005960464
0.808333337306976
0.0526315793395042
~
0.362500011920929
0.850000023841858
0.0526315793395042
0.474999994039536
0.699999988079071
0.0526315793395042
0.512499988079071
0.366666674613953
0.0526315793395042
0.137500002980232
0.025000000372529
0.0526315793395042
0.112499997019768
0.666666686534882
0.0526315793395042
0.275000005960464
0.808333337306976
0.0526315793395042
~
0.362500011920929
0.850000023841858
0.0526315793395042
0.474999994039536
0.699999988079071
0.0526315793395042
0.512499988079071
0.366666674613953
0.0526315793395042
0.137500002980232
0.025000000372529
0.0526315793395042
0.112499997019768
0.666666686534882
0.0526315793395042
0.275000005960464
0.808333337306976
0.0526315793395042
~
0.362500011920929
0.850000023841858
0.0526315793395042
0.474999994039536
0.699999988079071
0.0526315793395042
0.512499988079071
0.366666674613953
0.0526315793395042
0.137500002980232
0.025000000372529
0.0526315793395042
0.112499997019768
0.666666686534882
0.0526315793395042
0.275000005960464
0.808333337306976
0.0526315793395042
~
0.381249994039536
0.866666674613953
0.0526315793395042
0.5
0.733333349227905
0.0526315793395042
0.53125
0.383333325386047
0.0526315793395042
0.118749998509884
0.641666650772095
0.0526315793395042
0.28125
0.816666662693024
0.0526315793395042
~
0.381249994039536
0.866666674613953
0.0526315793395042
0.5
0.733333349227905
0.0526315793395042
0.53125
0.383333325386047
0.0526315793395042
0.118749998509884
0.641666650772095
0.0526315793395042
0.28125
0.816666662693024
0.0526315793395042
~
0.381249994039536
0.866666674613953
0.0526315793395042
0.5
0.733333349227905
0.0526315793395042
0.53125
0.383333325386047
0.0526315793395042
0.118749998509884
0.641666650772095
0.0526315793395042
0.28125
0.816666662693024
0.0526315793395042
~
0.381249994039536
0.866666674613953
0.0526315793395042
0.5
0.733333349227905
0.0526315793395042
0.53125
0.383333325386047
0.0526315793395042
0.118749998509884
0.641666650772095
0.0526315793395042
0.28125
0.816666662693024
0.0526315793395042
~
0.381249994039536
0.866666674613953
0.0526315793395042
0.5
0.733333349227905
0.0526315793395042
0.53125
0.383333325386047
0.0526315793395042
0.118749998509884
0.641666650772095
0.0526315793395042
0.28125
0.816666662693024
0.0526315793395042
~
0.387499988079071
0.891666650772095
0.0526315793395042
0.518750011920929
0.758333325386047
0.0526315793395042
0.53125
0.391666680574417
0.0526315793395042
0.131249994039536
0.0500000007450581
0.0526315793395042
0.118749998509884
0.691666662693024
0.0526315793395042
0.28125
0.841666638851166
0.0526315793395042
~
0.387499988079071
0.891666650772095
0.0526315793395042
0.518750011920929
0.758333325386047
0.0526315793395042
0.53125
0.391666680574417
0.0526315793395042
0.131249994039536
0.0500000007450581
0.0526315793395042
0.118749998509884
0.691666662693024
0.0526315793395042
0.28125
0.841666638851166
0.0526315793395042
~
0.387499988079071
0.891666650772095
0.0526315793395042
0.518750011920929
0.758333325386047
0.0526315793395042
0.53125
0.391666680574417
0.0526315793395042
0.131249994039536
0.0500000007450581
0.0526315793395042
0.118749998509884
0.691666662693024
0.0526315793395042
0.28125
0.841666638851166
0.0526315793395042
~
0.387499988079071
0.891666650772095
0.0526315793395042
0.518750011920929
0.758333325386047
0.0526315793395042
0.53125
0.391666680574417
0.0526315793395042
0.131249994039536
0.0500000007450581
0.0526315793395042
0.118749998509884
0.691666662693024
0.0526315793395042
0.28125
0.841666638851166
0.0526315793395042
~
0.387499988079071
0.891666650772095
0.0526315793395042
0.518750011920929
0.758333325386047
0.0526315793395042
0.53125
0.391666680574417
0.0526315793395042
0.131249994039536
0.0500000007450581
0.0526315793395042
0.118749998509884
0.691666662693024
0.0526315793395042
0.28125
0.841666638851166
0.0526315793395042
~
0.375
0.899999976158142
0.0526315793395042
0.506250023841858
0.758333325386047
0.0526315793395042
0.537500023841858
0.375
0.0526315793395042
0.1875
0.0666666701436043
0.0526315793395042
0.28125
0.850000023841858
0.0526315793395042
~
0.375
0.899999976158142
0.0526315793395042
0.506250023841858
0.758333325386047
0.0526315793395042
0.537500023841858
0.375
0.0526315793395042
0.1875
0.0666666701436043
0.0526315793395042
0.28125
0.850000023841858
0.0526315793395042
~
0.375
0.899999976158142
0.0526315793395042
0.506250023841858
0.758333325386047
0.0526315793395042
0.537500023841858
0.375
0.0526315793395042
0.1875
0.0666666701436043
0.0526315793395042
0.28125
0.850000023841858
0.0526315793395042
~
0.375
0.899999976158142
0.0526315793395042
0.506250023841858
0.758333325386047
0.0526315793395042
0.537500023841858
0.375
0.0526315793395042
0.1875
0.0666666701436043
0.0526315793395042
0.28125
0.850000023841858
0.0526315793395042
~
0.375
0.899999976158142
0.0526315793395042
0.506250023841858
0.758333325386047
0.0526315793395042
0.537500023841858
0.375
0.0526315793395042
0.1875
0.0666666701436043
0.0526315793395042
0.28125
0.850000023841858
0.0526315793395042
~
0.375
0.891666650772095
0.0526315793395042
0.512499988079071
0.758333325386047
0.0526315793395042
0.537500023841858
0.375
0.0526315793395042
0.174999997019768
0.058333333581686
0.0526315793395042
0.112499997019768
0.708333313465118
0.0526315793395042
0.28125
0.833333313465118
0.0526315793395042
~
0.375
0.891666650772095
0.0526315793395042
0.512499988079071
0.758333325386047
0.0526315793395042
0.537500023841858
0.375
0.0526315793395042
0.174999997019768
0.058333333581686
0.0526315793395042
0.112499997019768
0.708333313465118
0.0526315793395042
0.28125
0.833333313465118
0.0526315793395042
~
0.375
0.891666650772095
0.0526315793395042
0.512499988079071
0.758333325386047
0.0526315793395042
0.537500023841858
0.375
0.0526315793395042
0.174999997019768
0.058333333581686
0.0526315793395042
0.112499997019768
0.708333313465118
0.0526315793395042
0.28125
0.833333313465118
0.0526315793395042
~
0.375
0.891666650772095
0.0526315793395042
0.512499988079071
0.758333325386047
0.0526315793395042
0.537500023841858
0.375
0.0526315793395042
0.174999997019768
0.058333333581686
0.0526315793395042
0.112499997019768
0.708333313465118
0.0526315793395042
0.28125
0.833333313465118
0.0526315793395042
~
0.375
0.891666650772095
0.0526315793395042
0.512499988079071
0.758333325386047
0.0526315793395042
0.537500023841858
0.375
0.0526315793395042
0.174999997019768
0.058333333581686
0.0526315793395042
0.112499997019768
0.708333313465118
0.0526315793395042
0.28125
0.833333313465118
0.0526315793395042
~
0.362500011920929
0.908333361148834
0.0526315793395042
0.481249988079071
0.75
0.0526315793395042
0.524999976158142
0.400000005960464
0.0526315793395042
0.112499997019768
0.191666662693024
0.0526315793395042
0.106250002980232
0.699999988079071
0.0526315793395042
0.268750011920929
0.841666638851166
0.0526315793395042
~
0.362500011920929
0.908333361148834
0.0526315793395042
0.481249988079071
0.75
0.0526315793395042
0.524999976158142
0.400000005960464
0.0526315793395042
0.112499997019768
0.191666662693024
0.0526315793395042
0.106250002980232
0.699999988079071
0.0526315793395042
0.268750011920929
0.841666638851166
0.0526315793395042
~
0.362500011920929
0.908333361148834
0.0526315793395042
0.481249988079071
0.75
0.0526315793395042
0.524999976158142
0.400000005960464
0.0526315793395042
0.112499997019768
0.191666662693024
0.0526315793395042
0.106250002980232
0.699999988079071
0.0526315793395042
0.268750011920929
0.841666638851166
0.0526315793395042
~
0.362500011920929
0.908333361148834
0.0526315793395042
0.481249988079071
0.75
0.0526315793395042
0.524999976158142
0.400000005960464
0.0526315793395042
0.112499997019768
0.191666662693024
0.0526315793395042
0.106250002980232
0.699999988079071
0.0526315793395042
0.268750011920929
0.841666638851166
0.0526315793395042
~
----