@RockOn
-0.684226889965427
-1.35112194648511
-1.07078579217633
-0.664698758883897
-1.13625523669826
-0.914309730243673
-0.754091082790234
-0.673697771491532
-0.428864527449185
0.669631065620954
-0.733558404898322
-0.236573873113
0.726330884507575
-1.27242533356417
-0.633698385621401
0.744894457563999
-1.48906449551818
-0.78783063298987
~
-0.68170041322377
-1.34881479518335
-1.06716168910958
-0.662237847371474
-1.1343088003044
-0.911132288446064
-0.750706608633918
-0.671991874485814
-0.427263834778117
0.67079781829057
-0.732598594668271
-0.236902369420371
0.724877093310256
-1.27087443085054
-0.632832321635777
0.743574293965684
-1.48703563334091
-0.786655070760444
~
-0.676676009147507
-1.34735355628818
-1.06605333672858
-0.661095234990252
-1.13362769306909
-0.909365955132984
-0.749224402002175
-0.672056751669969
-0.426460410377425
0.670450834949637
-0.731261005375046
-0.236569185805118
0.721798428076213
-1.26851049221021
-0.632210506480732
0.741983216259674
-1.48444430652317
-0.785304148811992
~
-0.675858233568248
-1.35018903377368
-1.06795987488984
-0.659337819668557
-1.13623374626617
-0.910631924828566
-0.751837286072182
-0.674142309652151
-0.426844907912505
0.672451494079657
-0.732710409796926
-0.236526620548692
0.722549621712602
-1.27157850638395
-0.632764211180928
0.741784091484244
-1.48767673762507
-0.786820902761401
~
-0.677911520878481
-1.35149063985996
-1.06752688191947
-0.661065685179801
-1.13743817937887
-0.910136984696689
-0.753710138693712
-0.675136667230865
-0.426093350329208
0.671625335256808
-0.73226459384456
-0.235974394630443
0.720901145542013
-1.2707794089075
-0.633472059804113
0.741869561462364
-1.4871470712572
-0.787157458717746
~
-0.679304330292666
-1.35268014965263
-1.06724439203221
-0.662108585961241
-1.13867432246432
-0.909807195605667
-0.754471870496872
-0.676444746527717
-0.425581276635637
0.671386372188398
-0.729400683235367
-0.235157126347146
0.7205592254196
-1.26825016374804
-0.632232197839703
0.742733902076719
-1.48479758749642
-0.785516932820236
~
-0.677840075348742
-1.35083206244759
-1.06578680632914
-0.661002023929181
-1.13711820665125
-0.908585854125682
-0.752952012139235
-0.675598749973178
-0.424989656363453
0.670975632602169
-0.727311800713724
-0.23557539069508
0.720498547389624
-1.26508153315341
-0.632429600875245
0.742491536397047
-1.48158048740224
-0.785118553543009
~
-0.678803640694797
-1.35181793171389
-1.06648183108695
-0.662010510482176
-1.13781988950135
-0.909397399012228
-0.754077925962808
-0.676437216562019
-0.425098433392023
0.670603271850822
-0.726647148801725
-0.235845367672497
0.719603404680178
-1.26399151916102
-0.634123834948082
0.742207655265484
-1.48086083031751
-0.786470000029403
~
-0.673566343690807
-1.34531407423176
-1.06533316635551
-0.657911341535599
-1.13293637418832
-0.907877537116557
-0.749222568969637
-0.674072730321468
-0.425058831522684
0.669160484365486
-0.723341755766104
-0.236909107112628
0.71878073387691
-1.25778620301754
-0.634207667957549
0.741812258868495
-1.47405913872364
-0.785326986150168
~
-0.683737917140813
-1.340462100294
-1.07187953287608
-0.66149134312049
-1.13040512503295
-0.912295283371251
-0.749069708861133
-0.67455544361209
-0.426043741092883
0.668919759432443
-0.721803988733691
-0.237109261602858
0.719741539919305
-1.25617246416672
-0.633884262391729
0.740714075067131
-1.47123658814032
-0.786833421598501
~
-0.700790719782112
-1.30828606765424
-1.10912236885753
-0.67124785958364
-1.11003847275504
-0.936339582044254
-0.751892934055368
-0.675804844203893
-0.428363224104218
0.669448674106759
-0.720369891774786
-0.237072693875204
0.720606751361731
-1.25372906009075
-0.634813639055318
0.738860933465731
-1.46809405081967
-0.788901819145591
~
-0.657637918658549
-1.1194582725829
-1.56052918786652
-0.682815486138249
-1.10147932996815
-0.957815024275005
-0.756831594223941
-0.678333089639804
-0.43429033060165
0.676994715368985
-0.724578054723974
-0.238410864894643
0.728076848184474
-1.259380900446
-0.640031927694982
0.746961884243377
-1.47532651381236
-0.79412701925811
~
-0.564967019908324
-0.970866571606082
-1.75008571518617
-0.713953755995846
-0.818405142867703
-1.2127669056909
-0.641824463626623
-0.524920246602474
-0.600999330253648
0.680828604620805
-0.721056579098888
-0.236620803284785
0.737656720215285
-1.25785560572113
-0.635400501488274
0.752921591043461
-1.47303706305683
-0.791309954708613
~
-0.531010529430271
-0.660759476084975
-1.71554438177511
-0.945866336253339
-0.831999368128499
-1.03544456127011
-0.762882218992788
-0.55108705676914
-0.438896236337272
0.685659152300687
-0.723918817543762
-0.237484640926116
0.746604033101866
-1.26315304884794
-0.637074599300466
0.757987054911656
-1.47804773831494
-0.795641575210704
~
-0.495609185363831
-0.505156594029779
-1.70130610557262
-0.995162041241065
-0.77389656653644
-1.1027548503162
-0.790645699078943
-0.468735795074746
-0.520216294741584
0.692659706073817
-0.728471894396991
-0.239035771605644
0.762985046361148
-1.27385198483211
-0.637300569471192
0.768652404619134
-1.48881726761394
-0.799626596411732
~
-0.499652349576681
-0.336975938529745
-1.68796769814899
-0.595717552408316
-0.304356835478958
-1.26775471362038
-0.870544132531553
-0.422559212919784
-0.470719968311417
0.697548083981507
-0.737176128692719
-0.239707955190593
0.771985864644882
-1.28905302009632
-0.642899172122297
0.775749240194033
-1.50595624900392
-0.808498476378422
~
-0.535146071451367
-0.220320457033732
-1.72233222487038
-0.561439102876962
-0.233936806942903
-1.67655076541504
-0.516064743043582
-0.106244812880305
-0.940418013562644
0.708223894987193
-0.76644883930675
-0.244512511772661
0.786447361420591
-1.33425954489748
-0.665429594341387
0.789933493119129
-1.55869153389065
-0.83661539189523
~
-0.638061232816682
-0.151448730934703
-1.83855818795377
-0.715646025579615
-0.357436129323022
-1.51256845294855
-0.803761082461063
-0.712155863600945
-0.54555563512671
0.720002002038253
-0.831122231134336
-0.261337126297925
0.804293426171949
-1.43518797596583
-0.714114789214369
0.808542561728519
-1.675962523961
-0.895577471046052
~
-0.686173195402493
-0.111638695038595
-1.89361019324231
-0.703459696568835
-0.25549616495436
-1.64024464490419
-0.642768707085193
-0.532198144044374
-0.620080217928788
0.716562980827008
-0.856263233988234
-0.266186749172347
0.80445396995629
-1.47327610005256
-0.730418588017392
0.810373375280669
-1.7225747738417
-0.912012417578609
~
-0.725135687871179
-0.0760442584402451
-1.94248252818775
-0.734180259826005
-0.286384059066102
-1.69565007736788
-0.617055781984992
-0.789004045457061
-0.759567126975317
0.71529617768642
-0.867253404881893
-0.267232190326964
0.802290918372446
-1.49354142801647
-0.736357026410459
0.809759178378873
-1.74947457315376
-0.915619438395549
~
-0.76240402081573
-0.0496906829230919
-1.98961269515385
-0.772475286511752
-0.284366093647614
-1.70898457520573
-0.635158954644181
-0.799028481353728
-0.765061973146477
0.712330768171431
-0.887401744601051
-0.265903220539359
0.802645523438953
-1.5227716856232
-0.740924427240426
0.81170447186357
-1.78476727280958
-0.919307198580094
~
-0.774712262715311
-0.0309386465959787
-2.01311112201124
-0.87638005290951
-0.18460557689874
-1.79977755953432
-1.05150025319596
-0.5686359971211
-0.799900094729318
0.710232167515982
-0.885688944893781
-0.264435924080458
0.796742712875695
-1.51995608980475
-0.740861709376147
0.806493737063527
-1.78269205189903
-0.917909080738719
~
-0.795669671638096
-0.0138108656401047
-2.05103878209477
-0.85992792751086
-0.0763280392130481
-2.04051888453302
-1.00798704622256
-0.342284755535386
-0.992960046404748
0.708846562606602
-0.893806871617239
-0.265879158246719
0.80023221924977
-1.53276634622193
-0.7394593009557
0.808997557528514
-1.79464506481624
-0.919995921077144
~
-0.809173512581614
-0.0102483548336946
-2.08257260102728
-0.87747693559176
-0.0773709675012963
-2.06090948433712
-0.999905808327471
-0.329671955811699
-1.00582493442372
0.706505438077532
-0.894376236105261
-0.266770694289948
0.799996470125399
-1.53359818625381
-0.740243954346723
0.808916053240737
-1.79531933851117
-0.921484331425316
~
-0.792615146424188
-0.00374226402464924
-2.06699211846952
-0.887091744879473
-0.120463187296658
-1.90022452892805
-1.05004350467356
-0.436683411508912
-0.889185367757402
0.702394259877395
-0.877737862428251
-0.262592919725353
0.797678359976863
-1.5058041344828
-0.72722688195962
0.806570530246045
-1.76216380301135
-0.906706010651503
~
-0.77769048032224
0.00106272122230429
-2.04861664209349
-0.859369800108758
-0.0840327621640769
-1.95777523074302
-0.989598873447773
-0.370413515427139
-0.949499365429165
0.697561579098271
-0.864709001930811
-0.259401733253121
0.795096926475485
-1.48268384925502
-0.717229909474435
0.80265950008913
-1.7340520478207
-0.895887525224059
~
-0.764880819639095
0.00302099102608475
-2.03261781604204
-0.840519142798424
-0.070587435191502
-1.98853352960184
-0.956572975979908
-0.321082708844997
-0.980241201056717
0.694349060366184
-0.856437687774709
-0.2559240364333
0.799950625941968
-1.47100485060312
-0.70188394120445
0.804525649481097
-1.7164992034653
-0.883372254319978
~
-0.740691904137175
0.000332912834898214
-2.00018646939943
-0.818562777087828
-0.0801201172197985
-1.93744779608271
-0.945994467075121
-0.347244747867498
-0.953144934936675
0.69175816035878
-0.84429983948556
-0.2500443818414
0.803199420553146
-1.44973394858588
-0.685004411054327
0.80578015838097
-1.69006505081363
-0.865237681055682
~
-0.737060818813194
-0.0019444873724595
-1.99941032723683
-0.849272860723387
-0.134456778290045
-1.79517390166756
-1.0368565831659
-0.441730024030006
-0.834436608438203
0.692960912536585
-0.844184634108744
-0.248572519628955
0.805879822152093
-1.44882918169505
-0.682994272119952
0.808496909807743
-1.68903076974048
-0.863146881328941
~
-0.736794003137257
-0.00298672033712149
-1.99974587320705
-0.822756372697117
-0.0974368297847082
-1.90501301064884
-0.963653156847604
-0.375260667683573
-0.927360677954029
0.691820726387396
-0.840506303226803
-0.246075270833085
0.803952135173675
-1.44515590976751
-0.679930411069924
0.80799968046454
-1.68567017424565
-0.859599041376419
~
-0.737007132137299
-0.000623287562773161
-1.99554408643254
-0.822667092526578
-0.0879951836205267
-1.91898961395924
-0.964367730690584
-0.355053022311285
-0.939555023657983
0.69118422017034
-0.837924422067709
-0.242285756417429
0.804201407612804
-1.44132047709524
-0.676230968260848
0.807717396630498
-1.68210747392089
-0.855221533241019
~
-0.738821607272126
0.000248754815818965
-1.99687732049767
-0.826307103664406
-0.0817552960776301
-1.9157461367472
-0.965282090346549
-0.358985385047671
-0.93861935630971
0.691658507308326
-0.838190124142061
-0.241678863192673
0.802618462678407
-1.44101829134141
-0.677376688378638
0.80632854843386
-1.68257604960796
-0.855669257880485
~
----
