@RockOn
-0.550195700908473
-1.79062987245282
0.184908719863965
-0.596379829413951
-1.45542141193291
0.255650293773499
-0.737641427025549
-0.636420615640149
0.427832162855739
0.750287568804734
-0.481650681686339
0.761792697049247
1.04822684942895
-1.16171336069929
1.55390068100802
1.21445736185606
-0.985458017694292
1.66558222941393
~
-0.6065924886236
-1.71865597918981
0.198113709164289
-0.651354531527063
-1.45491300512087
0.259874039154538
-0.736651979901709
-0.635786546222632
0.427226396174164
0.748557945556745
-0.47814557640123
0.7625787932549
1.04550372284086
-1.16115708012097
1.55092134818523
1.21139839386983
-0.985362092165159
1.66314933235862
~
-0.576489011973005
-1.75729076581182
0.188799812800501
-0.6164660888261
-1.45022122115025
0.256053725356378
-0.735113911751331
-0.636087790284529
0.427490484301494
0.747621216038236
-0.47350467484496
0.76442257118346
1.04475436256778
-1.1590319002944
1.5502261787416
1.21064520941165
-0.983520219007522
1.66279833635746
~
-0.618396048365535
-1.71394449856378
0.198205618812141
-0.652822011706248
-1.45451952439936
0.259072562518214
-0.733862194910792
-0.635866339368243
0.427510966966935
0.746476769786673
-0.470675142268241
0.765356442442094
1.04390023048563
-1.15813202095472
1.54862364161403
1.20975864922032
-0.982974855224736
1.66150920401038
~
-0.596133172422832
-1.70086407345983
0.202726331725011
-0.625917967998243
-1.45140169444493
0.262648111439644
-0.733285556666764
-0.635706057975836
0.427352702939695
0.747298014851002
-0.475305372926409
0.762540490597214
1.04355487334675
-1.11769379010329
1.58053585590078
1.20951033917772
-0.943805572689588
1.69502572371527
~
-0.55333515815099
-1.7921233609155
0.18613754104671
-0.595601176906292
-1.44322996918174
0.261931255222817
-0.73364011654434
-0.634213303686854
0.42647673427639
0.746572454194457
-0.475989154329046
0.75938078858132
1.04240850747089
-1.15520504320104
1.54568071981076
1.20851866716528
-0.9823461199539
1.66032151273635
~
-0.5527718979409
-1.79195734560787
0.183717259923682
-0.593201065678238
-1.44270615727762
0.258774595607997
-0.732133232349415
-0.634456301626602
0.426394718119263
0.747087939612322
-0.477946390286167
0.758240783725655
1.04305796938583
-1.15676352829016
1.54450186155217
1.20916268156112
-0.983922877554304
1.65914645559722
~
-0.6173672781825
-1.70889451826157
0.198439955245948
-0.644325942705828
-1.45044959016348
0.25955510360463
-0.732093800139999
-0.634772366226155
0.426441486506914
0.74792674563248
-0.479563072706149
0.757474527155659
1.04392851813439
-1.15911149741594
1.54344373599835
1.2100906714997
-0.986215270618101
1.65814045235896
~
-0.581583636733681
-1.75362609653663
0.188737501435074
-0.616084221630699
-1.44433461646949
0.25547343703072
-0.736378957679016
-0.633119936749254
0.426948424486305
0.748237296639461
-0.481083792475812
0.757243801125211
1.04426941191498
-1.16356566569523
1.54141123646872
1.21051564317388
-0.990585702973773
1.65618363389141
~
-0.619431013129826
-1.70671070404855
0.198469924963133
-0.651937679582487
-1.4489265905938
0.257516084057021
-0.735411902509082
-0.633096172957285
0.426744373622751
0.746298704116174
-0.474493960663796
0.760240416606473
1.04197006128643
-1.16116249911434
1.54057307659276
1.20736452103786
-0.987605494929591
1.65555954768621
~
-0.581782195039095
-1.75526159809872
0.189669616729745
-0.619351688376357
-1.44460560120724
0.254158322334064
-0.733479772018922
-0.633287782761951
0.427085142607848
0.746092848678918
-0.476731592766343
0.75898366377028
1.0395168443269
-1.11206242142157
1.57937351838481
1.17052465129823
-1.26389652684488
1.87797928642126
~
-0.622441205063757
-1.70510072348571
0.201922265326213
-0.655864157614389
-1.44940941952743
0.257795618139685
-0.731237143234515
-0.633368770016648
0.427229163545971
0.746840521339432
-0.480280876103953
0.756963483004053
1.03974137475409
-1.11356507258694
1.57853682149518
1.20248270705565
-0.938864832224374
1.69541164755813
~
-0.630424316650386
-1.69562552726364
0.204298383616501
-0.663851255417297
-1.45052628934938
0.258609407963541
-0.729713251418806
-0.633773126382961
0.426886690899239
0.746943475146756
-0.482214092982682
0.755750523390244
1.03803036419357
-1.16232999802916
1.54163937377889
1.2055804001209
-0.992240240807514
1.65841954848973
~
-0.636940515201012
-1.68938823852109
0.206984476345183
-0.67057909377335
-1.45170396105902
0.260319325712785
-0.72922401136553
-0.634092254611504
0.427041003529148
0.744341272267773
-0.473516201923649
0.760146457200485
1.03611343965172
-1.15914275806123
1.54146611163478
1.20320589314623
-0.988518206332362
1.65828296376705
~
-0.641061738662037
-1.68407977746079
0.208695633857254
-0.674973826381277
-1.45146339198884
0.2613635949392
-0.72811366381768
-0.633699677835114
0.427052416523332
0.745738979332417
-0.481047278792323
0.756220932061726
1.0369869479886
-1.16505363327679
1.53842739846938
1.20374328442104
-0.994186455053179
1.65520308542397
~
-0.643835021076628
-1.67972125952836
0.209609741426535
-0.675119521324672
-1.43891122139036
0.264052602986096
-0.758887774056281
-0.623434672911011
0.422336141728585
0.745233231687738
-0.481847653710122
0.755206191729598
1.0360443782423
-1.16515563719569
1.53694465905309
1.20262259570296
-0.994338113392738
1.65364107302924
~
-0.577485069554398
-1.75581542548117
0.190763581888579
-0.6184490159571
-1.43558424842101
0.257099383022708
-0.751087985188229
-0.626060144358098
0.422189652550283
0.745367917867038
-0.482741881071803
0.754063925825212
1.03546606681315
-1.11579441328983
1.57384773737239
1.20096597381494
-0.94420725097184
1.6906724184396
~
-0.622108066118619
-1.69822136852702
0.203165923913379
-0.657119170585804
-1.44080183477497
0.261855804162309
-0.748877777497704
-0.626917534418087
0.422394915484835
0.745669476822455
-0.483514363538541
0.753704560464041
1.0364012477431
-1.11356140295341
1.57560546553177
1.20209309444581
-0.942055494110416
1.6924703373311
~
-0.631945154979957
-1.6896714750652
0.206272363981348
-0.66579480739869
-1.43387052246766
0.265330281754906
-0.77161362180745
-0.61991430008276
0.420356651382658
0.746647277811045
-0.484479805904723
0.754353657597575
1.03834376467368
-1.11397725566955
1.57807099644876
1.20433816622209
-0.942271038018891
1.69510391743557
~
-0.63287850669849
-1.68593576092879
0.206047816479803
-0.66687343461046
-1.43900649915206
0.263688026799521
-0.758906891718974
-0.624099704683575
0.422771562361928
0.746439424485525
-0.483273015825595
0.754406250579328
1.03870792717066
-1.11226261385368
1.57795372048942
1.20471572538363
-0.940584519824599
1.69498211906279
~
-0.633349550080176
-1.68231713200636
0.205634044793168
-0.667340022150102
-1.44141716357395
0.262226411580547
-0.752720403145198
-0.626587773282628
0.424238391647755
0.746270430341697
-0.480289299413885
0.7542857678193
1.0384328156917
-1.10953998809403
1.57700106030747
1.20439824385431
-0.937918206605015
1.69399447643072
~
-0.63338131938562
-1.68009476842513
0.205472092335276
-0.667365202700684
-1.44169649894266
0.261683479816335
-0.750350205121477
-0.627139345099755
0.424222598013828
0.745695434549269
-0.478358476867814
0.75444052257798
1.03801041707679
-1.10751116337498
1.57644525620204
1.2039316711286
-0.935956469967073
1.69339986207441
~
-0.633880783985851
-1.67996617013382
0.205711047669264
-0.668093875370082
-1.44291373384586
0.261722040556747
-0.747822442436583
-0.628071645070533
0.424711717881158
0.745729869669499
-0.478323889130033
0.754184551262716
1.0382222136634
-1.10733435491436
1.57626446042179
1.20418437739927
-0.935743720194208
1.69324470925742
~
-0.634373046253846
-1.6807416005631
0.205920757712057
-0.668700156096341
-1.44489636696704
0.261760482574431
-0.746561098469425
-0.629184700801842
0.425396533345059
0.745387827612943
-0.474303536571609
0.756884841123899
1.04011429148601
-1.15215802204989
1.54228308052679
1.20807762030797
-0.986212342654101
1.66504683216236
~
-0.633959126172694
-1.67475500150093
0.204927667659359
-0.667762033229912
-1.44126035613142
0.260402972437988
-0.748261824594792
-0.627894767749733
0.423816441548275
0.742582818303178
-0.469349800754034
0.756346418702644
1.03680921184931
-1.11576477317694
1.56286330155899
1.20193079104443
-0.948618809014784
1.68670178062337
~
-0.583835653732715
-1.7853293677602
0.190301526566898
-0.668293151176162
-1.44279407220303
0.261869868959087
-0.753286013888191
-0.628075592394657
0.421570805722343
0.744894632396514
-0.478885640443156
0.753819316476768
1.03895654859076
-1.12469301784142
1.56302598261952
1.20434349567302
-0.957265348314787
1.6871609930389
~
-0.576823526928383
-1.78176854279011
0.191843852625846
-0.669492711978037
-1.44125306490758
0.262157262956672
-0.755829779567663
-0.626984034409626
0.420886457903031
0.74471667949894
-0.479646388452636
0.752902987922247
1.03716038699439
-1.11817099177097
1.56734638175006
1.20247572414507
-0.950812875074583
1.6914435587419
~
-0.575849108749107
-1.78154016950306
0.192514396363895
-0.669618201816574
-1.44111665211672
0.261989941749006
-0.755178817361496
-0.6270108148789
0.421201516672878
0.742695799609576
-0.474403695932069
0.755431091800812
1.03595532698248
-1.14490483333
1.54484088691349
1.20128644125684
-0.977530500738441
1.66895079370613
~
-0.576569876495511
-1.78488285738088
0.194050523580384
-0.670177724704713
-1.44278279810474
0.262868246200867
-0.759405410716935
-0.626433558798123
0.423311475347572
0.743933867453085
-0.477083414047899
0.758059696826354
1.03970743589548
-1.15437596324416
1.54589306090474
1.2056900933344
-0.986341762181919
1.6704923568432
~
-0.576677664826329
-1.7848484764283
0.194372591022121
-0.670656890205559
-1.44276549347573
0.263046415865822
-0.757916638678015
-0.626383884800091
0.42373511809836
0.743870518507519
-0.478244211325776
0.757551500540752
1.03993771293405
-1.15606487297924
1.54460636296828
1.20594445633226
-0.988006074959173
1.66922432694027
~
-0.565156612200419
-1.78612744405278
0.195353578884257
-0.633798175752104
-1.43888973280579
0.268066331156995
-0.758079786236872
-0.626590191691297
0.423706325052927
0.744022000382823
-0.478765754878113
0.757341867828879
1.04119064547786
-1.13113153340894
1.56404276436573
1.20719988561492
-0.963070428055193
1.68866295566441
~
-0.567833264224184
-1.78790422029173
0.195585067442989
-0.643029126038515
-1.4417643796899
0.2680978348761
-0.757217634275682
-0.627497500456343
0.424228393691395
0.744213732020422
-0.478887316987557
0.757894878355829
1.04458253322068
-1.14300467270465
1.55535662104514
1.2106888073851
-0.974845164895383
1.68004898332702
~
-0.56800607216319
-1.78523654221962
0.195036099296967
-0.647735209938382
-1.44049458020131
0.266740026934389
-0.75640876993419
-0.626831616124446
0.424184602042681
0.743472751881567
-0.479328025342179
0.756128150430534
1.04326215470432
-1.14996194709475
1.54666528859837
1.20912651729103
-0.98204727861771
1.67117725118236
~
----