@alone
-1.33543553633464
-0.84331364712837
0.0349642224408137
-1.14256044740163
-0.844171767669791
-0.109259041314206
-0.563935252220077
-0.846746200911524
-0.493642041652622
0.475144197740775
-0.225082307293313
-0.84724786339379
-0.033222682486227
0.268213786164072
-1.03780046934919
0.258843284598389
-0.0219218035984411
-0.98061907495382
~
-1.36993331021554
-0.870546141521704
0.0303638288838204
-1.17212107755551
-0.869284909915253
-0.116040919683445
-0.578684599149178
-0.865501288287148
-0.505911967285304
0.499977145055933
-0.25125895304057
-0.848409539686067
-0.0172879194467867
0.258596046413627
-1.03032053430691
0.26378203067448
-0.0345102229386532
-0.992039168848143
~
-1.38805310071795
-0.885051791213834
0.0297436406437694
-1.18637529057373
-0.884530902241679
-0.119383693930463
-0.581341822838817
-0.882968160720662
-0.516475665361226
0.52858465536145
-0.262455628924407
-0.860907865555405
-0.00401849951248606
0.250694874315156
-1.04986477917553
0.24932926599348
-0.0153462772868723
-1.01294030132926
~
-1.39279991985586
-0.872190267527919
0.0389127754552665
-1.19039049381099
-0.876815008095503
-0.113723197952313
-0.583162517370254
-0.890689229798257
-0.520788462506205
0.525476200522443
-0.246574578426853
-0.877184243665551
-0.0201470215354228
0.265702383831759
-1.06391282976451
-0.202021428888045
0.436461371251296
-1.1092082404725
~
-1.38589143412623
-0.841798361448815
0.0353991373024626
-1.18781805144206
-0.851024523930189
-0.115931002194181
-0.593597977596596
-0.878703011374314
-0.519899339008369
0.500607528244838
-0.238326152654601
-0.852008834064219
-0.0365117050459085
0.263475942123531
-1.04227481884903
-0.215551461843999
0.430743307049575
-1.08902288549478
~
-1.3129280096823
-0.747937026760955
0.0491176573980937
-1.12670966283756
-0.777568092215048
-0.103939088237642
-0.568054730690651
-0.866461288577329
-0.514406429826847
0.527493311520356
-0.204503465533218
-0.836530604488202
0.00374750907128333
0.289108426633304
-0.998689282294044
-0.170834431099925
0.453645736065179
-1.03650778011239
~
-1.3662599928653
-0.801183928018356
0.0447763328785701
-1.17021231543512
-0.821088822338092
-0.10943730791759
-0.582069134231641
-0.880803579753767
-0.521898144808513
0.547966061579302
-0.222683603980952
-0.862584137885225
0.0040294351332984
0.283598339062576
-1.01918574652194
0.267703986547393
0.0184206604732161
-0.989013007444039
~
-1.3808649896163
-0.820557145271078
0.0441750234161339
-1.18156688124531
-0.837300286298539
-0.11141422542883
-0.58367274464896
-0.88752978478757
-0.527368448995737
0.565564102359121
-0.229709759811992
-0.873660202550514
0.00581569992601467
0.272714735994082
-1.03458432083859
0.274814245555766
0.0160765274186736
-1.00069204939766
~
-1.38523223617609
-0.81914253050398
0.0441269897200907
-1.18508540324215
-0.837337387052879
-0.112311559934539
-0.584645056035697
-0.891922032497265
-0.530555331609604
0.576872988273592
-0.230022909421516
-0.877265487925533
0.0132201783420591
0.274699091306097
-1.03472033301063
0.278217089502286
0.0189109362778309
-1.00393070486168
~
-1.37539733426317
-0.803361502575842
0.0464906021337715
-1.1768698328078
-0.824866317446156
-0.110047122292866
-0.581287555008515
-0.8893807620571
-0.528778224578545
0.582030580845752
-0.226007392750767
-0.875732358838931
0.019970561108061
0.277117843084515
-1.02844593768501
0.293293957744048
0.0179135799653698
-0.996936536880815
~
-1.40759713396231
-0.840331409671691
0.0440411809258452
-1.20368989424915
-0.854703985805834
-0.112565696788118
-0.591968443399202
-0.897821637554115
-0.530748722917125
0.586097080590426
-0.238325105565146
-0.886876843292294
0.0151324870323655
0.271454645148269
-1.0430081586708
0.313891378098052
-0.00326567751240732
-1.0064392241119
~
-1.42691113838895
-0.858692086839377
0.0433441749560216
-1.21998183020604
-0.870619619259938
-0.113872947033026
-0.599194060555305
-0.906402293970615
-0.533354670206167
0.590835919951025
-0.246760609726491
-0.892988457256039
0.0141275485624944
0.267922927921738
-1.05295439896309
-0.178108581687765
0.439484107137814
-1.0888870149274
~
-1.44008652768024
-0.881136909589793
0.0394332475372687
-1.2306100227418
-0.892086362356897
-0.119073772387901
-0.602180586206176
-0.924934720658208
-0.541871881637948
0.600094079666236
-0.259194825771015
-0.892324821924598
0.014509946683302
0.252459365512169
-1.07704333318744
0.287705587901401
0.00786926358378152
-1.03399544174433
~
-1.42883371327484
-0.877860175789396
0.0325988267184517
-1.22097321705455
-0.890670569142379
-0.125098810379212
-0.597391611717031
-0.92910174920133
-0.545809517575361
0.599373869789466
-0.259793291127225
-0.878038895209569
0.0165769676037309
0.239891778666136
-1.08793703200691
0.317958173491519
-0.017155051664792
-1.03159902361986
~
-1.43902556560108
-0.886862235966839
0.0333460501404191
-1.23006976940332
-0.901226720928475
-0.126517507995771
-0.603202616207221
-0.944320097347657
-0.55327155992412
0.602119671497371
-0.265086919859743
-0.876742746752249
0.0120457246923216
0.230696373214946
-1.10518597666079
0.326216251383834
-0.0293714865161493
-1.04184561830844
~
-1.43703710518794
-0.89125577545534
0.0288168433590779
-1.22856120271274
-0.906573179228483
-0.131592795425145
-0.603133377573847
-0.95252531207238
-0.559985391315915
0.595071586114298
-0.265963712987772
-0.866545350716681
0.00338321754070098
0.218909018530337
-1.11852243820296
0.325829606801178
-0.0392789168857306
-1.04607037362319
~
-1.43462254812902
-0.893849423041806
0.0265691984663812
-1.2262855545477
-0.908937685665983
-0.133430337262957
-0.601274495431297
-0.954202551910959
-0.560666735242061
0.592337098023211
-0.268913954146165
-0.867538422587139
0.000611285458149437
0.213562241065629
-1.12070837188299
0.327155474704759
-0.0459309928197427
-1.04645142311269
~
-1.40372110840776
-0.858343004321557
0.0308870824127386
-1.20248596417733
-0.873069740395319
-0.123862836140501
-0.598780607234223
-0.917250024364798
-0.537122848441456
0.557323887350705
-0.256813589916681
-0.841131244684207
-0.0150560323976265
0.210270587306709
-1.08226076448213
0.30343697082596
-0.042025389959858
-1.01018484566378
~
-1.40651549857364
-0.861007032544247
0.0256259745065935
-1.20507785336275
-0.874800522238527
-0.128104469740141
-0.600764917730087
-0.916181066924916
-0.538409169821141
0.551849005009035
-0.256776920600698
-0.842857710465236
-0.0174444418302878
0.21049138769313
-1.08653853686892
0.300935111365682
-0.0495379881815503
-1.01488421383124
~
-1.40252681068182
-0.851044657456769
0.0298448804094033
-1.2026515847441
-0.865621601260516
-0.123071826653031
-0.603025869376973
-0.909352507779671
-0.531261704093007
0.524500395857263
-0.244571541408338
-0.844322302062535
-0.0413616837265881
0.219717525503526
-1.08501702647807
-0.229982383180198
0.374480554066474
-1.1483951867008
~
-1.39844463146109
-0.852133086589902
0.0239447926958218
-1.19966216030524
-0.863333514053183
-0.126523179263667
-0.603314635292238
-0.89693487080666
-0.527861332364898
0.518698710155228
-0.248711274710151
-0.841543798061802
-0.0388150097246386
0.211151244263928
-1.08713207900727
-0.2246529287452
0.364438750588621
-1.15230645003304
~
-1.40324182310758
-0.855810003028286
0.0271898905803557
-1.20350551041468
-0.866521212765165
-0.123627955915115
-0.604296646989992
-0.898654916629824
-0.525813359144344
0.527614275438742
-0.252311183569051
-0.842338946087251
-0.035282573176308
0.200288827108093
-1.10020618057322
0.302480477901399
-0.0642237164630727
-1.00798905362987
~
-1.39075875400207
-0.851485761405252
0.0207349799966646
-1.19352923795966
-0.86098604248375
-0.127663459387545
-0.601840579406862
-0.889486885719242
-0.523288880107828
0.498530967255477
-0.243553389017566
-0.846941260909845
-0.0523908846145043
0.210331796852438
-1.0954571296626
0.292919450023942
-0.0701078321764576
-1.00262661096646
~
-1.37687918653618
-0.840663826405764
0.0196024812727699
-1.1817766605373
-0.848950089354022
-0.126411569788701
-0.596469046201566
-0.873808805520566
-0.515521506228538
0.48114737473158
-0.235152936215394
-0.841638023559809
-0.0609609179197069
0.218147175394487
-1.07957084753426
-0.241663688193322
0.369247212597781
-1.14257124375283
~
-1.37429517893318
-0.830621613837899
0.0283557400616823
-1.17961245336922
-0.837485699726233
-0.116516282128994
-0.595564385230169
-0.858078029759798
-0.502409200101426
0.486579354777282
-0.228400388193389
-0.828745106029975
-0.0534891431843524
0.221050039834125
-1.06916765852794
0.283038861766531
-0.0596838650897933
-0.981237827441361
~
-1.37003046858478
-0.835045520003205
0.0235323557434591
-1.17592152931399
-0.840488499335841
-0.120299698709405
-0.593594675480213
-0.856817437333752
-0.50329548121242
0.475449309316254
-0.227763572743965
-0.836297002890547
-0.0612862888597144
0.224390725907867
-1.06654038864709
-0.240198154918371
0.375108831462046
-1.12712177450913
~
-1.36517957039436
-0.840428283820543
0.0206157953966007
-1.17147034431002
-0.844172151444659
-0.122463356976932
-0.590342558340489
-0.855403754317008
-0.503361655605766
0.465328617489512
-0.226806154086218
-0.843345768157972
-0.0703647658220662
0.225118236017649
-1.06740161396563
-0.248929226925926
0.375759699385604
-1.12597413031501
~
-1.37768261126254
-0.853568420351821
0.0261412691153417
-1.18081339658787
-0.856912040492469
-0.119368407098036
-0.590205971578288
-0.866942900914413
-0.506761112651185
0.484174374562656
-0.227861598432607
-0.853766099116796
-0.0611943079728021
0.231387146551213
-1.07936642841968
-0.242983868817955
0.384470067629554
-1.13818756914549
~
-1.37161222589271
-0.850807436066443
0.0236900379139606
-1.1761970931209
-0.853874483546024
-0.120683140998696
-0.589951513653506
-0.863075698445548
-0.505031644755673
0.487670693762685
-0.234795619889991
-0.845384570846099
-0.0569976503753682
0.216561788213257
-1.07015066759077
0.244202976654009
-0.0352278684472692
-1.00169204039799
~
-1.3632937215779
-0.845929971258178
0.0214620672636671
-1.16951288220252
-0.849588107934469
-0.122615031155242
-0.588170400089476
-0.860562517963341
-0.506366670056767
0.483782165111138
-0.234720725201316
-0.843811249714738
-0.0607231853423226
0.206627857556542
-1.07567210417891
0.239658460642237
-0.0328889096210378
-1.0001696728486
~
-1.33767713034748
-0.785217732931593
0.0461692216115847
-1.14772644621142
-0.804752531928432
-0.102742017996539
-0.57787439380325
-0.863357001145934
-0.500855420280772
0.51557851177469
-0.210806099364847
-0.831516042220307
-0.0251524874140628
0.243803358133855
-1.04947945650652
0.277305122386007
-0.0189400097837131
-0.987615600182672
~
-1.34722402162454
-0.802491265584001
0.0442255127022706
-1.15535875418323
-0.817068830810053
-0.103753986009313
-0.579762879450095
-0.860801454079009
-0.498944290727996
0.522065055570562
-0.220086500219524
-0.834381653615576
-0.0190210644782184
0.238141625952272
-1.04913315249641
0.285345980787219
-0.0256256887526708
-0.987185922228822
~
-1.36899627081506
-0.84371209771502
0.035457964141487
-1.17327011526031
-0.853316860411358
-0.112853267318943
-0.586091611938074
-0.882131075184372
-0.508423298302311
0.529713293523188
-0.240400151791363
-0.836222657440803
-0.0186096355444105
0.214891553879388
-1.07433572574896
-0.201383969672277
0.366655455769639
-1.13725229180705
~
----
@poor
0.662686693926743
0.142727151000708
-0.968788867390987
0.447978444896581
0.167620958173462
-1.02027103549358
-0.492462346113178
0.0890769868844236
-1.07124030296116
0.566891426347432
-0.803509067479699
-0.720734733280555
0.0571646554362493
-0.632435198847314
-1.2122040483944
-0.397229578991649
-0.324955071199783
-1.41622216593934
~
0.730395440085802
0.131638623500123
-0.902462113294449
0.514657844026163
0.155674638772164
-0.949990427708575
-0.403360548161279
-0.0337482710500407
-1.05271999068616
0.625699091763384
-0.836044479202365
-0.650440813094544
0.106795674856029
-0.632147870480607
-1.11725344453447
-0.343274976106325
-0.322956408952272
-1.33363387118823
~
0.682173368195603
0.0634685964461535
-0.914965061566474
0.474717992727443
0.103965590562459
-0.983586572731354
-0.46099346900991
0.0065842950968653
-1.06251830659645
0.600754887323835
-0.87009851592406
-0.644335179615532
0.107843686799293
-0.702578438078515
-1.15571108137576
-0.323229943399794
-0.402577780447879
-1.35169693734392
~
0.745577954544345
0.0921659428448821
-0.810895084217581
0.545325192077869
0.145119388771273
-0.891389522247094
-0.38944089111311
0.0313828035608427
-0.962548274758401
0.652223314206638
-0.825478562931591
-0.598439753359589
0.134857413816355
-0.659155292533996
-1.08309712377321
-0.0965368033903836
-0.503877713208486
-1.19597608336471
~
0.737578338898923
0.119221385309675
-0.83099232573734
0.527931261626044
0.157983783254616
-0.893688739094953
-0.41091249889317
0.0611960785630492
-0.94853994083021
0.637010536140731
-0.902617690786234
-0.594564924995578
0.144640042179397
-0.662130247316462
-1.0740264904302
-0.0414197885258847
-0.648444374726404
-1.19477280696315
~
0.732273871371119
-0.00438797054607384
-0.92406282177422
0.518705892151405
0.0277159914192246
-0.97635925557709
-0.423187882170097
-0.0568567396237464
-1.00785317369231
0.612685051730969
-0.906817127222413
-0.595047490049266
0.111390705158497
-1.43846820058082
-1.14303467100936
-0.0557074249370039
-1.61568522503362
-1.31174284708897
~
0.73166569813443
-3.45777967385986E-05
-0.927433336766585
0.516420967996005
0.0293931235017882
-0.974208046949958
-0.426606007962398
-0.0512575838313421
-0.99505229470528
0.617990921786443
-0.833934726672585
-0.582591432449494
0.134901157571269
-1.45921331619078
-1.1492308580995
-0.0261287638337894
-1.66763947383993
-1.32415551668317
~
0.732386185394077
0.0155140440011794
-0.927989658414349
0.517908829813406
0.0491316637669631
-0.975527676184553
-0.42609141299363
-0.0285205127612303
-0.987863192855412
0.621549434861701
-0.817717190450058
-0.587209994446082
0.139572809894383
-1.44443108835228
-1.15350859535075
-0.0210860748089521
-1.65333577927173
-1.32832018899014
~
0.733676528215012
0.0235904959831336
-0.93121162684829
0.51897723278079
0.0573408152694035
-0.977703303224389
-0.425835081533645
-0.0192214063131491
-0.982416025231201
0.586750355465602
-0.867068762998695
-0.651547689360233
0.336910722060294
-1.22271817374589
-1.24400730097373
0.253630834544297
-1.34126793847138
-1.42754024250122
~
0.718001529598278
0.0156796104826222
-0.930879081628005
0.503525020544655
0.0512394541512431
-0.977117095821917
-0.441751304258829
-0.0244982556113254
-0.980123688154968
0.600611712830316
-0.872677411334564
-0.64268732130694
0.199456297312236
-1.34723155943862
-1.38777317175346
0.0657378206157627
-1.50541629490176
-1.62218246007218
~
0.921152956509873
0.0231099181704475
-0.924504831609244
0.497234945598591
0.0435942097106216
-0.980836942985755
-0.448421909329139
-0.0317471507579074
-0.982744506598681
0.604037175476811
-0.880793147733936
-0.632573926122846
0.323352898553818
-1.26809856188832
-1.26828220634153
0.229791472912821
-1.39720030832108
-1.46623378007887
~
0.921465766200634
0.0171638719083608
-0.925383286155992
0.495094068147674
0.0381952002826867
-0.981874864929534
-0.450601873207844
-0.0370394524091838
-0.98415125831288
0.628096967770872
-0.873781838938137
-0.635484915185036
0.343678762077524
-1.22997439694746
-1.26221093821328
0.248872683798847
-1.34870519133187
-1.45717060254772
~
0.923348987602866
0.0158124351614923
-0.927430304175058
0.513660294968106
0.0358943102175316
-0.977434956419989
-0.432030699543475
-0.0457057636664079
-0.958965021599594
0.626074533370769
-0.869875168186141
-0.64035340026434
0.0401392702560267
-0.931609576599814
-1.42678066614655
-0.155172503544011
-0.952187693309247
-1.67497516555339
~
0.927292882432334
0.011649177016115
-0.927401424368987
0.511715139100704
0.033233635071555
-0.977670926954202
-0.4340911742042
-0.0481568326548216
-0.958432090895376
0.620961512777254
-0.86149152268056
-0.651614621225965
-0.0615206925002676
-0.70605623455469
-1.33513418957963
-0.28901474149765
-0.654244471846067
-1.5490249569889
~
0.750879293931648
0.126689725811507
-0.838141993886338
0.544997005903923
0.180323399054839
-0.902544064161075
-0.400784282560076
0.120296490964012
-0.921716220748097
0.582336187865989
-0.790992156455901
-0.732194111614041
0.119760028772319
-0.701352753953757
-1.29430335254548
-0.034432024258904
-0.671472933691253
-1.467723078979
~
0.785614126395026
0.10950538101042
-0.842501041381537
0.57737769195758
0.156956972800252
-0.904182816939548
-0.333794254894841
-0.0388244608255014
-1.04500073823233
0.54034573212926
-0.820451183028571
-0.709294723186698
0.103750480245205
-0.601691732953774
-1.25539530508147
-0.0417812703828137
-0.528771896833718
-1.42347842324683
~
0.747175259984474
0.0808310921115209
-0.9065417074106
0.54263558307425
0.134002604103313
-0.975873784872547
-0.381474966301566
-0.0520318326875658
-1.04808189554286
0.575088992657688
-0.785802929692024
-0.737880171748398
0.102231690681626
-0.647082529387817
-1.27945568968854
-0.0553874051199471
-0.600842415381537
-1.44602874403747
~
1.01502066553277
0.0761168639804154
-1.12030045527382
0.755118010822213
0.106363417153064
-1.18188237391449
-0.359975139499972
-0.127510127953074
-1.26483656229362
0.74336641875004
-0.924824080164871
-0.833278698579629
0.225694841845507
-0.849984148377298
-1.55120620817181
0.0531376612861245
-0.825037527932363
-1.77365321266184
~
0.984577664660289
0.065400603474442
-1.09606427029504
0.720173236599853
0.0957969099576179
-1.15410603814583
-0.438523804144672
0.0266846134288854
-1.16062311080779
0.787619753901922
-0.975902502621874
-0.779762573537436
0.519286735659244
-1.29283858129909
-1.58299506422691
0.578621370005776
-1.0815493380967
-1.28960624544844
~
0.984695928351978
0.0414397227211538
-1.10451221776235
0.718951175038573
0.0694939036576397
-1.15642993791137
-0.439036947456661
-0.00832348691283639
-1.15931333489011
0.787785991014662
-1.03912254679384
-0.699481529889064
0.332699002920036
-1.16593878960793
-1.46788510637144
0.58591948284018
-1.15036694564185
-1.28768679782178
~
0.977927572027927
0.0418604331516794
-1.11534427035472
0.710445649518739
0.0670327327225287
-1.15902749378129
-0.446996447275644
-0.0160016260644823
-1.15877880966263
0.827499120341086
-1.0156813228265
-0.711880299623946
0.878673809920226
-1.62363131261486
-1.36718124628427
1.08259621643648
-1.80384769113746
-1.37229727887701
~
0.97393026412264
0.0300487959996809
-1.12085385121162
0.705964717396007
0.0551821175752331
-1.16044101882549
-0.450805528766688
-0.0301812861636928
-1.1581167679105
0.812279470642113
-1.03329078019473
-0.694665137861197
0.820005746677272
-1.57560062733533
-1.41089663688774
1.04334832027898
-1.71453808613625
-1.34147872367426
~
0.972410954011294
0.0263142798630421
-1.12485836583931
0.703812215015374
0.0497677828199089
-1.16058894975004
-0.452578526933968
-0.0361177641147694
-1.15596916280254
0.794148020185884
-1.03734867058851
-0.697294482036952
0.354223926140459
-1.65426720840699
-1.5192900457148
0.207582555502124
-1.85990676866536
-1.77619657513169
~
0.970664784891213
0.0222759597461766
-1.12593684586644
0.702060903027396
0.0467965448176326
-1.16029335084123
-0.453964727051827
-0.0392641175720214
-1.15235916388083
0.824913415866407
-1.04405365529259
-0.670813375958544
0.569541280492163
-1.56865759074332
-1.42900231464637
0.484417223453362
-1.74352552157068
-1.66463977550211
~
0.958474367533547
0.0262862655213453
-1.1288097370088
0.689940279472211
0.0519719296642074
-1.16224037790878
-0.465779916681966
-0.0332511611046419
-1.15133647096363
0.817097621576038
-1.04526148119932
-0.672517978063783
0.708036604186953
-1.64782559152927
-1.32345234006167
0.671682955554476
-1.84868024731148
-1.52333728305996
~
0.941252607129549
0.105102781784018
-1.12999977504365
0.672836861403369
0.132030115726475
-1.16265511278243
-0.482391933225795
0.0461474511537584
-1.14887355702576
0.792346100196382
-1.02985309123148
-0.706225658029467
0.658567846385699
-1.61273961640913
-1.37564435256959
0.613975118947448
-1.80703510096971
-1.58169076544027
~
0.937754901443038
0.0653914803856408
-1.13076290615059
0.669682192777004
0.0939159870992899
-1.16401487694117
-0.484966983123327
0.0073106712197633
-1.14805523505027
0.817584140191916
-1.04655469310681
-0.6683548322265
0.659627340980926
-1.64908565450468
-1.37722649534743
0.606975050745235
-1.84992930830397
-1.59642519584138
~
0.943246206418562
0.0462742072827397
-1.13303178518089
0.675338042655589
0.0753302201247636
-1.16623571544674
-0.478706408977719
-0.0124298596865975
-1.14717199678483
0.837221358928336
-1.05569702905206
-0.641917675837387
0.673811386547775
-1.6605030840776
-1.37890170676257
0.619341371922222
-1.86210505475538
-1.60747243329687
~
0.947527837200111
0.0279794785979837
-1.13132272689825
0.679908932673764
0.0583182740754813
-1.16440608838204
-0.473428806286354
-0.0300293146040628
-1.1424710092357
0.857681452732059
-1.06867374036647
-0.606102556957383
0.692386475087775
-1.66770831148862
-1.38036852498588
0.637288173038463
-1.86738645419844
-1.6213675522529
~
0.946028908839394
0.0874345412130746
-1.12785798155635
0.678573685525144
0.118616210010421
-1.16042146195725
-0.4743361822065
0.0312223994227875
-1.13294223605793
0.895562721058669
-1.05422035768577
-0.594427654129839
0.838792835577208
-1.67979879415294
-1.22540943368898
0.819869516584576
-1.88832501113843
-1.41864856888084
~
0.946251508488556
0.0679812592467095
-1.12257326747027
0.678825673032097
0.0997526830428301
-1.15381093434947
-0.473510575071513
0.0101989182079398
-1.11344745769516
0.908355160617624
-1.06797814981376
-0.566622415492547
0.874551556829787
-1.6792356702184
-1.21379132719661
0.863283712732666
-1.88298817701994
-1.41242740341898
~
0.94743185181935
0.084819214304179
-1.12940696487229
0.679883102385245
0.116674942328487
-1.15863759184206
-0.471799024448186
0.0256712186571131
-1.11660909228744
0.916125038134539
-1.06354343751637
-0.566980645798307
0.841668802848261
-1.72882675903024
-1.29517301819867
0.816850081585
-1.95058786620153
-1.52081738599328
~
0.944541669585361
0.0546916389346023
-1.12373352305175
0.677029824711601
0.0863521085674835
-1.15318950561145
-0.474993751863383
-0.0031228729131404
-1.11381324185182
0.905901533703052
-1.07669519031026
-0.551705537149312
0.831510721149215
-1.74006416250124
-1.13578954744821
0.806713807463432
-1.96118708173507
-1.31339798598967
~
----
@toaccept
-0.621366611406683
-1.49921229396823
-1.29014886860082
-0.673210900757245
-1.28460277717778
-1.09069525315651
-0.828743832406884
-0.640774354002361
-0.444913736797729
0.61746595806201
-0.89341633796809
-0.258921773191101
0.617128475516341
-1.45800488970731
-0.743701506192974
0.582345323234496
-1.62781664331228
-0.876990608062999
~
-0.332139211242086
-1.17621583411924
-1.64980662594141
-0.456852830768597
-1.03141057860319
-1.3906776946208
-0.830993752974962
-0.59699481205503
-0.56584157158592
0.648729949169939
-0.868728473533292
-0.0864006583083618
0.710259610102028
-1.6172606259077
-0.15433935470508
0.63922585003275
-1.7369253925956
-0.323185118357498
~
-0.276317235423925
-0.6541555890368
-1.4817931322653
-0.399887582085595
-0.57122804967533
-1.31829661736212
-0.837302805900272
-0.417742901900765
-0.715418227816237
0.61285501175834
-0.921681555459832
-0.197589595500451
0.761666062445413
-1.67117740379477
-0.13223623603579
0.81126972453544
-1.92100943912907
-0.0944451046447154
~
0.25573425698892
-0.259106614507228
-1.48181646974351
-0.0313314169569572
-0.234725435118787
-1.39733084007001
-0.855953875464764
-0.212965453389342
-0.818539333979985
0.682302768975612
-0.961771329059005
0.069566352638977
0.764381921925248
-1.70106542587049
-0.121570231944922
0.89419101585625
-0.871947621291842
-0.613945396634211
~
0.587258797055961
0.0301954275888614
-1.31995488051248
0.372167392989517
0.0314532527190278
-1.33131751158406
-0.516767351725212
-0.135965577468467
-0.987163993234589
0.666627360599683
-0.92503904637973
-0.043446504611949
0.753227991577797
-1.72349407060715
-0.161816063095524
0.886386755126021
-0.829356259421191
-0.476921577048458
~
0.800313448421291
0.20003802759314
-1.12457528963945
0.561637742756807
0.15766698369884
-1.05792763529629
-0.110127826441769
0.00582236952784097
-0.751545087623435
0.63711006182308
-0.827572338696616
-0.118117921166349
0.984583911887026
-0.51163274606705
-0.641445734984576
1.14448765861626
-0.339607124942278
-0.731118907590502
~
0.872050586149325
0.168668771878443
-1.07160444254009
0.509888668585673
0.14584669193703
-1.04297328901053
-0.272150457664069
-0.142085049195319
-0.900017081593313
0.721390448745131
-0.853277706632599
-0.140168103752712
1.15689985710028
-0.39614175851189
-0.640554344404638
1.3295653179102
-0.199874768391877
-0.739142837894216
~
1.00948442925278
0.413643054745798
-0.905398612734945
0.762722859248721
0.339029212600056
-0.867742012924821
-0.0259403495926192
0.0821756621881482
-0.665386811145132
0.82861549661285
-0.828818768024553
-0.183903756565184
1.25535979669379
-0.256498063126923
-0.613003787086564
1.35240987271266
-0.141096661270032
-0.679231168905129
~
1.1521610324906
0.429759548483575
-0.88093447118322
0.790919053906617
0.338818711569415
-0.762507925041748
-0.0104556051759181
0.0710747354486324
-0.650157983861989
0.873158619178426
-0.852407661384216
-0.249583499511441
1.27702326177836
-0.281131513824256
-0.60266435468344
1.37181745298133
-0.12307609367467
-0.644992157055267
~
0.928311463259593
0.460260887866609
-0.726174964357016
0.625436425749558
0.385325929501094
-0.635190420559377
-0.0494335567351843
0.163770261616221
-0.541076150483846
0.70662854256202
-0.632461964349344
-0.221382251984124
1.03211988818864
-0.130124557074458
-0.497107166853599
1.11239178644569
0.00938972017313524
-0.530390285152555
~
0.936202809145818
0.446371825773158
-0.718627035982402
0.630759025436108
0.372393823973523
-0.630413590935951
-0.0443191103699531
0.158615075287681
-0.535746478476292
0.710934337317259
-0.643225562235838
-0.221248237862797
1.03799483430886
-0.133463327483426
-0.490878622163161
1.11465375477597
0.000459651263966956
-0.521742363867218
~
0.946582299156888
0.426800602143446
-0.714443239602105
0.637427342508597
0.356023920921513
-0.62946205488258
-0.0413250471361946
0.154764376921266
-0.5353451929616
0.720765229688419
-0.664905212545079
-0.228614746876162
1.04009556650789
-0.1301769915685
-0.491923737961857
1.11494077956688
-0.0023793238493777
-0.522257832024847
~
0.859541236922247
0.541022019282962
-0.72953059111457
0.719981757171587
0.457171693960645
-0.659574846854414
-0.0140374910931751
0.222902299130651
-0.596475638882809
0.600069302702594
-0.618353993424508
0.0499802738453123
1.01751997249968
-0.0998865213471867
-0.376620873811056
1.11065249361908
0.0462565217579562
-0.413635212297804
~
0.790505559306031
0.346589075876923
-0.779847740339153
0.540002580544428
0.27609974697786
-0.796552426379832
-0.21150625258046
0.0646317602806722
-0.808332670421883
0.576295066103616
-0.610852569423013
0.0344180697908982
1.00699562886727
-0.10273017631546
-0.414165007413787
1.22721131898281
0.150857828903498
-0.548348418042237
~
1.04892678611887
0.348952510795821
-0.879676832084564
0.738943969846578
0.288641027551667
-0.88837808831308
-0.191004478970311
0.107706577819202
-0.867999488937412
0.814611999646437
-0.885713413062808
0.0371051038630396
1.27084473521581
-0.190810945565955
-0.464553878097802
1.41684149566011
-0.0687284988947205
-0.566321984943983
~
0.850645295685025
0.153751176074263
-0.920190390428597
0.569351653548781
0.110264317662384
-0.918746960720003
-0.27452927285995
-0.0201962681568248
-0.872501215900181
0.610005152493443
-0.760387172305112
0.0298320095584918
0.80729769942449
-0.181335238740435
-0.607858211672184
0.873061862919601
0.0116820818554092
-0.806450025967239
~
0.861242921598149
-0.0274875442009295
-1.0679399485167
0.567542347956069
-0.0522622921839051
-1.04993299120027
-0.313559372970173
-0.126586550772825
-0.952438366836071
0.599909118219101
-0.9046095147533
-0.0822474814336742
0.819786150317472
-0.311066948908886
-0.745514127224059
0.893078465070277
-0.113219417200752
-0.952112070669073
~
0.917546328858829
-0.125538237032669
-1.2633707704196
0.584700668833797
-0.132024187075233
-1.22143155357877
-0.41383617826641
-0.151482037202925
-1.04626319768737
0.648777013638547
-1.03945604679545
-0.0516679258204836
0.889830505290323
-0.365588898543524
-0.808889719658201
0.970181647011766
-0.140966515792882
-1.04484621724825
~
0.821760869646208
-0.163042730398653
-1.16946545427088
0.497252075251536
-0.175551436603992
-1.14351612752028
-0.476274243408879
-0.21307752295821
-1.01777537688572
0.588527271270924
-0.985785399192239
-0.0190478826047624
0.835643702677013
-0.390341044868174
-0.801517308294381
0.918015884117809
-0.191859582672885
-1.04637559117641
~
0.530470053393866
-0.268655752195926
-1.16677413902687
0.330331730375654
-0.37100006997667
-1.14784179170487
-0.621786696756947
-0.293563139145388
-0.959504683954964
0.551900789166303
-0.8791384917168
0.148560420841481
0.724589473507729
-0.437289635470372
-0.739816721731529
0.981647161208475
-0.691615996794981
-0.817013026600943
~
0.89057514293186
-0.908499890134476
-0.979638074491636
0.736418910877416
-0.792569752701646
-1.10316813061398
-0.151216358541418
-0.443901486196464
-0.821610306905272
0.518582931000132
-0.943710055463307
-0.170580031963409
0.686879011262195
-0.617227163835154
-1.12922147356457
0.643719640639522
-0.610499326556089
-1.27176750969904
~
0.615327522675134
-0.981725937043919
-1.104782196595
0.33520216494581
-0.855385701205161
-1.09430501909558
-0.232057333722488
-0.50058486069694
-0.788099333660429
0.552556907518083
-0.646627734013794
-0.1713053458781
0.554151386270646
-0.854009518391695
-1.16699788793276
0.555575399593274
-0.854961311806646
-1.36724443287739
~
0.661479179510497
-1.12837838594623
-1.07413688059047
0.412585375432213
-0.975519741961998
-1.15641588609438
-0.307097031177286
-0.545792265984262
-0.748904101232549
0.511502370490023
-0.687601662549843
-0.192216839279528
0.448605079451121
-0.949940688600935
-1.1566326770495
0.409401657955422
-0.992112101103674
-1.37340742350893
~
0.547750147485429
-1.16890483485634
-1.12173795340995
0.344338015335109
-1.03949479353898
-1.14490282900554
-0.356717565805467
-0.556550554518717
-0.727769681505236
0.591188171326346
-0.866275715070404
0.157739574358125
0.437089273236423
-1.0107984411023
-0.806029807614167
0.36364913867196
-0.98931399995799
-1.26276223767504
~
0.529238408641455
-1.16445166170598
-1.1203329447343
0.335043043360459
-1.04626280368663
-1.13311567341855
-0.372568097513591
-0.565500408604008
-0.708668785913073
0.59509621239669
-0.854150978678759
0.149955025947743
0.774678516901026
-1.41403903206353
-0.25980284297544
0.834539279904048
-1.60066838319179
-0.381074019782332
~
0.529167921801731
-1.16326573773218
-1.12548313702602
0.323015149206891
-1.04634720148683
-1.1329469813887
-0.380480973849369
-0.568803945201929
-0.699951874357327
0.603325711411514
-0.851413089619485
0.13360667777566
0.820095951834665
-1.38698367400289
-0.290439048043841
0.892352719281718
-1.56550716085202
-0.41648974746084
~
0.532876568352552
-1.16726674852918
-1.13345462080725
0.315263110327373
-1.04910450688792
-1.14220896422739
-0.386103961934423
-0.572416700725672
-0.694894107254111
0.615294597559579
-0.853698431758763
0.112218044946717
0.814767934671166
-1.39430961272008
-0.319589260124377
0.881259057407262
-1.57451338116945
-0.448160438481809
~
0.538272478685822
-1.16516846971211
-1.14325443377037
0.312598467512165
-1.05039039598094
-1.15207918747802
-0.388717212807582
-0.574879286068348
-0.692014960670828
0.628740710770763
-0.849976845240302
0.0986392516995927
0.820579683806248
-1.40783093838895
-0.318829650009734
0.884526008151409
-1.59378230277184
-0.442538775675057
~
0.531599464523287
-1.13700738796043
-1.1293928969076
0.337682731099204
-1.03044054870083
-1.12857062423242
-0.388401573549185
-0.572993265530195
-0.689108583428829
0.637615956531118
-0.838513891101497
0.0960122944737419
0.812854242043023
-1.37417181634864
-0.361609123658027
0.871267003880325
-1.55272445809769
-0.498682454491392
~
0.535397696753681
-1.12158868739069
-1.1470378114427
0.340418466737776
-1.01838269632065
-1.13473011458433
-0.387607082270021
-0.569528202536487
-0.689248562111049
0.646382200968919
-0.831694121597174
0.0875789692009164
0.804935496926319
-1.35094832071561
-0.396854825318377
0.857786606018096
-1.52403313726958
-0.542862533403499
~
0.550434071777995
-1.13359992116155
-1.19545573822651
0.306506845918474
-1.02751670648069
-1.18092019809174
-0.38692620942504
-0.56822242171765
-0.689678362295378
0.649384885247474
-0.827652653863891
0.0765498198635704
0.768906754646348
-1.29312449308238
-0.474921418309798
0.808747377779306
-1.4482818145734
-0.643279066421897
~
0.570359217684921
-1.17297388438488
-0.966269212095332
0.31287062267103
-1.0903394402218
-1.09271280284763
-0.365533012163985
-0.599879872364791
-0.635698685613765
0.656520409085354
-0.817325238654835
0.0419512812757013
0.781683819012221
-1.29767760920843
-0.491410937896782
0.823404945237898
-1.45779502439318
-0.653766591411874
~
-0.451551356535465
-1.48101306479528
-1.04967957986751
-0.53524423027526
-1.2407641327609
-0.954590329100697
-0.786322789371446
-0.520017460904186
-0.623330285970237
0.65795650036465
-0.792936363255705
-0.00281989635215705
0.852728484585165
-1.21969070042528
-0.556040919280017
0.917652510386938
-1.36194214614847
-0.725117411805438
~
----
@perfect
-0.50097952277599
-0.988956325635085
-1.45882716604586
-0.622313060317205
-1.46040143658525
-0.975954032928649
-0.857629338646303
-0.792004044887071
-0.174257721967219
0.670293387313658
-0.607160047759442
-0.773774689818003
-0.145512189853798
-0.878822252665644
-1.26602309884941
-0.537073466384352
-1.00808552833314
-1.46468279739636
~
-0.89442125095075
-1.75449789951292
-0.871855338282943
-0.911800753243664
-1.47527385835882
-0.694778101223626
-0.963939330945252
-0.637601876542199
-0.112229003282277
0.686199665890632
-0.50296041600094
-0.763132349334792
-0.267074186585613
-0.589140916938706
-1.09753489735305
-0.592789497668569
-0.637351446946904
-1.19373527337088
~
-0.684048294826042
-2.24538071035826
-1.28724974281841
-0.680820433706204
-1.92781777497377
-1.10182016309881
-0.671136922798233
-0.975128823917224
-0.493022603248763
0.762006716016315
-0.492477948778293
-0.77588559688574
-0.31923148535098
-0.39332757820762
-1.02399706327697
-0.497335598289406
-0.575804974926461
-1.07231963384466
~
-0.801194791486878
-2.54497368576538
-1.39240661019238
-0.792109195574468
-2.18876338050151
-1.1908723943719
-0.764852327224711
-1.12013246470988
-0.527837596571055
0.781630574915019
-0.538310594506849
-0.814964257275132
-0.418059378721973
-0.295381927450626
-0.973341751439744
-0.677537515121114
-0.422089420556555
-0.982261043712032
~
-0.250558072505759
-1.85340404229574
-1.55238337792183
-0.413593434384854
-1.6996070251557
-1.30960547422883
-0.902699520022139
-1.2382161497468
-0.517473681440741
0.816755817022101
-0.529843782759641
-0.892530350963731
-0.494437190376671
-0.24821773936156
-0.96048828177072
-0.783186231707485
-0.374409729294936
-0.976328587237971
~
-0.399833294166512
-1.69044364136381
-1.30980163469594
-0.591896537125998
-1.57123686561672
-1.03947646124766
-1.16808626600446
-1.21361653837546
-0.164373069171526
0.891471664614594
-0.440831873862237
-0.906187105660898
-0.436808071128923
-0.21740275623912
-0.91407841688729
-0.679279258150354
-0.406649341707873
-0.991527121997057
~
-0.379758291853596
-1.7064892711046
-1.30373126655585
-0.572578590236882
-1.5883365531396
-1.032303845846
-1.1510394412561
-1.23387813446078
-0.154024747040514
0.944405679992355
-0.399049663044377
-0.895799314487409
-0.387241656253888
-0.223949315603204
-0.886275570114789
-0.628180809002198
-0.428148919226343
-0.907761894348095
~
-0.625748429503646
-2.09171406868691
-1.48070211283955
-0.720691893925947
-1.90069710250787
-1.21488814610708
-1.00552219644138
-1.32764602246782
-0.351636182165913
1.02087160554232
-0.363321058154918
-0.918535945903155
-0.353485300135913
-0.231999094630036
-0.897723729232702
-0.601576774827564
-0.44254536928982
-0.909469873809516
~
-0.414247281551746
-1.77476830541317
-1.30676716533225
-0.596640656810745
-1.66393813855865
-1.02812585360447
-1.14382068944626
-1.33144782427807
-0.124651245051229
1.09073129060534
-0.330979076274855
-0.930733022041778
-0.323369137789896
-0.229412435201882
-0.91700806585425
-0.572297012852679
-0.452087778208488
-0.931008348261887
~
-0.455960272854284
-1.75864787460282
-1.11386752169454
-0.765639735747061
-1.94733202201217
-1.03543477792214
-1.08918484384198
-1.09031079553038
0.0405534892401211
1.1120155556672
-0.298760674051925
-0.870750614082826
-0.250718854762185
-0.214499780322085
-0.881063521622682
-0.410332532620685
-0.488108808337143
-0.937184441788114
~
-0.239773579263924
-1.32974762235313
-0.953788944233022
-0.461805009442986
-1.28597157737068
-0.812459400530179
-0.69446062365821
-0.837867202124238
-0.114291761059411
1.05863244537246
-0.265759264122967
-0.683262581382334
0.122544977993161
-0.567277088066875
-0.621650091360135
-0.189484199439861
-0.667783007741591
-0.585416554212581
~
-0.261629593117783
-1.26867129757328
-0.929686346094051
-0.473030463436013
-1.22279756296978
-0.792879129425626
-0.683484247217115
-0.770764868098204
-0.121410288500491
1.05997887989606
-0.248968974887922
-0.620253030972393
0.317988783555061
-0.288052516417958
-0.80820907695443
0.0706587411808806
-0.301080373855151
-0.855975137739566
~
-0.638473521529909
-1.6874359330021
-0.892123681061036
-0.875330596343223
-1.611037446926
-0.72647853992008
-0.860241598102899
-0.835018493012535
-0.0958436793671456
1.19461490187341
-0.249013527326506
-0.552948219182932
0.253911997788557
-0.271560588987904
-0.847119653358105
-0.0596556483080155
-0.279076287609992
-0.928634777089653
~
-0.625542108521215
-1.61479796857871
-0.885465898377357
-0.852375253463838
-1.54163282099266
-0.726830910626791
-0.812048716074624
-0.777186629726175
-0.130909465534988
1.40593409801976
-0.255304166130264
-0.313098266995855
0.521492062016306
-0.246450521312701
-0.820419583708077
0.226678039096052
-0.243499317292616
-0.973684207591651
~
-0.617551026345813
-1.5637457043262
-0.878452245185917
-0.836561518116229
-1.49310375754489
-0.72528800330216
-0.797262232191172
-0.7554721244594
-0.153105541010339
1.38520714410095
-0.255022603899636
-0.285934484632622
0.592379041786693
-0.297548571832802
-0.878682747322488
0.328102981325586
-0.311723883934649
-1.06096945398909
~
-0.629393290031858
-1.55341152959458
-0.884841237525271
-0.846700228838552
-1.48331893917158
-0.73286836960761
-0.801242957925889
-0.764786757442539
-0.178819210366682
1.40086214221566
-0.242263409900978
-0.2095631491735
0.652079340639095
-0.282043903896219
-0.849253986065659
0.402485052525831
-0.295304079021837
-1.04730635952225
~
-0.669289019133699
-1.56381169735654
-0.897625720217702
-0.88972398582141
-1.49271028545789
-0.743465276649603
-0.83754787433694
-0.776926641364337
-0.192931155148082
1.41481429464018
-0.219190609531144
-0.107169600562422
0.788664030156469
-0.336380134685446
-0.885659951112814
0.579947264717453
-0.375443299125768
-1.12975975631901
~
-0.680840856626824
-1.55400041038833
-0.907548536360718
-0.90191540633139
-1.48269270065859
-0.752940802586993
-0.848981702818876
-0.771824287096552
-0.206888748287857
1.43717606342464
-0.216044887226583
-0.0153059465055981
0.973677738020483
-0.352268558187772
-0.80833163562756
0.91438085951063
-0.314138162969618
-0.818812459629758
~
-0.438717774101979
-1.51811087522533
-1.11563109175779
-0.663783920910905
-1.44551568427985
-0.958231870867223
-0.865503042288799
-0.794678140636256
-0.240656409603627
1.45131254021385
-0.225061202422844
0.0212103680988705
0.947224115471766
-0.355886684212185
-0.844090900985011
0.935986115008068
-0.324953174788597
-0.832485821498064
~
-0.446429122209862
-1.35034289716936
-1.03717526185249
-0.669876136156032
-1.27827007695132
-0.880908095141046
-0.871259821920849
-0.782730022211076
-0.255397223369176
1.44023283843195
-0.231160951197193
0.050770185186701
0.925589814845568
-0.347319285682151
-0.827181874572731
0.920335694931949
-0.321502152680491
-0.827882225982243
~
-0.642622123842047
-1.53593139176598
-1.00421296823348
-0.866324156195077
-1.46377631537693
-0.847767713413795
-0.867393520873441
-0.789037699379588
-0.27079045378644
1.43589013258617
-0.23460170515432
0.0542741825012361
0.924759531218076
-0.345544979257929
-0.828143246617375
0.923485028913357
-0.323378873423538
-0.833931293584117
~
-0.663963955243636
-1.53122471758942
-0.997870571597296
-0.888508842690236
-1.45879779926179
-0.840835914292302
-0.869405473978658
-0.786233093151781
-0.280158874944061
1.43963082529064
-0.240884743011993
0.0532508486260131
0.92506819902653
-0.359844024049331
-0.830720294647621
0.909304406390651
-0.357854247889419
-0.872421219350975
~
-0.644207529425788
-1.50432421478936
-0.99683079710588
-0.867392537552531
-1.43233590453181
-0.840747121418839
-0.863603716437419
-0.774302372075811
-0.283630747730211
1.33011345992193
-0.277376537099236
0.0937231236361116
0.978407954982814
-0.516717843741188
-0.839999890114649
0.926506385057381
-0.52425158806612
-0.955006471574455
~
-0.662921545213096
-1.5007348137698
-0.987340557480718
-0.885794406544482
-1.42884720720414
-0.83147522560991
-0.860892958915608
-0.766114236172956
-0.283633593417063
1.30154148185319
-0.32597131347837
0.0797692928541288
1.08592372169787
-0.627449161292358
-0.876672263259058
1.03264190796885
-0.715258943133972
-1.05473650019055
~
-0.631227119382253
-1.49493110726293
-1.00326388950582
-0.854661436794748
-1.4228621241792
-0.84700586021846
-0.860444815581741
-0.760183934032567
-0.281699249946791
1.22283026299966
-0.420181354443966
0.0435168939366167
1.4174444859079
-0.782681412387842
-0.603753279093785
1.06342270290188
-0.958905292252728
-1.17428163785549
~
-0.627714059960749
-1.50004125970239
-1.00943781812583
-0.852944718957405
-1.42739288566151
-0.851923308753225
-0.864181239505651
-0.764915588179052
-0.281893213620602
1.08685074567304
-0.570916213939666
-0.0189815830524393
1.41891877182395
-0.915950812186777
-0.62203897697457
1.12801888187246
-1.10969414270017
-1.14697857500778
~
-0.669991155488109
-1.53095242236444
-0.997876960838937
-0.900705173757127
-1.45653538531297
-0.836528477223605
-0.874526559540914
-0.760148650488772
-0.265237993249224
0.938463101807847
-0.782532707349006
-0.160499281069988
1.16911368310078
-1.20136921145511
-0.788635159534476
1.09449087568992
-1.21421559892425
-0.807821379753855
~
-0.674535506801424
-1.48459376281202
-0.907121576436275
-0.9303177435599
-1.48234455551447
-0.788141706943731
-0.894572420000271
-0.818578345517711
-0.256378828823317
0.767861445288508
-0.990491957490139
-0.495074936192383
1.03273982216663
-1.65809496932816
-0.942117091581239
1.12103261445934
-1.88062933082378
-1.07355536097825
~
-0.574753111222676
-1.6865210745756
-1.09783404106113
-0.830166676661574
-1.60413729765648
-0.919211433527401
-0.8814225410359
-0.84097108419997
-0.266276462806162
0.690007489600072
-1.01529943359956
-0.543271308932919
0.959499113309802
-1.75252585517912
-0.872031543946688
1.04932967913614
-1.99826804488517
-0.963774873793509
~
-0.567352813960548
-1.68529002044344
-1.10045948063385
-0.822187848876464
-1.60309284884211
-0.922241172043177
-0.872632662964136
-0.843770663882954
-0.271073962120273
0.716038607419109
-1.03342211756721
-0.477014098096747
0.94698855048189
-1.76446714653417
-0.848544760246202
1.02397188937022
-2.00814887192462
-0.954584040015293
~
-0.555403132573124
-1.53548448180809
-1.00743353786975
-0.806139525403208
-1.47628162137155
-0.849033120365375
-0.866370677335805
-0.842487365794755
-0.273367204430979
0.774926569605961
-1.03536892407141
-0.365559379617791
0.855660889946653
-1.71226736257407
-0.880937032543601
0.882572330060217
-1.93790022409634
-1.03506215287616
~
-0.592115164905969
-1.52337338046258
-1.01726706868617
-0.826247286688953
-1.4478536518393
-0.853527519037086
-0.843181847730468
-0.786771469876626
-0.280160760048849
0.721427501961514
-0.962902819835968
-0.32136951957642
0.756357422037805
-1.56040981665337
-0.843340287820874
0.768000706188987
-1.7595788155925
-1.00097079873017
~
-0.596607303352569
-1.56440395800918
-1.0404084795489
-0.834762369468318
-1.4875867591688
-0.873855496662658
-0.850652658487363
-0.809238667964704
-0.287854461681684
0.783411282172108
-0.944204495286384
-0.258052543271419
1.08180795650758
-1.46245009177006
-0.802514795154133
1.18127353754762
-1.63519864685951
-0.967359992417084
~
----
@toknow
-0.667948299098726
-0.805506577423857
-1.43073973480689
-0.757935419903122
-0.857277867852827
-1.17446653748421
-1.02789685720629
-1.01259181402972
-0.353370147751141
1.40183021959814
-0.416598702273699
-0.412206408708724
1.16916855848751
0.649693534024779
-0.72600649065366
1.09161467145063
1.00512424201262
-0.813180818860332
~
-0.388114786307577
-0.719845078750859
-1.80874644408817
-0.412125455977638
-0.735345155190289
-1.53781455942703
-0.484157428090961
-0.781845458302303
-0.673510886463398
1.25914084609792
-0.376176639504736
-0.314873980761704
1.27353239322342
0.3882783696971
-0.655153369463864
1.38047226484182
0.210833207413334
-0.611981089486506
~
0.313226838455393
-0.826478749234198
-1.51762263551451
0.108095106516504
-0.858831065299198
-1.34451889748376
-0.507300052682555
-0.955887940258982
-0.774092138648796
1.24949254214037
-0.348586114702966
-0.308784280361553
1.22448784212503
0.690731498775446
-0.711029000664429
1.0147774810598
0.817696977091589
-0.790664389350461
~
0.761577642817078
-1.37603885228738
-0.920802240318887
0.452641826105791
-1.22321273347904
-0.87387130985336
-0.474165475034367
-0.764734451550895
-0.68108656989504
1.24780071261254
-0.342336708179787
-0.281370435886342
1.35945063373172
0.426561386363603
-0.63198956897842
1.10151236298557
0.818491109464741
-0.783604070995703
~
0.76778654425904
-1.38150365767806
-0.926870551644018
0.457482172398081
-1.22792212829472
-0.879626514432903
-0.473430868314527
-0.767177465274461
-0.685646935354557
1.25762160047968
-0.337741414303776
-0.280712591196963
1.42054237215583
0.43232099891041
-0.593289069782128
1.61632407857196
0.571659470657893
-0.701531111818018
~
0.793978240869569
-1.3941430371374
-0.937951014918434
0.473156281062198
-1.23964657630344
-0.890463078301369
-0.489309522214499
-0.776157041510711
-0.69486621524644
1.27561536045062
-0.310833239783485
-0.25151440184382
1.51316880478798
0.443835834121205
-0.595925907055362
1.51592496427825
0.196680919172544
-0.552593987262787
~
0.817739838522163
-1.36678518344912
-0.92463373285769
0.48424926483726
-1.27343926729356
-0.912546914271806
-0.516222417546063
-0.993401750855177
-0.822318839824722
1.28314975830199
-0.260092218121858
-0.206745574857788
1.42652809305452
0.53813280226882
-0.53576016780859
1.53585085971126
0.040577076549919
-0.483224627832053
~
0.802045830553449
-1.35897044016766
-0.926086144288773
0.476131762960697
-1.26952190436351
-0.912594307170461
-0.501610362804081
-1.00117645097801
-0.818380947505599
1.31419893412375
-0.0983098509400501
-0.201104986070397
1.37277777262375
0.735580821571243
-0.423405621452973
1.5265283265042
0.0636467344618852
-0.452712330228704
~
0.758175610614487
-1.39035401357827
-0.950215307618959
0.43909179790695
-1.24355790046744
-0.902997087544556
-0.518159603016981
-0.803169784327045
-0.709430626478087
1.28006421400368
0.0646871763372331
-0.211710489691697
1.26327034870259
0.883480011431646
-0.352623854600728
1.25767239360223
1.15641097428749
-0.382291141819135
~
0.742059715944084
-1.328542693964
-0.920636431931239
0.428214482885236
-1.24636734258532
-0.905491756182961
-0.513321142339808
-0.999841436352302
-0.808459104588049
1.29935667286054
0.20702514828828
-0.226569354231819
1.24273785087984
1.02359475430954
-0.303100874973764
1.2238649102196
1.29578464147117
-0.31141184043772
~
0.735947449809922
-1.34714806525409
-0.936244250695205
0.42300566539033
-1.26200586412501
-0.919141598362792
-0.515819687868448
-1.00657903792322
-0.816014399198358
1.3253619550741
0.287443434936177
-0.231734284375659
1.21842536945309
1.10276974560213
-0.272468650156199
1.18277986566992
1.37454514535502
-0.26877349330325
~
0.611867039046438
-1.31330795382415
-0.978311817674567
0.252526170589654
-1.2529451628316
-0.89564495228987
-0.825496434780697
-1.07185693950052
-0.595440146992906
1.34078347962578
0.346629740713874
-0.229221147641097
1.11169417062093
1.12919036464413
-0.134720530068927
1.03533109256041
1.39004388101312
-0.0858190209282986
~
0.035174672118969
-1.37723164648437
-1.27852528446819
-0.178618875035732
-1.30028523158502
-1.12231257937764
-0.81999947914996
-1.06944598688695
-0.601557049367716
1.34045863792018
0.36497762879344
-0.230249116709735
0.985511891688973
1.28376817480209
-0.0294311020730765
0.867196309611904
1.59003167768834
0.0548804089195919
~
0.37326454780689
-1.3143276205824
-0.930029504537882
0.0272644038712524
-1.24540462139182
-0.813138045675032
-1.01073595352535
-1.03863562382011
-0.410548784036049
1.3359074229877
0.360966339088941
-0.235033903913526
0.971950359006559
1.26989419491906
-0.0375798870066268
0.850631337679513
1.57287007245212
0.0455429810987334
~
-0.634379150635046
-1.54045243457419
-1.20122854358261
-0.736660798840653
-1.38465648854114
-0.98942203618639
-1.04350574345747
-0.917268796533356
-0.303041455347062
1.29813758971116
0.338496940248109
-0.237682213924346
0.866404012106958
1.23373637908386
-0.0277775242086978
0.722492819572224
1.53214951318817
0.0591778226409979
~
-0.594107511102831
-1.5558000765824
-1.23171791824433
-0.706903794349835
-1.39468118711083
-1.01075035525068
-1.04529264409085
-0.911324372930285
-0.296998719846411
1.28195944030158
0.316555513220694
-0.229956357656361
0.809910044698107
1.17788980556704
-0.00403625537914839
0.652560258310766
1.46500123027558
0.0882200941877005
~
-0.582254135626448
-1.61240412134099
-1.28686018762032
-0.704827009714459
-1.44192553881542
-1.05178706772682
-1.07254555626266
-0.93048971552287
-0.293747133658654
1.33233268268391
0.321007923756037
-0.221459413678469
0.790989485162191
1.20114432791052
0.0404707168052427
0.610541740035646
1.49452317977256
0.145388022246797
~
-0.575964905040097
-1.58417898504703
-1.27407853078962
-0.697660629166351
-1.417782432494
-1.04096264112469
-1.06274772668202
-0.918592625108727
-0.289393172667685
1.30629623770622
0.280763479206714
-0.211230712150622
1.01693907418685
1.03225883320044
-0.0662292832970822
1.2180330239266
1.15284912887732
-0.186397725437986
~
-0.564794879922558
-1.53546197609633
-1.24966350205461
-0.68335173972598
-1.37628948614309
-1.02127810388208
-1.03902224601145
-0.898771870033775
-0.285114441884949
1.26773785746389
0.253329485026887
-0.202092062927675
0.782006499082245
1.12098124881235
0.0292572293181371
0.620096070663294
1.41019843028271
0.123375856727427
~
-0.593138107302206
-1.50306071294214
-1.22206099457739
-0.701850819322225
-1.34935644868765
-0.999916061055953
-1.0279888833287
-0.888243583870598
-0.283220141747047
1.24275533212424
0.231324868076103
-0.202262468692462
0.771567539475254
1.10502950086586
0.0196371944431034
0.614504929916664
1.39626437846244
0.110357262926942
~
-0.563965532587042
-1.50407542618824
-1.2498111777894
-0.679511174372665
-1.34910779660925
-1.0201968042434
-1.0261481714869
-0.884204764357567
-0.281298618149445
1.23502124099288
0.22646621549857
-0.203735798504359
0.758644672975833
1.10268806190606
0.0241219548191995
0.599852483636818
1.39476198080965
0.116759561079044
~
-0.584244098966976
-1.49271188801276
-1.23730243648136
-0.695153943619052
-1.33911579256255
-1.01010537994796
-1.02788340602968
-0.878327506211918
-0.278607720778442
1.23192684000569
0.229831331955703
-0.20675819596151
0.915393512594018
0.937622142222694
-0.0939983252075985
0.809882427305327
1.17355241231169
-0.0397759189174614
~
-0.570843824110076
-1.4849494771482
-1.24462217721343
-0.685158895948001
-1.33220662981801
-1.01504661845971
-1.02810425420903
-0.873978016453817
-0.276535123628693
1.22887953694845
0.229626358933525
-0.207529957999364
0.922596812983034
0.938996501024936
-0.0913553890284359
0.820502547870018
1.17545326263782
-0.0360356883463459
~
-0.611859587449735
-1.47720710216971
-1.21618148135525
-0.716339885900716
-1.32580703523828
-0.993321605559787
-1.02978078125366
-0.871606905783837
-0.274983313083128
1.22832897541428
0.225047372453238
-0.204727292262372
0.9593722359078
0.94971990929496
-0.0919242055998495
0.869719989405641
1.19127745130046
-0.0377367647760749
~
-1.15004875346504
-1.84580689385974
-0.94929615223441
-1.11861220208891
-1.60085239096983
-0.793642606266289
-1.0243024062357
-0.865988669712873
-0.277258551948655
1.22074999175483
0.190804986366017
-0.193608022262368
1.07503376567112
0.952838916450503
-0.126375463748396
1.02646169030988
1.20685027372028
-0.087490138772648
~
-1.1659868320792
-1.7268448625439
-0.895412808161614
-1.12996912563205
-1.51102648839347
-0.753333281034816
-1.0219158649033
-0.863571224554893
-0.277788425518605
1.23306048761226
0.11651265975346
-0.16774669387395
0.9398397095456
0.937966600168769
-0.0932480315273627
0.842099450190048
1.21178458767113
-0.0519799078829556
~
-1.17024794384912
-1.74826701835384
-0.897873935161351
-1.13482023377869
-1.52920610593283
-0.756064613210335
-1.02853696084033
-0.872023511396845
-0.28086543897391
1.26886140372498
-0.0500739924053314
-0.130469942732276
1.27054508345202
0.738091907325372
-0.234696661507373
1.27110628623986
1.00081388282271
-0.252848117699129
~
-1.19236799142
-1.80423994313524
-0.920452574076106
-1.1564389222183
-1.5774168099091
-0.774333423576933
-1.04865156708903
-0.896947483992769
-0.284535473949367
1.31821531084803
-0.160844506680469
-0.106762357191238
1.11981344672828
0.586743227320898
-0.420048226671826
1.05367946743434
0.835939138654688
-0.507329427025323
~
-1.59627855772437
-1.72981681451132
-0.589246757610361
-1.38629363302442
-1.55868582186334
-0.608427611443629
-0.756338858924564
-1.04529269672314
-0.614644005057886
1.24263736102732
-0.425725932623803
-0.0926656564484723
1.18342272329952
0.187702378295511
-0.676838852420829
1.16368451072358
0.392178481935282
-0.854454724711483
~
-1.30284530674187
-1.95391447836683
-0.955998267503843
-1.21794275846134
-1.72293276670835
-0.832619833453591
-0.963234964390686
-1.02998755711837
-0.410454017965631
0.990943337018859
-0.626076563263561
0.0548393032886003
1.46309395884962
-0.715489784664145
-0.668851948999315
1.62047752433139
-0.745294191797673
-0.892738861982884
~
-1.22409461502345
-1.93658756835406
-0.971366374913871
-1.15388840285012
-1.70798316762586
-0.839142482784008
-0.943269692257943
-1.02216981729689
-0.390821158708478
0.919370800851885
-0.816890822578758
-0.056314714073518
0.611042578467885
-0.765223323495557
0.649869376766413
0.50826649199452
-0.748000799110428
0.90248042541587
~
-1.30083280496733
-2.15159950275085
-0.972974717206738
-1.21450391672237
-1.88735659317939
-0.856157614377888
-0.955517415473704
-1.0946276192357
-0.448707169012582
1.05743994450756
-0.826417635262747
-0.12114948714566
0.717210937688076
-0.769404438570736
0.658095063226606
0.603801255124397
-0.7504000669211
0.936842958976947
~
-1.22901059960223
-2.17220123336722
-1.04140453528856
-1.15771194467691
-1.90473547871864
-0.909572918855038
-0.94381614614595
-1.10233829789538
-0.456116751881329
0.911873001489965
-0.957009998381542
-0.416846359049681
0.56593331244689
-0.899039869723622
0.375470307105318
0.450620079302428
-0.879716465796816
0.658896745034692
~
----
@imsorry
-0.933492484618133
-1.74980850535768
-1.04069158853762
-0.90668916470993
-1.49660698282542
-0.879480412408721
-0.826279135068114
-0.737002485145833
-0.347442923270654
0.776471901052008
-0.773495001252365
-0.194368431801104
0.778390079573603
-1.5208981775548
-0.78473868415072
0.779029472414134
-1.77003261626709
-0.965394114683465
~
-1.03445469703563
-1.60347088626524
-0.91181770228415
-0.982525876085344
-1.38606723507245
-0.782439865058088
-0.826739483189621
-0.733856351449227
-0.345877807898646
0.776564787416924
-0.772643819214624
-0.193923487708934
0.83145159157795
-1.41386335097731
-0.673769869051158
0.849747169646578
-1.62760317157982
-0.81757637397928
~
-0.938735182491596
-1.75259739796417
-1.04843681009009
-0.911215301863549
-1.49795885213187
-0.884447879893088
-0.828655589849521
-0.734043004245323
-0.343936057183297
0.778210037704603
-0.775957676019004
-0.194291214221265
0.826865173751089
-1.41449586713125
-0.682313899783854
0.843083552433251
-1.6273419074587
-0.828806263918752
~
-0.940874137621712
-1.75479950010209
-1.04194884408548
-0.913300475339457
-1.50589318638408
-0.884355716329637
-0.830579488492691
-0.759174386110006
-0.362818056154704
0.782837907130682
-0.77703881197066
-0.193509631601233
0.840540090006179
-1.42274864389838
-0.676159347539523
0.859774150964678
-1.63798520758096
-0.82079010897643
~
-0.940846765452041
-1.76371584384339
-1.04144417656859
-0.913412572207943
-1.5099390766501
-0.882746877995644
-0.83110992190538
-0.748608633929674
-0.357809062801982
0.785284092506392
-0.77817369653713
-0.193390491136594
0.839140571864227
-1.42320510725718
-0.680142449864265
0.857092731650172
-1.63821550692692
-0.826111129615217
~
-0.930007190459838
-1.75114231572801
-1.02876802914789
-0.905640456009323
-1.50254606617198
-0.872979513518545
-0.832540323002374
-0.756757106470126
-0.356926503094326
0.78752150593341
-0.773120595709582
-0.186804572879626
0.790868572086659
-1.52698687348056
-0.774329942392924
0.79198423735621
-1.77827563273755
-0.953942765304211
~
-0.934286220022147
-1.77575984621287
-1.05049388131828
-0.911677097267798
-1.52037824544687
-0.887334726550567
-0.843849800158336
-0.754233514302435
-0.348612719983785
0.807101784126058
-0.984520455286498
-0.234831876219308
0.80400567818647
-1.55578113853348
-0.826705041474863
0.802973666591136
-1.74620136628247
-1.00758086965305
~
-0.93325187826117
-1.77560071892455
-1.04687948459254
-0.910887761401991
-1.5201415465659
-0.883957156641603
-0.843795339739924
-0.753764029489938
-0.345994560773489
0.86109336885836
-0.943514653793193
-0.0847344643576277
1.00610076060768
-1.47003647908915
-0.700805877823031
1.05443653416261
-1.6455437541878
-0.889765046982633
~
-1.02998297017647
-1.6407156004844
-0.901902461223662
-0.984901613085449
-1.41794962945967
-0.772836010686167
-0.849657541812387
-0.749651858010691
-0.336631504798163
0.894713158521957
-0.761562113080075
0.138390770944384
1.01252238782153
-1.31096453151368
-0.457527313868507
1.0517921545256
-1.49409867099155
-0.639831812881241
~
-0.986796484752976
-1.86727879404784
-1.04217864735926
-0.930205800379969
-1.63760458186886
-0.93599930044273
-0.760433747260948
-0.948582085833196
-0.568846973531893
0.949054468701874
-0.831472441777557
0.113803227414793
1.05201057573579
-1.15390770705372
-0.635150651947236
1.08632927808043
-1.26138612881244
-0.86859802602185
~
-1.27974467150924
-1.86646088984539
-0.855647443363336
-1.15318661607621
-1.64263716746733
-0.793105809100355
-0.773512306371177
-0.971166143739092
-0.555863590913864
0.952801199881248
-0.84433633400921
0.129396633033024
0.327802455411043
-1.04392774724738
-0.770597956646321
0.119469534612393
-1.11045821832677
-1.05405704807359
~
-1.31597532668802
-1.63797202787779
-0.629912622959443
-1.1395866148065
-1.454166718567
-0.627543332396365
-0.610420272056119
-0.902750652564083
-0.572665261046524
0.892696666089748
-0.74726609743263
0.121625791366738
0.263732794884629
-0.920017202718878
-0.728502172210435
0.0540781596437103
-0.977600904480961
-0.995954484041532
~
-1.31206358748126
-1.66081485001173
-0.622789316691965
-1.13394457394353
-1.4752056031955
-0.618634924357877
-0.599587672776927
-0.918377862746812
-0.557923232734425
1.01106041811017
-0.601947788611896
-0.205866929521575
0.216029133467089
-0.953110378731661
-0.832993313559633
-0.048981323798641
-1.07016462192044
-1.02595278929402
~
-1.36429029902234
-1.75627398427434
-0.654644901707332
-1.17602947774121
-1.56243681407875
-0.64765497911114
-0.611246867383132
-0.980925303491979
-0.575994646634456
1.01462439532138
-0.567302479798237
-0.355733259953822
0.240579035920219
-1.01468272648038
-0.853667519637568
-0.0174360899849461
-1.16380947537442
-1.00274855594987
~
-1.56090743670573
-0.629358586754347
0.00428134943568961
-1.45161078856791
-0.833934753925658
-0.148373988411521
-0.75395479944483
-1.09864403504626
-0.567630492776008
1.07717079624529
-0.544205288434005
-0.466793001133122
0.279998878920586
-1.12573314949469
-0.892811078339314
0.0142748865055671
-1.31957582311079
-1.01639050249634
~
-1.61057856749521
-0.655247506531426
0.0308799070293903
-1.49731658350204
-0.867246187432763
-0.127314082099647
-0.788820371898363
-1.14381243592754
-0.581156876198967
1.08396050906645
-0.554854689597298
-0.506085838045921
0.245810517348248
-1.35104519718013
-1.01128640285329
-0.033572840823727
-1.61644203304108
-1.1605915597902
~
-1.55145140613375
-0.604904244358482
0.0421482247506035
-1.44107529472184
-0.811501297278054
-0.112015470845131
-0.78229810935531
-1.11479707508804
-0.577195894666706
1.05700362326376
-0.535562148450574
-0.507072367534577
0.230812221865921
-1.30629985271431
-0.990699861710001
-0.0445849119333584
-1.56321239390455
-1.13330057003746
~
-1.51148635334589
-0.569314423796445
0.0376242443832541
-1.40454797799453
-0.769476992623829
-0.111737494615431
-0.768182042759195
-1.06656234956257
-0.562891295770952
1.13199045816969
-0.52004303861021
-0.399445718713022
0.300972552066806
-1.19835885233006
-0.921903445650611
0.0239665703350981
-1.42446412357001
-1.07802689053105
~
-1.49638688387805
-0.5561170145899
0.0412051750531406
-1.39061965496416
-0.754087345721736
-0.10652122543203
-0.764837499412243
-1.04670295446053
-0.557932986203977
1.20191207439147
-0.549825590309554
-0.326865765242651
0.35569683277116
-1.15736118478841
-0.885334823637782
0.0736250726755612
-1.35987304961469
-1.053659017005
~
-1.4889776407558
-0.591075435291985
0.0268515864526575
-1.38683101032524
-0.782269002292718
-0.115817707742493
-0.754709721957269
-1.00697066092059
-0.54665248194545
1.25158107423037
-0.561458577005811
-0.228255813077753
0.443775881146553
-1.10675721627902
-0.827701437082299
0.174507508348831
-1.28852347916386
-1.01029497357619
~
-1.42321839521707
-0.684896285962411
-0.0613676114991508
-1.32200297338264
-0.874346356437208
-0.202736078576965
-0.641140687952755
-0.997926230446963
-0.589279526628799
1.28535787214673
-0.557854319794249
-0.152583999593372
0.383132851331669
-0.920136329566349
-0.734797530536802
0.0823911653909342
-1.04089699949038
-0.9118047636352
~
-1.41887287961585
-0.708576425959113
-0.0738364502168095
-1.31739681092832
-0.898514189218089
-0.21556987884761
-0.628923871903905
-1.00164750707818
-0.599227700190521
1.3134169789477
-0.565627127194764
-0.11589539057524
0.68931495784684
-0.316748936841844
-0.638809337617102
0.481280950813218
-0.233789527689822
-0.796006170697659
~
-1.4122735454111
-0.723178052153382
-0.0814115922054814
-1.31156690237568
-0.911675998051358
-0.222069993896521
-0.620262601582453
-0.990227580279635
-0.594946004200279
1.30526121082725
-0.573522683044093
-0.100998595022175
0.7552332423933
-0.0998350404119985
-0.521778299427032
0.571890561698364
0.0580608466029375
-0.645058045519047
~
-1.40098034758975
-0.721543109205125
-0.0801779941032247
-1.3018196537624
-0.907147425446978
-0.218677173096957
-0.616144438076956
-0.971450512083725
-0.579872694750071
1.26153135185375
-0.565358815347979
-0.101380317497201
0.701003993030565
-0.131517616159157
-0.527166278714128
0.51416152800163
0.0130961169037833
-0.652373825495359
~
-1.38817836818315
-0.710091387972913
-0.0754717489730127
-1.29053421272774
-0.892857213962434
-0.211853726272259
-0.612940385178512
-0.951952109095495
-0.564163787204141
1.19318250619267
-0.553362336859065
-0.140966022166174
0.684941423646754
-0.0352282026690525
-0.502176758310538
0.515527717560646
0.137483187298421
-0.606113583146848
~
-1.43563274265037
-0.574324985532233
0.0357258026590153
-1.33785683910242
-0.757336756666285
-0.100839835860332
-0.720222643204955
-0.962135290901862
-0.501064152430274
1.07808440135701
-0.555564032610347
-0.243640052366653
0.587057849392536
-0.00354328415788638
-0.57560043193404
0.423382332071045
0.180463631992934
-0.669765103807953
~
-1.48746637971791
-0.600623148237347
0.0547412682868838
-1.38320153950887
-0.795781070666776
-0.0908880481898707
-0.729010738555395
-1.03372398124991
-0.514370831974382
1.11911420071738
-0.609262002255334
-0.311766052936452
0.574344078780781
-0.0343522624310353
-0.654485291739119
0.392754012710851
0.157284317510398
-0.75114233890927
~
-1.51101595857286
-0.592280315689861
0.0730234269156545
-1.40505969572307
-0.790603912888663
-0.0749669726025771
-0.749926816376388
-1.05769826803437
-0.505247150694544
0.96701874559671
-0.675284414043081
-0.410578987551125
0.397713501142038
-0.106429901336838
-0.759111798411297
0.207945086323813
0.083188282485006
-0.857420853937589
~
-1.51366052580349
-0.607100729403483
0.0500045806091237
-1.41092122079739
-0.799402911740694
-0.0934926548080273
-0.74809940445358
-1.01791077632244
-0.492855821118735
0.901554388722655
-0.652943648454812
-0.4389895625391
-0.00596872254947576
-0.00771533207533949
-0.647603155126714
-0.308476426306853
0.207360779648236
-0.6998145806676
~
-1.44508479635845
-0.532314525095134
0.070691617516095
-1.3449757604793
-0.719693682903216
-0.0691314531103371
-0.737203990820454
-0.984828698694358
-0.483488387631525
0.875569094254244
-0.637496511995278
-0.455544864726143
-0.0347174112399895
-0.0519190037492068
-0.676744306285873
-0.338146283021435
0.143273517307834
-0.733595689540074
~
-1.47837378846345
-0.591196651271111
0.0345961587346144
-1.3797630363839
-0.77577131432189
-0.103135255763209
-0.730927597629548
-0.963161475767025
-0.477982804962077
0.718421628818115
-0.667101429096459
-0.511766188969983
-0.235793211833173
-0.223096401813611
-0.801268641040399
-0.553864825383602
-0.0750947260526624
-0.88114128582896
~
-1.47863475043522
-0.568721011045566
0.0120806777179058
-1.3812907289503
-0.750925036760548
-0.123881698259712
-0.736675545749636
-0.951631347052455
-0.480272370713846
1.05447595152172
-0.624235625413507
-0.345641122005931
0.117788832702897
-0.177024850586712
-0.636003439096064
-0.194440183170543
-0.0279545804446959
-0.716376869465392
~
-1.47517279224835
-0.559408644313468
-0.0160211870571927
-1.37907701454482
-0.739276415108806
-0.150240901756999
-0.735443443582986
-0.940759196383589
-0.48865787163491
1.04047826684092
-0.629785091012647
-0.339314016918663
0.115721088791523
-0.188270084469923
-0.625972131563358
-0.192531303891609
-0.0410983921958607
-0.705321578730655
~
----