@Alone
-0.115934385848537
-0.442641679417979
-1.35102471210266
-0.455789390104556
-0.758057857564747
-1.11314858301645
-0.763509502867201
-0.538457488540898
-0.449616892859497
0.740798694824541
-0.814213338434785
-0.090514581004067
0.849738425931509
-1.34510971105636
-0.449172073283736
0.888376366959772
-1.4930287235122
-0.582100466665097
~
-0.270137499452881
-0.583809367787922
-1.23457634906515
-0.450278004776474
-0.747573623807926
-1.11173293782602
-0.755908931808773
-0.533455676473323
-0.461379114631964
0.738654465050485
-0.810442078270914
-0.0905781573680993
0.848240621360463
-1.33886285115077
-0.446603103976741
0.887957430627302
-1.4858321491387
-0.57868807797258
~
-0.114830455394803
-0.444426280527599
-1.34751082074427
-0.453764144596047
-0.760258644891748
-1.11290998494357
-0.762284035884718
-0.534319061292698
-0.45822822661203
0.739232197112963
-0.814686559855039
-0.0904821274033594
0.84998714825835
-1.34609778173303
-0.447965254198139
0.891317511262015
-1.49417039075112
-0.579975799635558
~
-0.268648813271872
-0.582231657086724
-1.23515089498363
-0.45097884737207
-0.74429274947344
-1.11296770136779
-0.753240466475156
-0.535366794241362
-0.477021808316856
0.737025513235417
-0.811236742996326
-0.0907389342629349
0.847239878223748
-1.33985838382529
-0.446906887578144
0.888945893156849
-1.48728787817565
-0.578021120321447
~
-0.111806643711284
-0.443773487738486
-1.33852801811008
-0.449173468471911
-0.754714199160013
-1.10798583365542
-0.753361831745697
-0.534039517947245
-0.472399909293045
0.735766578877719
-0.810593353818641
-0.0905895296257561
0.844737734744129
-1.340026860191
-0.44501359637353
0.889163363355212
-1.48835470234379
-0.574000535179753
~
-0.11181994050686
-0.445478529749851
-1.33840904905632
-0.443113715344183
-0.771488608186634
-1.09965849469543
-0.75878685029061
-0.537412158635765
-0.495755911496461
0.738315734118584
-0.812367991031693
-0.080613515804558
0.845148258021513
-1.33781710063859
-0.442889748797621
0.889664558502717
-1.48720588008737
-0.570746970964637
~
-0.105898253870433
-0.444268635698123
-1.32884446458634
-0.435720168067091
-0.768939974694201
-1.09180360889167
-0.745413608132126
-0.529374084914572
-0.471472028292706
0.734739789158311
-0.807206905623339
-0.085359232203028
0.842164306439234
-1.32856016858393
-0.444920236229922
0.88909313341052
-1.47747166957307
-0.570118968017129
~
-0.107487399227782
-0.443632992977532
-1.32812153979327
-0.468788860337824
-0.631678234052824
-1.13343165035076
-0.746028539619298
-0.53104949334141
-0.475979766333325
0.73320268338092
-0.806303889023096
-0.0856010475073436
0.842160770430717
-1.32889603315458
-0.444650293368897
0.889890630138164
-1.4784111639574
-0.56937758389309
~
-0.104551373613193
-0.443713498013918
-1.32295308827026
-0.448660706753746
-0.767593534664862
-1.08698449888133
-0.740361512750855
-0.532703389487131
-0.485376580041846
0.731500161159243
-0.803966115075119
-0.0876381955805248
0.840988210232625
-1.32515251887061
-0.443791273841823
0.8899390673214
-1.47356450639469
-0.568063302438262
~
-0.269719560979347
-0.598661335341803
-1.20099521091532
-0.444301037285917
-0.7641338841263
-1.08042544649229
-0.736184997276305
-0.530675626481426
-0.486220566810274
0.729742013687683
-0.799674823842565
-0.0879717022975089
0.839032250218588
-1.31887739140084
-0.442523267155945
0.888227455342383
-1.46664161319423
-0.566204520585136
~
-0.274232397265047
-0.603149117533579
-1.20668046489034
-0.449174267568872
-0.770832996413211
-1.08553510419258
-0.753533883865056
-0.533488839736101
-0.469455226666488
0.730821589793326
-0.805169692962598
-0.088304769319758
0.841090436528513
-1.32845200105818
-0.444406676537168
0.890441999950758
-1.47689849193348
-0.569414040553496
~
-0.269633285292965
-0.615979034464462
-1.19538123760549
-0.433191239887597
-0.790313022420315
-1.06740384161717
-0.758770952701308
-0.531767308389286
-0.456919796037108
0.730527005315753
-0.80568549457346
-0.0881402795752782
0.840733236885638
-1.32953053842424
-0.444392910386663
0.889393849760308
-1.47743327929254
-0.570579062432452
~
-0.111838569732337
-0.447238850892302
-1.32975037741412
-0.323476643432157
-0.477249892632539
-1.04925150232222
-0.761639626642767
-0.536439445456743
-0.464844398109265
0.732108148699348
-0.810557917535906
-0.0882988194805328
0.844825668538811
-1.33950249377816
-0.443546420709084
0.890771577303905
-1.4890100820695
-0.570973354728392
~
-0.760969712438746
-0.696543228797645
-0.868082376620093
-0.823951169452848
-0.743506489619978
-1.09409417536563
-0.761778889882827
-0.54055403595462
-0.463233072013039
0.7334130748989
-0.815325964953401
-0.0909296009195695
0.845840461064826
-1.34607137888989
-0.448379865708982
0.893130998548864
-1.49646236009648
-0.575541061370478
~
-0.670790708447416
-0.860120958306917
-1.24606108723611
-0.706476340305951
-0.760892625690804
-1.07411580689892
-0.765524394801928
-0.538898167083219
-0.452613368102705
0.731024944052933
-0.813094171328121
-0.093551916708552
0.84423783997634
-1.34477110128151
-0.444069111874216
0.890974196709836
-1.49463057423359
-0.570729085129426
~
-0.772307796277959
-0.677372019718374
-0.826382425788873
-0.855502878120002
-0.758495660385102
-1.06881946514337
-0.775905149783284
-0.537296526195865
-0.44747635881439
0.732039286406753
-0.811673622245947
-0.0921268878909899
0.84352947987372
-1.3425511687589
-0.448180167237613
0.899348683867711
-1.4912854830011
-0.573299455633397
~
-0.402642177801869
-0.868791644108534
-1.24383146571283
-0.456533942570708
-0.785609976882689
-1.06894320414796
-0.774348521999966
-0.534345485482374
-0.44138945987588
0.731203885382997
-0.807810669324629
-0.0931149717646585
0.841376054107344
-1.33540090877317
-0.447629493075648
0.896065857328186
-1.48312846839852
-0.572509211545673
~
-0.284606830750632
-0.620822592832061
-1.19675561228825
-0.458091855131163
-0.790248354426625
-1.07121988896135
-0.776312021302436
-0.536846542277214
-0.444806268042599
0.731968007297693
-0.810847855069275
-0.0936678842351324
0.842030805345695
-1.34056051209834
-0.449802758614683
0.885951267002822
-1.48769518850385
-0.580784709575405
~
-0.10876964057313
-0.451082225895526
-1.33292987215393
-0.467486182232031
-0.743187851135927
-1.11852909516513
-0.787945331025254
-0.538685845171185
-0.441522449514167
0.733034604672212
-0.816488941608878
-0.0945165109677766
0.844273682988671
-1.34912734346486
-0.452468697220774
0.89346962071158
-1.49681656824766
-0.582685199645757
~
-0.267980446190754
-0.605880168914932
-1.23340993889556
-0.45875229941902
-0.759411562002927
-1.11070218632971
-0.773179721988415
-0.544375389278855
-0.45871302801325
0.732408155340772
-0.813774577890255
-0.0943029877704341
0.842713200004136
-1.34539216654111
-0.451160121722101
0.894672568689932
-1.49238518818915
-0.580308628393955
~
-0.0978262927597214
-0.46196052685103
-1.33441124190785
-0.452222910452485
-0.761821327557487
-1.10624370846081
-0.762522760166962
-0.544512312509589
-0.468983207430657
0.732091086035476
-0.811014519086916
-0.093917923213094
0.841154312979288
-1.34155283370796
-0.449697648745751
0.893350908656803
-1.48812191099842
-0.578407550716501
~
-0.0986170099626004
-0.460277284486698
-1.33772808444182
-0.454822097339144
-0.770119940421931
-1.1090746225359
-0.770815430496802
-0.548221886234574
-0.470456628436279
0.733512223648872
-0.814443551953068
-0.0942622138215946
0.842948787768968
-1.34777664891586
-0.450949778907647
0.891319365187576
-1.49572621827556
-0.580972704594738
~
-0.100039802070799
-0.463361307795427
-1.34373803774393
-0.457718160670664
-0.778630577581019
-1.11319841919902
-0.778872544610547
-0.549789531299811
-0.4653525259434
0.734111361941225
-0.81946748890522
-0.0962299630375082
0.844379499807918
-1.35556538837157
-0.453686171562289
0.895337613038549
-1.50382551252395
-0.583755457576434
~
-0.0930928174799019
-0.453818851334219
-1.32723610913041
-0.446785086182565
-0.770186613679731
-1.09997451382858
-0.757219297094885
-0.544868368584395
-0.479785752849704
0.731958278969836
-0.808384301542825
-0.0950286035569541
0.840966507982306
-1.33894619999685
-0.448772265008156
0.891460516201048
-1.48598910721765
-0.577089063285206
~
-0.0954879253410102
-0.456361332948572
-1.33135332333646
-0.448108845038351
-0.776577699085749
-1.10278248226533
-0.776178706391932
-0.537583547453682
-0.460856053790539
0.732582803314718
-0.811681325916159
-0.0957190814199329
0.841433761462173
-1.34376600278391
-0.450982558539558
0.893148963440326
-1.49113990694599
-0.579418355273632
~
-0.270659270827026
-0.621966150365257
-1.21770682423472
-0.449142804963306
-0.790629857977885
-1.09441012094756
-0.780098385768349
-0.542526194943373
-0.461143612146155
0.733403690175299
-0.815690159918826
-0.096090136568302
0.842495080615608
-1.35003814097017
-0.453168287346412
0.894902548464689
-1.49767266646905
-0.582425309823634
~
-0.101145117250665
-0.473160339899378
-1.34668901394422
-0.449794245487631
-0.792203702216837
-1.09742409330828
-0.776288051116577
-0.54277347152195
-0.458918709014336
0.734114333658515
-0.817140652445342
-0.0967322523437711
0.842390576546623
-1.35238342645241
-0.454574684846133
0.895733018433532
-1.49961196218835
-0.584392707442994
~
-0.0964194800303994
-0.487628012035716
-1.35299505729853
-0.449155110969932
-0.79784605131766
-1.09827703581925
-0.777713716538626
-0.544640258706895
-0.459018177826856
0.734511549844166
-0.818674120883183
-0.0967557219781999
0.842663075983577
-1.35523715647929
-0.455366976520947
0.894471198097174
-1.50270180717453
-0.586249013776626
~
-0.0953283631136261
-0.495639404901256
-1.35565839155403
-0.447258551804217
-0.795091625109569
-1.09377240886451
-0.771121664041284
-0.542181818270648
-0.455671906325387
0.733415037782869
-0.815696599507613
-0.0970936409017919
0.840682678605613
-1.35048861840099
-0.454549433924848
0.888784956080417
-1.49722150572785
-0.586570992191026
~
-0.097589008685453
-0.489488041751243
-1.35308405784725
-0.449873058257808
-0.79709178652928
-1.09393762361758
-0.776716146500955
-0.54185697542362
-0.450356413371819
0.733337609792442
-0.817121895972423
-0.0972128452207707
0.841167303247632
-1.35302931400549
-0.455029813089734
0.889144650669018
-1.50024862469824
-0.587133881187845
~
-0.101228258015315
-0.484780394388326
-1.35240987506837
-0.460514875197376
-0.790252040321753
-1.09928066790728
-0.783610457312152
-0.541948820653345
-0.446450101658776
0.73362801752057
-0.820492177131464
-0.0980499315002239
0.842152566525195
-1.35810995766075
-0.456706418186979
0.891344380670842
-1.50590193260901
-0.588672776866503
~
-0.10168376302406
-0.483293406646738
-1.35249270759292
-0.461032636969462
-0.79198329130565
-1.1006247859391
-0.780942817628064
-0.541171111469287
-0.443999771906456
0.734314236664477
-0.82177704810804
-0.0979007031359363
0.842929378100883
-1.36005559038875
-0.457048321417952
0.893329255600195
-1.50811975556683
-0.588641531273142
~
-0.10282904675344
-0.489197006909293
-1.35656709922219
-0.462748041347023
-0.780862183638989
-1.10656048854518
-0.782467857950869
-0.542326718962606
-0.446051724473613
0.734659465660661
-0.822239714171772
-0.0977773828269615
0.842755422589992
-1.36060851158147
-0.457226664948112
0.895539431394626
-1.50877474327661
-0.587825248615312
~
----
@Coffee
-0.104037005681352
-0.498712156289114
-0.761050777375095
-0.260379114850007
-0.593704619448293
-0.752425289156531
-0.75633597312641
-0.512555066886107
-0.425204492284996
0.63053309026045
-0.60040321194171
-0.255710702529936
0.479742162760428
-1.10303967800615
-0.592130055994414
0.49604962268209
-1.27869343407798
-0.719677813535625
~
-0.068124930985069
-0.598969525461315
-1.30081514045631
-0.231839978345075
-0.579290136891503
-1.0926752785147
-0.722985120425092
-0.520251918600358
-0.431841806806511
0.636234300079883
-0.599813672235375
-0.248782579278626
0.341701176708152
-0.823731359856848
-0.839093040737498
0.372132013270699
-1.0011582449249
-0.95238769660265
~
0.221619101864756
-0.131850947849927
-1.0709015767635
-0.110563784798322
-0.386438860727965
-0.925688412642033
-0.635395997289544
-0.510113161859078
-0.521767859603458
0.636483194972139
-0.604130531866547
-0.250839172098408
0.520072218527515
-0.77049507948166
-0.838754852300906
0.481268557525567
-0.825949893693516
-1.02260930687594
~
0.0400081400526745
-0.0672571853233216
-1.21526054939482
-0.333431236620931
-0.387341214029318
-1.04100763649667
-0.671437608636854
-0.510934154278124
-0.545419281807228
0.637322518583002
-0.612651499333654
-0.259301881846065
0.275546699673195
-1.00564774995401
-0.746674528236074
0.305713141118359
-1.18153300424583
-0.858984786904615
~
-0.19448256089434
-0.272026499018373
-1.15637385667166
-0.38183263519458
-0.390564499900636
-1.04254550012987
-0.733968734600875
-0.526206481270137
-0.560748545107757
0.638662062929689
-0.617359651337532
-0.262889369169095
0.282426465980448
-1.0164282262419
-0.74745375198903
0.163681262651314
-1.14945104977493
-0.896934071858426
~
0.0398846287376445
-0.538110259469998
-1.28000562095542
-0.178172251903727
-0.556941845698882
-1.0474626405572
-0.51020072309606
-0.392980638451856
-0.561522507786021
0.637314538342609
-0.612831655217969
-0.25961389623137
0.484866964331374
-1.11559093600659
-0.599805876732308
0.477916836694234
-1.2933381672125
-0.747781282711951
~
0.0306117213696921
-0.531908883413135
-1.26700215080627
-0.271137458512486
-0.592098995622084
-0.762557921161709
-0.754816193372568
-0.527868226991191
-0.408042552732657
0.641167374899785
-0.600883282459249
-0.254118671944126
0.48518695758792
-1.10701113195565
-0.591827607279613
0.47779090323588
-1.28392724230891
-0.739937863482386
~
-0.0108209696469311
-0.632970162327126
-1.25576295198119
-0.183138855434905
-0.608444643018132
-1.05816473259588
-0.700092408499492
-0.534867980791815
-0.429240576151985
0.646669901182356
-0.601701378103922
-0.262218958452284
0.359012921575435
-0.827991458039359
-0.845164630391813
0.345773894069281
-0.995210931577803
-0.995221335436482
~
0.177495207711205
-0.255479955869941
-1.11488703124843
-0.0314288482360925
-0.317003897623363
-0.965522179821335
-0.658201016077986
-0.501575670275997
-0.480978953768206
0.643618160752936
-0.609020024909115
-0.258628377975618
0.351753911700839
-0.836989516662974
-0.845968600448821
0.338398635741219
-1.00567736176319
-0.997342642558195
~
0.0485909487799127
-0.0850186042411727
-1.17784106053262
-0.0751422286723894
-0.199317690209198
-1.04285275699105
-0.632305398497664
-0.512892433837761
-0.535094534730043
0.641715323888581
-0.617188323869803
-0.265570190528558
0.506289392160469
-1.16035688379194
-0.591863175768898
0.492681403696985
-1.30736371680495
-0.729865865956611
~
0.00210222231369603
-0.142701944719036
-1.18746596260708
-0.160082186033728
-0.212572195388136
-1.03666551037783
-0.732410768371678
-0.509538275235443
-0.538561195299327
0.640773545276954
-0.623160698460325
-0.269246039884651
0.495636812934354
-1.1325092201497
-0.592564719405114
0.509194352660095
-1.31868844611191
-0.724435475165431
~
0.0578747146780177
-0.546994418069851
-1.27405564532331
-0.343800533887817
-0.596738242034128
-0.873635840973687
-0.781170893699052
-0.515663044788994
-0.457960397001546
0.638941655850941
-0.617541724064559
-0.264399612337074
0.493326659345075
-1.12631076686674
-0.589782509731436
0.507361130058834
-1.31025906550654
-0.718888070759907
~
0.0370130697346975
-0.536900252499643
-1.26133925708593
-0.26830233153824
-0.598837895478332
-0.768495976041075
-0.758127447560906
-0.524459345020258
-0.420846603843766
0.641962852617689
-0.601829193338172
-0.2540535872944
0.492737013805827
-1.11596030980506
-0.581297715580041
0.508417302629335
-1.29924474604757
-0.707941782840575
~
0.350643477072886
-0.305064633254754
-1.33604669562007
0.0200682414602725
-0.382070074840851
-0.744217590561829
-0.713872634099468
-0.537183814953398
-0.432680523767587
0.647294691828629
-0.601189713456372
-0.257552728607342
0.356572763987496
-0.83536194877909
-0.845781499237258
0.381607516307346
-1.01564052420833
-0.958918469081569
~
0.294103588428581
-0.153268203086535
-0.990105940481595
-0.0519869065674895
-0.343984005036313
-0.930208342527196
-0.667684543647379
-0.513717864365489
-0.45310366499426
0.646412930056042
-0.608238852361696
-0.253227050189456
0.321550295364385
-0.207337368354393
-0.909155255918006
0.295968417637278
-0.326457308305696
-1.1201514047595
~
0.0825561363477203
-0.0423168638132965
-1.13933756042154
-0.100437293291611
-0.193114600540148
-1.05329366806574
-0.669394766409437
-0.503201130972051
-0.549387349225222
0.64457017557144
-0.620942922604715
-0.266890186356554
0.259899728233548
-0.250303922921171
-0.897534084323015
0.0903447221821104
-0.243094632462125
-1.31119576871155
~
0.0238149442943998
-0.0629519307226141
-1.13530193430963
-0.158599073319654
-0.213272210771396
-1.04953061107891
-0.728362145112652
-0.523197355716472
-0.551104202060314
0.644132478841441
-0.62392166470904
-0.268881173376061
0.284802014854541
-1.03130968626924
-0.748686569653242
0.309755398073914
-1.21100231200221
-0.861455816527927
~
0.0375666918977661
-0.552533539627706
-1.27333636233622
-0.370702622884682
-0.600772864509799
-0.878605393633566
-0.789514580680615
-0.517019765041765
-0.439575271815709
0.642921627089782
-0.621169057027558
-0.266045993930688
0.501715308768795
-1.14369391413113
-0.599917750906973
0.488657798581775
-1.30395333073715
-0.746061579111506
~
0.0269521836447933
-0.543123997915442
-1.2614074741728
-0.12855019899765
-0.560278814604325
-1.00339512427577
-0.504637221876659
-0.404101161416808
-0.54493677995487
0.642233125569005
-0.607168538595261
-0.257517909541379
0.498108366489436
-1.12943374010157
-0.593201201140656
0.502908851930325
-1.29106941536684
-0.723166703561758
~
0.390789816679548
-0.347700701592393
-1.30370306381389
0.01269916564027
-0.415908045547503
-0.72780406936216
-0.719906255244166
-0.540652871334157
-0.413833932201693
0.642167885649722
-0.6051661506766
-0.257766669679856
0.494389125269643
-1.12780871518317
-0.594298910474964
0.506389711236548
-1.29074915067726
-0.718183031150918
~
0.229853850208971
-0.19003570282471
-0.982806591525168
-0.0420385913801125
-0.347364140450733
-0.888692663777634
-0.67450410107063
-0.482909516117102
-0.456339384750469
0.642698687685911
-0.607369660981204
-0.254662439283779
0.346680739618231
-0.812116366750014
-0.848342847972439
0.382374572848638
-0.982042559229921
-0.951712360006665
~
0.123391465273377
-0.0930588546178909
-1.17268347648118
-0.174399247781549
-0.402623545069033
-1.00796238267671
-0.620439636068426
-0.489853444128103
-0.59486641353776
0.644383564535885
-0.621814105720558
-0.264754300439044
0.275756589185732
-1.0467091270015
-0.775007605895312
0.311244526210793
-1.21565511771954
-0.877780841532465
~
-0.174505036677079
-0.239095747767649
-1.15883461882594
-0.366707708497012
-0.364085343780195
-1.05843679416099
-0.709747384843687
-0.526773924757948
-0.576452911339523
0.644927869019872
-0.628253973382513
-0.269598476980515
0.351029480611845
-1.07292210657946
-0.709337542476634
0.487304104542986
-1.28184866438243
-0.729902308669785
~
-0.0264644154242726
-0.231692745454702
-0.911979510356554
-0.15285979798968
-0.357514874175912
-0.958718570784167
-0.785469552615075
-0.528139115950477
-0.482211374452505
0.645181040432606
-0.62116649537819
-0.262803418215273
0.50237138644479
-1.13191836242158
-0.601238808145548
0.50008519315237
-1.30277480432547
-0.736365311783947
~
-0.157696211352822
-0.478676568064973
-0.694749310199972
-0.284360677076674
-0.60476652210429
-0.741588000173803
-0.792359833530232
-0.520231014926562
-0.408245829541727
0.646256505552113
-0.607103806590257
-0.25185994540529
0.499753266683272
-1.11931300096926
-0.592191137410313
0.50603859892022
-1.29051570655144
-0.720964096544598
~
-0.0964417988777686
-0.474129227956627
-0.704662870713589
-0.223465259232208
-0.600576617245537
-0.751634303208204
-0.725672685566239
-0.536679311396524
-0.419291286736731
0.651506964717866
-0.60386300992872
-0.252199448121246
0.500891908400001
-1.1209446393815
-0.592979909313089
0.512651007657636
-1.29322069839732
-0.718392162718833
~
-0.0130925342782987
-0.601773066639687
-1.29257776391545
-0.183890611485026
-0.583937491077022
-1.08705760335011
-0.69628473697518
-0.530430711324015
-0.433685921778425
0.650543008740064
-0.60696446997692
-0.245621815799095
0.350771756075529
-0.830167166605937
-0.841606020114377
0.383027855191055
-1.00742299063243
-0.95231534555169
~
0.212765664278571
-0.101177016755265
-1.10630404813166
-0.129650157933162
-0.383118931498215
-0.951771377614466
-0.629939642043225
-0.492599921326287
-0.507673823717998
0.647899421304311
-0.617056296489832
-0.254349686794412
0.285786490505589
-1.00727004161204
-0.771677547793647
0.317913409928412
-1.18381598894838
-0.881943502921734
~
-0.16766176876113
-0.253825631550184
-1.14655347207057
-0.339781999947847
-0.403402503036695
-1.04197792390335
-0.707176752610412
-0.511223993467127
-0.561152170033089
0.650356374452979
-0.624094651696878
-0.261953658334913
0.282921531763996
-1.03570030281004
-0.76361668506683
0.437658352675624
-1.23264536874077
-0.749338082862572
~
-0.181119938206048
-0.290697968384839
-1.10380936717416
-0.374792413730748
-0.41122034994558
-1.00251131923093
-0.747131714513574
-0.51883802664331
-0.530004181714371
0.648951799454915
-0.620780032136144
-0.262312676309659
0.483796224959972
-1.12798087806959
-0.619779415558223
0.491424378141018
-1.30169890937633
-0.749709898014891
~
0.0365884500182658
-0.542694363416569
-1.27262662799718
-0.144357039389576
-0.547298678588664
-1.0031436778025
-0.504230070233124
-0.391996648707123
-0.538155875729271
0.646878203015038
-0.613730877949435
-0.260961283071844
0.483517682070555
-1.12044829465463
-0.615666927755215
0.536273794708925
-1.29636654255342
-0.704755516858868
~
0.0123459876354775
-0.542352298270419
-1.26459331682441
-0.237683697273534
-0.595818149817327
-0.745556808694666
-0.730356192432344
-0.534038975078642
-0.397261587653359
0.648198224575111
-0.605745956508801
-0.271135411930555
0.485914598039581
-1.1165801968946
-0.611552601446583
0.548140585668689
-1.29052469899453
-0.68990967031753
~
-0.0317458500421703
-0.547274328799707
-1.25417887603627
-0.212872843995961
-0.607627154531233
-1.05782330372759
-0.715951611005717
-0.530919436665183
-0.40090517672146
0.655597122696217
-0.606041041896462
-0.261122933366195
0.336968452204976
-0.864223318622472
-0.831864464158441
0.408319953230123
-1.0400344612739
-0.895131345282568
~
----
@Activity
-0.70209874555958
-0.740172720626811
-0.912062412888766
-0.726465929096272
-0.695557511430737
-0.770569314566285
-0.76197578548324
-0.525647119702784
0.00395108048812536
0.803222339569063
-0.43804952519657
0.162077884444519
1.02729978356788
-0.769402842343229
-0.266923045607852
0.947408007382084
-0.791310039154957
-0.720269253615261
~
-0.817153002877839
-0.817753441293269
-0.801482612707181
-0.79523901580008
-0.757053862571778
-0.666995412568867
-0.74701485575712
-0.553042457891171
0.102028270029664
0.79200451757057
-0.469369377111872
0.252350786724078
1.00709029313169
-0.764051266263002
-0.213049941768202
0.993249148892524
-0.848445701679301
-0.620991811731171
~
-0.841800651881001
-0.835965322084344
-0.774417540619186
-0.833524820916709
-0.787543757816861
-0.637734897044104
-0.725752071571582
-0.558637871841642
0.120300729756438
0.77122073873083
-0.48438014658076
0.26585016788959
0.971462040919145
-0.788942653212087
-0.202404674682983
0.995238988405
-0.867447388663661
-0.611336827064474
~
-0.827126764217156
-0.844485742256475
-0.946669059320647
-0.795607230887977
-0.777527100292322
-0.700072142155019
-0.70104873350175
-0.576651123099206
0.0748919805797926
0.748902151959749
-0.516952293440685
0.212625622894423
0.939830136832949
-0.843285819917298
-0.250302876540669
0.913457341796972
-0.895399180707164
-0.736873591005435
~
-0.64072589349569
-0.778480734820462
-1.05026279289917
-0.648106139558339
-0.71338936733689
-0.822800838073089
-0.677259254951898
-0.582315468770084
-0.0200329686383033
0.724098377067579
-0.555221177224515
0.041571146951559
0.884080326212001
-0.902147379231318
-0.424640696990611
0.746164429081807
-0.877975135726538
-0.944556634013048
~
-0.407061886877107
-0.590242806778891
-1.19558197406975
-0.512431828398474
-0.597083873384048
-0.992930471474706
-0.680589023532297
-0.546629911785238
-0.19677349398188
0.712953090841776
-0.52666542353299
-0.0834125511604534
0.910887097445138
-0.959061972816875
-0.44568786958914
0.976865099646259
-1.10319420776408
-0.554596957192749
~
-0.16533958531107
-0.30591834628608
-1.20711852491727
-0.567397294691085
-0.717830913599116
-0.985516977993637
-0.667639807691908
-0.518553277502209
-0.414136666813846
0.738901834080127
-0.504570280842277
-0.159143511726958
0.787835530072043
-0.73367680446572
-0.725718668698548
0.804146766415041
-0.810045610907991
-0.902660399856602
~
-0.0670381971512782
-0.0989450301836906
-1.14671315554563
-0.562479999954025
-0.697186485873339
-1.02015173922416
-0.720790959497144
-0.474796366030856
-0.469847260897287
0.758666826182267
-0.474629494035448
-0.308447494437913
0.774113569554559
-0.685620131433787
-0.88691125558336
0.779262484011989
-0.7559503438999
-1.06777160483468
~
-0.0508761913222007
-0.0322534870446307
-1.10175752529597
-0.526036751055722
-0.671830979484208
-1.07735381033757
-0.728228301626721
-0.473929037713039
-0.540574325673594
0.771661509165532
-0.430085636526781
-0.288567078593014
0.681951563422878
-0.411258174989765
-0.892328663407607
0.652048246019363
-0.404982354477426
-1.08175901328541
~
-0.0489485804946198
-0.0189559087207185
-1.09495696004748
-0.302682308497206
-0.195999083007088
-0.935882599341289
-0.742795999885668
-0.49791884526372
-0.554833862623022
0.820137063663863
-0.416995943360906
-0.261439327397185
0.852468967208745
-0.606735487915249
-0.840947291086498
0.863246277035139
-0.669981985477163
-1.02226456778343
~
-0.282083566218242
-0.252052192952713
-1.18293961192458
-0.425224678019855
-0.342372864212229
-1.03219754053725
-0.784933573959838
-0.467166886332106
-0.306768908560716
0.862814661420841
-0.42726001657219
-0.184764138171476
0.988209191799407
-0.720202579703877
-0.707898166530141
1.03000735114526
-0.817850048406775
-0.870316467530349
~
-0.479281602985137
-0.392551848646941
-1.05927926436267
-0.586097469498777
-0.509771965815919
-0.969143301562665
-0.751730960759463
-0.513733234110562
-0.170647662976591
0.824796876660333
-0.476922551674752
-0.0357959145299767
0.849360947965077
-0.551796318004137
-0.848087166621831
0.963401652733318
-0.694165017565044
-0.847330059899165
~
-0.629607923750248
-0.517970357318004
-1.05621525422919
-0.728502189765615
-0.608178282985628
-0.831445013369008
-0.725797026603768
-0.50725337632025
-0.0434281146592252
0.789201703804476
-0.466551037899409
0.0969117730661875
1.02410887975136
-0.720282651292409
-0.380539622639606
1.03160264247256
-0.737603950863297
-0.785523120626921
~
-0.867957978361082
-0.733540652693787
-0.844334261190225
-0.8543947684737
-0.721634111075755
-0.727561252552511
-0.722341056949166
-0.538676344065212
0.0272768703488568
0.769435497961099
-0.531964123623228
0.275654454259127
1.01622604986172
-0.723862471386019
-0.261906454007983
1.09149952338739
-0.798150614495216
-0.629008674484969
~
-0.918876895970118
-0.770776774504482
-0.784522918207326
-0.918550521654735
-0.790429647724908
-0.621003923022059
-0.707123297686074
-0.549862640336777
0.0583435062584463
0.760855005749984
-0.561449940232559
0.301931246538305
1.01429027657829
-0.773634421408486
-0.2050569557906
1.11290853522698
-0.826269311076785
-0.583415233270819
~
-0.917308743398825
-0.795368903949231
-0.808052001137346
-0.918266573231726
-0.820726145079633
-0.657850597110602
-0.709641465637923
-0.586945070474608
0.0625491531271001
0.752805540426398
-0.600929757047163
0.291025062431045
1.01382470766902
-0.825572182781663
-0.20897406518087
1.10714824077112
-0.862978148206695
-0.631711550825004
~
-0.733746480473843
-0.772165803975675
-0.984175921500099
-0.783328165606337
-0.898251714450757
-0.51540720552133
-0.691295220851796
-0.605980433889585
0.00802275200945881
0.702917317545478
-0.573473003364667
0.102163974852768
0.975320551199113
-0.910184703147441
-0.313321315522286
0.979122057938702
-0.848435212009384
-0.859317776018662
~
-0.533199804619309
-0.637003590985764
-1.15744734056071
-0.700050427890893
-0.876923047238205
-0.623449777431557
-0.666155759254502
-0.581133918425761
-0.0911572998907992
0.714153203862904
-0.528839957815993
-0.00379384667811675
0.770285950341565
-0.663822029454574
-0.737463472605276
0.779544165684947
-0.735365637756585
-1.10093248077739
~
-0.323083525046503
-0.397791931173766
-1.22176880689905
-0.527730613509081
-0.644314804270229
-1.00443015186997
-0.731390114915537
-0.530703249893806
-0.309457761050044
0.718580961639007
-0.514548848268044
-0.153208614027605
0.617233804483448
-0.5378019440085
-0.872088252713825
0.555544371358851
-0.54237745001706
-1.20970171774398
~
-0.145442670554287
-0.165207942667169
-1.19357024071769
-0.61227242476131
-0.657764558779158
-0.926172713712471
-0.712225919014884
-0.51007046999342
-0.332712133213939
0.707840483195206
-0.49385520527478
-0.23540706902959
0.470371697791812
-0.319585143015631
-0.911201861595924
0.384719525879573
-0.298943343698164
-1.2343916063975
~
-0.391423069816734
-0.65393174836828
-1.25002814862386
-0.550713739707141
-0.828915058596087
-1.1687430346814
-0.701432261920449
-0.544844117155372
-0.645043708079236
0.768143495174648
-0.45327413908469
-0.263020866450922
0.578461900379503
-0.370143781127219
-1.01077522319435
0.348502780732682
-0.168729655954061
-1.20818685303749
~
-0.543571894404293
-0.460140056627811
-1.03925877231361
-0.699237148816141
-0.638082248505086
-0.962945878656083
-0.516219821207287
-0.641713517356519
-0.376813148610507
0.830958929689334
-0.432808541523851
-0.239288480729685
0.830796082459899
-0.632510692222129
-0.819601496394517
0.370837761461733
-0.123911883942967
-1.17876620043748
~
-0.171952249139947
-0.0979024033525973
-1.12715644061625
-0.619712562497936
-0.727860225016636
-1.06826686909295
-0.682417266453469
-0.518384473597253
-0.5057206512496
0.837990405408516
-0.42840201443639
-0.208591867552618
0.880336660024487
-0.679803341055551
-0.754585780709634
0.52070030004493
-0.250568766180439
-1.16439892072556
~
-0.435910671473289
-0.358733854141228
-1.16062714410918
-0.702181690258594
-0.681306477798939
-0.825173986073407
-0.687554772306771
-0.525837484730064
-0.237354869377732
0.821398290918965
-0.466196667612683
-0.123266624127397
0.771433640691422
-0.475637220955035
-0.933681985218545
0.723744216502199
-0.476345546529699
-1.12030805825558
~
-0.647695389939584
-0.587235488911273
-1.06846823919091
-0.683837775527812
-0.579062074326252
-0.749744921602133
-0.69094097356839
-0.536709848114104
-0.100840080388465
0.78118948339058
-0.499049511781947
-0.00610207755129807
0.856786102632876
-0.599510439152358
-0.805260667146293
0.892974775369832
-0.645814733175456
-0.965068824443203
~
-0.833303938140485
-0.713363834820835
-0.918027160362037
-0.850816655143763
-0.731713222420129
-0.743339947220008
-0.715408892167519
-0.590588442307148
0.041835076041029
0.775418881924312
-0.572108552031262
0.187865303328026
0.997080525774293
-0.773392282820541
-0.335746483269746
1.05233124604414
-0.773614735250308
-0.77213795018529
~
-0.914260578541886
-0.762581678107935
-0.821425992025877
-0.91329345625629
-0.793182912256727
-0.672016088743105
-0.709097782664822
-0.593591559363732
0.0504003993492737
0.755491088122622
-0.59251640199083
0.237143855600703
1.01775994048736
-0.847694506894071
-0.237005636507568
1.10033412469459
-0.810910128000816
-0.665354010727267
~
-0.924503263783604
-0.781389993579059
-0.81370534731318
-0.930955544130303
-0.925095904864371
-0.396689638917698
-0.704195094741678
-0.606166621324683
0.0598993106805535
0.769294069493115
-0.575459989056104
0.232496464953716
1.011831199957
-0.944131290657254
-0.171400310275814
1.11208571474938
-0.831064192549904
-0.657616942659039
~
-0.807981649803083
-0.766455043904724
-0.926164746966448
-0.779593581055941
-0.839474322311693
-0.527696336989474
-0.693679933793281
-0.621217825290702
0.0360817474852484
0.730425502355171
-0.607075324087548
0.178181006830235
0.976677693211722
-0.954774564999939
-0.247867165535704
1.0492843162465
-0.824728971416673
-0.792198056327596
~
-0.640238411144787
-0.700308050081686
-1.05785066182859
-0.659628845724255
-0.832249143193436
-0.622104803865653
-0.658228701587744
-0.602277570077365
-0.0578437075745419
0.699404748020742
-0.55062270089648
0.0358996417006711
0.837899372816578
-0.635075580692266
-0.762657151794003
0.880087418485574
-0.736767469262859
-1.03254284643059
~
-0.430349701558217
-0.48261597559551
-1.18638462618672
-0.586301331818383
-0.843458569155
-0.735190520449606
-0.650522874966012
-0.552343126203436
-0.169600669085256
0.699741511771995
-0.524937552317238
-0.102086449364724
0.672388271579647
-0.54441890486635
-0.909819544567406
0.630794261786457
-0.563424342261457
-1.23491202747742
~
-0.180360309558122
-0.182447516831917
-1.21570100957046
-0.562635848694065
-0.734547788037814
-1.00081590074669
-0.663133609954638
-0.523230423725477
-0.43889168129351
0.65721292570186
-0.494320608142834
-0.260366333426782
0.476613863927452
-0.390441754121124
-0.999033998703898
0.406962546816156
-0.368474761476872
-1.34188505883841
~
-0.421524181800964
-0.519566774092369
-1.01700727063192
-0.566545028036955
-0.701649253157483
-0.934860846823172
-0.724546784118337
-0.446942932594285
-0.407622133151726
0.636411929452959
-0.46771041855786
-0.321580088638953
0.51043337090956
-0.537676444424194
-1.07077960887431
0.302577167569317
-0.25709767038926
-1.35303503624743
~
----
@HowMany
-0.65315293086208
-0.374554474711952
-1.19223472530346
-0.689834112544789
-0.604560466597914
-0.917146442197898
-0.663737166242064
-0.588810613895668
-0.227819683643685
0.618226815811658
-0.535258261156759
-0.187288647583065
0.73066902463289
-0.582429479203482
-0.940383896750073
0.768149760906634
-0.598153236232385
-1.17961417876294
~
-0.77378920287286
-0.370087576525414
-1.20183448333395
-0.782897795873502
-0.622287986145901
-0.811207691220021
-0.682691219652484
-0.590928640658399
-0.224946845995243
0.615024814234759
-0.52703367029959
-0.176765993556257
0.768884739725886
-0.60954441397617
-0.861193616355042
0.820171385885721
-0.637047977883861
-1.07777657093912
~
-0.923074597437807
-0.400793950204435
-1.12317082245858
-0.87855103309332
-0.552220903593215
-0.895225307345361
-0.691412786101785
-0.605872565570749
-0.227164051909913
0.642794953937467
-0.520094401151831
-0.154385510494005
0.822035250188035
-0.603873709088798
-0.791977677201655
0.881782008148507
-0.631800128024622
-0.993132563983494
~
-1.02294801689842
-0.413981077222978
-1.07871427911664
-0.92391795985302
-0.561140077159601
-0.868204807443391
-0.702610267726105
-0.619081283635127
-0.214864807674833
0.66145086135599
-0.531725841809429
-0.127629491229317
0.873928591721089
-0.62407046727785
-0.69093852934086
0.944754495463998
-0.654852009100657
-0.867354846384639
~
-1.08851093816935
-0.489252350588866
-0.992139114758436
-0.976713558344484
-0.599933636566194
-0.800499862846816
-0.709164292380723
-0.634502296093048
-0.195627143034349
0.675008497805245
-0.547751046846359
-0.116657438145236
0.945704903210861
-0.642962125042643
-0.68223269152884
1.10473152746422
-0.502193405458737
-0.933381925278318
~
-1.14512961956061
-0.531386051997226
-0.985575789184148
-1.01602912042677
-0.636757178895329
-0.762373606850343
-0.713189954633066
-0.651115218162673
-0.177883940340646
0.66971764849513
-0.551332674609053
-0.0816808533731706
0.959760770417175
-0.738696431646759
-0.540119112439454
1.17535060595461
-0.56396176078146
-0.85558452822965
~
-1.21809261096132
-0.605091121780999
-0.939065030045624
-1.05218077248369
-0.681438757538768
-0.749267880753476
-0.715735462910888
-0.663518252696371
-0.170453188074725
0.661592983207037
-0.570319625507685
-0.0595667655795937
0.982449761956567
-0.758498677600691
-0.49346191072009
1.27928182156106
-0.639292244605561
-0.807477721730652
~
-1.22604711444628
-0.684100764172679
-0.893190188374336
-1.07459727404999
-0.739642029335672
-0.722784251697013
-0.715748824836719
-0.675554354009004
-0.165760874143749
0.659009847497534
-0.585120944277918
-0.0403191427914213
0.995271420592124
-0.804223848434254
-0.443650326500123
1.30017711203167
-0.694851306998344
-0.76625718998949
~
-1.25905123505377
-0.741331605011467
-0.917473832083425
-1.07448680728463
-0.774487521120358
-0.708446073116011
-0.714402571237069
-0.681291377117753
-0.164849886932346
0.653994300538419
-0.593112607227084
-0.0310900422210957
1.14895554260885
-0.743877635935982
-0.588626193425498
1.36636454488828
-0.788735705258436
-0.73292229714011
~
-1.17571142098164
-0.783651807543804
-0.90100334943083
-1.05117691538124
-0.79927121115897
-0.689827216930809
-0.711880667810791
-0.682205752323168
-0.16531809573109
0.651992378767261
-0.59718411151214
-0.0289469722979145
0.997009014277805
-0.855230331736097
-0.394453678853031
1.36655287814948
-0.802455019792358
-0.731003347959014
~
-1.17944494419876
-0.779019450103759
-0.96753368768979
-1.02618849136186
-0.803191031409964
-0.695635406107693
-0.700134494590594
-0.672113258847856
-0.160950971807791
0.649621714514829
-0.596751728974454
-0.0273587143258579
0.989430958068751
-0.837382132602687
-0.41083410867286
1.36658146888497
-0.798994021062205
-0.742069044673552
~
-1.17702966490102
-0.732832752494144
-1.03352917087289
-0.993144249184932
-0.772518932483706
-0.775384743389129
-0.692260920529192
-0.668627846560661
-0.167520689894106
0.646735706137328
-0.586931145960631
-0.0282622117903086
0.955260149789591
-0.804859954725774
-0.459767649859418
1.2929002701251
-0.730232729586701
-0.828235280591538
~
-1.05649871319455
-0.602839806194133
-1.17411812655115
-0.88474220831272
-0.704050482534499
-0.775881232183565
-0.670935550817958
-0.644149607416922
-0.186928615484671
0.645717308659187
-0.576691478197381
-0.0419463880128058
0.919749627206085
-0.767707355189201
-0.51590374314915
1.21664613948315
-0.661908206224363
-0.893074215934399
~
-0.988718882407788
-0.527117061982095
-1.22057909519744
-0.868672264974219
-0.6087050723298
-0.977272469061229
-0.663765543986229
-0.62431797998386
-0.241697921881054
0.64814026840762
-0.566609757179037
-0.0669427054621754
0.944908682294301
-0.647768876808696
-0.767107681443269
1.13486483827792
-0.580031259735858
-1.00118951651663
~
-0.805618786455442
-0.388882746393902
-1.27971600718705
-0.716990060661083
-0.519676478926227
-1.0076113081116
-0.642657115544956
-0.577134075012355
-0.247061134775538
0.693063860340208
-0.608418524016061
-0.154818024868346
0.886919389075471
-0.63452969647494
-0.831849270092896
0.977779727800824
-0.494639683699268
-1.09712312215016
~
-0.651957502860424
-0.313540422699339
-1.29790811425507
-0.65309726427827
-0.557171688111738
-0.982165554188032
-0.64088164336038
-0.565186103612901
-0.30953684612269
0.649643378643719
-0.605250089506212
-0.18966116494873
0.792267357764441
-0.548377361785894
-0.941822885118869
0.853416892194052
-0.412258849075295
-1.14550314566218
~
-0.491552442404921
-0.246119522122043
-1.34199709704504
-0.572366933774093
-0.509388249822771
-1.02811440934568
-0.602982038323803
-0.590107571557147
-0.361915158630936
0.60410816356324
-0.611372335827417
-0.205278357612603
0.724640715965552
-0.568270059121105
-0.912257847730338
0.726758978286132
-0.341219433709789
-1.23316822769159
~
-0.408101015544161
-0.231271393190175
-1.30006678705573
-0.524674952610288
-0.481115568497561
-1.07195027499366
-0.393852342901457
-0.440410508859363
-0.432076236048021
0.524021540646439
-0.63396580701482
-0.249701285611458
0.678156009140095
-0.669661452028933
-0.846053384740586
0.626758085175545
-0.258867017115677
-1.26167407333136
~
-0.332944158115047
-0.172648328168946
-1.38012556697432
-0.308881986784007
-0.234718821770521
-1.28230243215373
-0.344406978655014
-0.415983917802001
-0.484332463061266
0.657228911050053
-0.321950307837452
-0.483295703730826
0.57730293608772
-0.365832991723977
-1.19143837268982
0.537954545523895
-0.216681017098289
-1.33571441904995
~
-0.287969500664903
-0.181168466105147
-1.42056055109024
-0.230619441366508
-0.167451816398115
-1.30750865137647
-0.325838415162179
-0.409434877723652
-0.508165478622124
0.73180250202057
-0.503632890471211
-0.255036356388496
0.525706461263074
-0.348608778367518
-1.05510962155164
0.453110170635568
-0.191613615154747
-1.41765384864386
~
-0.18345637411838
-0.182874977546725
-1.36995667580921
-0.466139905929362
-0.560394035465735
-1.08432345524642
-0.847531555655109
-0.44100011673872
-0.327844648494123
0.701925966382651
-0.527245034459501
-0.275414189754314
0.488305544724961
-0.376427174001426
-1.09283042422558
0.388090440482141
-0.209257457599804
-1.43598865217658
~
-0.169153740205174
-0.174569274755908
-1.34304474633884
-0.440470928876562
-0.563539175733075
-1.08172639596141
-0.821289577476337
-0.458859123044804
-0.329539933043732
0.692836135198226
-0.519002507498256
-0.278496890501859
0.430627655445026
-0.336030013338753
-1.06733436237153
0.317525393460867
-0.226755538147223
-1.37488306426461
~
-0.109782998206869
-0.162238551592427
-1.27737657709064
-0.38531044927939
-0.551158704151463
-1.04359614886445
-0.761635345402053
-0.471880063336458
-0.330442796852956
0.67373645400455
-0.484675847739016
-0.266877243893268
0.29358673478844
-0.291771915384217
-0.954597551866111
0.0638605747993582
-0.295577096118404
-1.04763399960725
~
-0.143304169567948
-0.189583773638088
-1.32744733902149
-0.363244527911965
-0.289037495523155
-1.00933268634545
-0.791344686537413
-0.478141094457034
-0.323072368974488
0.400800893867957
-0.339729212939045
-0.506450313903398
0.0694775362164392
-0.245494396589604
-1.24764180147799
-0.244053472767852
-0.254543452771173
-1.37064988578236
~
-0.189690154819488
-0.234508644927591
-1.32917512359953
-0.47124657407671
-0.598464456178337
-1.09262639873248
-0.860480426794684
-0.595803410749181
-0.381180839645668
0.69574762482086
-0.538923192406629
-0.269605713492289
0.386514442990662
-0.371007331055277
-1.06734520708233
0.293639976827428
-0.28048204221182
-1.34869892638746
~
-0.259332124875034
-0.202255904442004
-1.38303326299295
-0.404355877738556
-0.473147622116989
-1.22312800667418
-0.625231538544706
-0.352608207112934
-0.598420610470911
0.693508484259909
-0.55456202319603
-0.300230637763577
0.438244028939435
-0.390852634941768
-1.1201089563717
0.335289631440238
-0.288146120994467
-1.38874932804985
~
-0.335633846353631
-0.259943844203577
-1.31984310379353
-0.508856668737875
-0.53820974852748
-1.01663112676182
-0.827661022738173
-0.487688346524193
-0.247830387931983
0.711796458274818
-0.519329093813161
-0.281342695781102
0.507885115951847
-0.375956887497726
-1.07831634342395
0.40109890126617
-0.255290981573317
-1.35529043999369
~
-0.42073179297876
-0.289709311800152
-1.30727338883392
-0.535331818047541
-0.55415370359559
-1.04013389590728
-0.599322336518928
-0.564332690626307
-0.243891534450328
0.753241767878202
-0.558960391879558
-0.343108815598966
0.628578479560393
-0.428426129701525
-1.14872374863387
0.522285861544274
-0.266421705961384
-1.32174332390163
~
-0.582081787995782
-0.377778223826721
-1.18964572474552
-0.625803381025604
-0.584369544075523
-0.974186637086034
-0.621465709781858
-0.598448263221585
-0.226983803279569
0.732224451943159
-0.541381074100169
-0.342502792815439
0.759249352941145
-0.568208713047075
-1.03781048017426
0.643046012514965
-0.296047990610615
-1.25583226493752
~
-0.761731131989696
-0.40105263173922
-1.19256293907358
-0.721011597613597
-0.54897694415282
-0.991197073409925
-0.647475572223355
-0.582318444455296
-0.205965897833667
0.651093847359012
-0.692889017767945
-0.174634004935052
0.788894458890078
-0.585785986117128
-0.932952873676911
0.833617447460419
-0.443929664915164
-1.13546135798069
~
-0.899534688046037
-0.464884861631657
-1.14843162798714
-0.829698521504446
-0.565778662396102
-0.960176033318673
-0.682287215968671
-0.607645066554809
-0.236095776802093
0.657383433749681
-0.635398901299821
-0.155219326092648
0.849863829969666
-0.61110346270731
-0.832168565123097
0.940265453971984
-0.515121266837153
-1.06560842690229
~
-1.00418581910695
-0.556186887311135
-1.1057301664886
-0.906584765098458
-0.641504616448214
-0.874560785941995
-0.682574255335892
-0.614118757790154
-0.198893325100507
0.692841373434208
-0.658394698881801
-0.131652400452155
0.914138226262349
-0.649700343129705
-0.781629442361644
1.05253979943972
-0.578129895655857
-0.993391987796902
~
-1.10058368443884
-0.631507071696038
-1.06946792098003
-0.964012598149569
-0.718353357269592
-0.804628576695455
-0.684669251941263
-0.620583336372306
-0.172798130645531
0.667175140830687
-0.573447684438254
-0.081345596709362
0.998052593719473
-0.733066542859015
-0.653116687341449
1.17576869445932
-0.662118316061727
-0.902989781889313
~
----
@airplane
0.313091008867595
-0.0732521837193455
-1.49509486856211
0.091991703826887
-0.259759700552672
-1.46375752890766
-0.538542410096441
-0.590045045143589
-0.860943881435932
0.670309824254769
-0.900990456673733
0.0955612411051432
0.796003541350346
-1.54954586460391
-0.0576618591563964
0.748463095554776
-1.82469392204395
-0.139426162476384
~
0.444618510978822
0.00126597946204855
-1.57662734937074
0.227297663377694
-0.189519668659754
-1.54542746837028
-0.297444409822006
-0.481200440057403
-0.971387949420907
0.66740120446367
-0.901668998350341
0.0998232815122178
0.799178501311597
-1.55251480265412
-0.0291443954676935
0.839203654248043
-1.81634831772109
-0.144863227545589
~
0.980190829141547
0.371269021692763
-1.63300004249058
0.642244143556479
0.206202487254794
-1.41008041307632
0.06450598150524
0.111782089401239
-0.738995076193697
0.682489324600528
-0.794786760886828
0.0908920922612743
0.777254641511094
-1.41419982978628
-0.0604245909500529
0.850431261011586
-1.66135891922599
-0.160229480190229
~
0.774345109820794
-0.217132708547212
-1.81762034550293
0.287460464747612
-0.285305472160738
-1.53308442094209
-0.232986730483506
-0.275733988828953
-0.982223873220314
0.712282043919772
-0.859334307054145
0.0420027368105642
0.834061605838699
-1.67198518232528
-0.329819360911007
0.889959026071333
-1.98613973948602
-0.530950749359569
~
-0.0523024522312152
-0.88793532861905
-1.5612356557966
-0.359778032580495
-0.790476509965924
-1.28367990846405
-0.593289392345938
-0.494409497117465
-0.730896189742294
0.65844200629973
-0.816896996260347
0.0149443215562329
0.748654375306388
-1.56278480842472
-0.336104013726904
0.786492731605248
-1.77197457898278
-0.488104801438997
~
-0.606920792976996
-1.23826559377094
-1.20083112325604
-0.626329104511301
-1.04533276727243
-1.03303116293766
-0.680227179921806
-0.621160999386786
-0.568291517972287
0.650009617110148
-0.794690633496375
-0.000890393771093503
0.730831380611735
-1.51722323954424
-0.326680006691882
0.765026118576103
-1.72179745268526
-0.477466852973158
~
-0.691356307861847
-1.33299370398623
-1.37475518443083
-0.742966971107141
-1.15806459958433
-0.994770167457586
-0.843413378480219
-0.632496401281098
-0.383473663742249
0.649427180145207
-0.769490399729634
-0.0142794211148806
0.716097140028464
-1.43952178788618
-0.318231145332188
0.746483588620507
-1.64880751317558
-0.455657186329023
~
-1.17141516350368
-1.18411376024831
-1.25231451368399
-1.09973069211748
-0.935208624412906
-0.798744874603776
-0.879663384885284
-0.544523560517001
-0.402945118245541
0.642097673547512
-0.758747625791811
-0.0218349006347772
0.702083129573196
-1.43345068998702
-0.313109635189491
0.739406089113149
-1.63282300619367
-0.458861168731056
~
-1.42082453428925
-1.01645333654235
-0.945279366546001
-1.38440720446086
-0.911043869653655
-0.536028713527669
-0.994162386576669
-0.535609339501936
-0.132093105127018
0.636796249780993
-0.742108313277899
-0.0340875390594673
0.687517427803389
-1.28460096935787
-0.227730183891578
0.716050636065593
-1.49192500080013
-0.357829660878018
~
-1.37498126184097
-1.03893977475682
-0.682690986124383
-1.37083450228123
-0.953063274858148
-0.548422306184834
-1.00138088492612
-0.527912184649571
-0.119684587739764
0.636912581738636
-0.739342104498906
-0.0405467875193633
0.686119676928548
-1.42204913745412
-0.337694892896068
0.733766567834701
-1.62342038679233
-0.469839790929373
~
-1.07298369287768
-1.30820355551298
-0.798464326589161
-1.12135989415489
-1.1830043415445
-0.677140543184521
-0.930701853290445
-0.582737492732129
-0.211975486000198
0.635649116393835
-0.740337118728678
-0.0468571467447187
0.683079774140169
-1.41775383412339
-0.335381942884177
0.731744012724469
-1.61441754679506
-0.472765376539577
~
-0.659051196421821
-1.23439148792181
-1.10279616397851
-0.673442570805702
-1.07911727385971
-0.914158819954897
-0.717877549229476
-0.595541119676168
-0.428228396635491
0.635719440316638
-0.744437909095666
-0.049791493479171
0.680336068518328
-1.41334062912145
-0.333739063188198
0.728268130523881
-1.60809183857078
-0.474009453714906
~
-0.689334725013159
-1.15162502268436
-1.05844050579541
-0.624470197279974
-1.02587320508941
-0.945096917400108
-0.730395416857426
-0.639558631684891
-0.409686156950331
0.633031655590549
-0.747496887588093
-0.0516566559010493
0.674100831671114
-1.41112465393674
-0.340242669407862
0.724664338768296
-1.6055619443269
-0.480956108294197
~
-0.353807686134358
-0.858594517126255
-1.3328588499843
-0.423128496877682
-0.768560632671481
-1.14599273199704
-0.631090821137367
-0.498458979307158
-0.550254584592391
0.630195227856829
-0.748552496959369
-0.0532604465948214
0.674253434430613
-1.29446138549794
-0.235056063996238
0.705004573142022
-1.48943607198731
-0.382208335331231
~
-0.119813613565323
-0.534411054581096
-1.48452459914996
-0.230874369508097
-0.484472974985996
-1.32072709436572
-0.564056637336416
-0.334658791283935
-0.793479577247317
0.641951333946229
-0.796642308838849
-0.0388493276797312
0.700013902220769
-1.44714210027564
-0.342192288441153
0.740680522376266
-1.63530038818224
-0.503585740308757
~
0.230390673587686
-0.0120702777071951
-1.57385592581019
0.0195105557919953
-0.0306694682266567
-1.2693595967047
-0.612551686103286
-0.151251613104015
-0.757811833373093
0.61139808731756
-0.80496443007423
-0.00282405901885463
0.686147849737381
-1.376801823591
-0.169182387714356
0.747234546604031
-1.5241700213634
-0.271863858867535
~
0.296127064957157
0.203200386384068
-1.02342181033322
0.345766860808203
0.215642498417142
-0.972666330165849
-0.13698683528654
-0.0687671102291529
-0.641946826472775
0.453684446683344
-0.558246663842219
0.197260770527918
0.551438530329479
-1.01118737975991
0.0875973913335913
0.600048201061251
-1.12845547355842
0.00588833575770799
~
0.730973767864151
0.511414180474415
-1.03043159610219
0.559011843679207
0.401844763625386
-0.959104293824624
0.0431260939289112
0.0731365586873744
-0.715433433429032
0.467945994254956
-0.5564566280471
0.219882444053003
0.580448804356479
-1.02995134252191
0.115947754736566
0.629959153950377
-1.14939229629462
0.0327250584517642
~
0.717469701430379
0.517061212288661
-1.01956441611056
0.555488329722408
0.411551050794432
-0.941517925318363
0.0695441918067287
0.0950205207282076
-0.677705758460318
0.459233174625084
-0.552264882079186
0.224594097425439
0.548420522562178
-1.16922483415738
0.0189828080870181
0.578149638066381
-1.37487815151678
-0.0396631470864378
~
0.687337403148379
0.404085753688537
-1.20513562873295
0.572919036465484
0.272109453785356
-1.22504250292267
-0.00777766340364618
0.0579478559321831
-0.783793516195892
0.520476766351375
-0.625287024291978
0.0895418263349672
0.604288167966185
-1.1560369569608
-0.0501890252430275
0.632225301837788
-1.33295363594598
-0.0854512841620617
~
0.331007232816435
-0.293416317035158
-1.50378968500244
0.0954886895230053
-0.380612943830055
-1.4485853157134
0.00477198851217756
0.0135550945822907
-0.897108262041716
0.636979114512382
-0.815526836588626
0.0439241224926447
0.737802260327636
-1.54065913741828
-0.286560704562204
0.77140997794817
-1.78236988557123
-0.384489851336
~
-0.196702663844563
-0.884713323774701
-1.37355704906633
-0.370188801654881
-0.82397388621448
-1.19725427875976
-0.587362388981804
-0.527072459378862
-0.68167240808436
0.637994044929277
-0.799458743253736
0.0219307640063033
0.727320536697074
-1.34740654073509
-0.203088973261023
0.766497577767548
-1.51840365753553
-0.271383573872243
~
-0.504760488204785
-1.30557321482005
-1.3709412351342
-0.600540369833508
-1.1453422761805
-1.0809789521238
-0.725692954340236
-0.63914107521459
-0.532514936838516
0.641200784801769
-0.782104174819216
0.00903712250100901
0.724843204260662
-1.48113280855644
-0.335786756079142
0.768110069257336
-1.68377389262415
-0.481610456039872
~
-1.0405377725406
-1.20583149193621
-0.980014042391506
-1.06216754503524
-1.08599359019839
-0.737139997368678
-0.870938224835215
-0.618142065516307
-0.352764392375636
0.640792730093823
-0.773008303481264
0.00223623865456439
0.715337901320088
-1.46295063903295
-0.332491039558856
0.759671448166387
-1.66279397781498
-0.477766238506317
~
-1.51985923645597
-1.03824663183007
-0.742850069052739
-1.35298530584964
-0.942309334587415
-0.461033979554483
-0.947262571939141
-0.569906835977697
-0.209014629861683
0.634700190551791
-0.760339963390362
-0.00547140485508101
0.701296154300021
-1.44909657700861
-0.323029653324707
0.74654097533579
-1.64280759608291
-0.471638145431928
~
-1.65266587643737
-0.852530151670268
-0.465849310688552
-1.47108934952292
-0.795852530512216
-0.309345118011589
-0.999104012069138
-0.516294827287617
-0.130950258590279
0.628079986097176
-0.751615555211922
-0.0148270583780594
0.693350446249773
-1.43871682315189
-0.31461012039695
0.740246703774253
-1.62929490672762
-0.463461387097455
~
-1.65956587363911
-0.828738766468824
-0.442760839634497
-1.51111487728085
-0.77015534487476
-0.277470703615847
-1.02581312073567
-0.477007993419565
-0.0861457948960507
0.624580594552523
-0.74976856401348
-0.0263151899229174
0.685335659978812
-1.42725293835694
-0.314626840431036
0.7331714690522
-1.61720931699213
-0.459962469849862
~
-1.56531518977351
-1.06563011720189
-0.653437570571235
-1.45367767759413
-0.926777569250781
-0.414399780943332
-1.02589750256353
-0.479451029370359
-0.102842937077979
0.624491041107996
-0.751237081582238
-0.0290231653965433
0.684130441177007
-1.4276723913143
-0.313621508619676
0.732145693274229
-1.61868996468205
-0.457128306275756
~
-1.14219023090578
-1.20895493201261
-0.713845328326854
-1.14645303086054
-1.07919728185409
-0.589116200731299
-0.939300736360864
-0.556612249372077
-0.237030201654589
0.6226192474972
-0.750547612514368
-0.0277809198783671
0.67520022709633
-1.42249955908856
-0.307720398225901
0.726614589460852
-1.61244240869842
-0.451274607000414
~
-0.685945814195274
-1.27895042376955
-1.26415461324522
-0.739965645193954
-1.12219860969875
-0.961519770745096
-0.817359332724304
-0.600701754818065
-0.380842616102152
0.616747050286896
-0.75435884620096
-0.0241708623815457
0.66880815347464
-1.38538518542576
-0.286713086741042
0.7149683869715
-1.57813591547659
-0.42853657345337
~
-0.573408558172271
-0.951060006905941
-1.19068169548238
-0.542240465080081
-0.867553378314346
-1.13494978364737
-0.675463833977713
-0.56815070074563
-0.556181451499731
0.613498580749912
-0.757030441689767
-0.0214702896673552
0.668111307444369
-1.35677329667928
-0.27126623006689
0.707977713094263
-1.55152487173164
-0.415361091772328
~
-0.100825125840176
-0.562053621864521
-1.52762970178684
-0.263055423294111
-0.534864056740891
-1.33905621850879
-0.538243712477342
-0.379092264592348
-0.692371144610077
0.617323572694553
-0.766499100635185
-0.0106692231418468
0.68442609182174
-1.40320543601934
-0.293956309041914
0.719594231197936
-1.59826227459711
-0.446710950225809
~
0.718247292590301
0.111755398891559
-1.77033112180406
0.151335627440717
-0.0823920392990203
-1.51017394821421
-0.490512207655245
-0.27515706432424
-0.996263351799416
0.621250790986714
-0.821231215879793
0.0175195427661517
0.706225661250756
-1.39975557656935
-0.185577181926124
0.761589327225696
-1.57441423624513
-0.252781181285923
~
----
@toAccept
-0.533286941340773
0.0421330283428822
-1.10795906817259
-0.503876782721022
-0.228275164216745
-1.10971767411129
-0.57179679047608
-0.493409595984963
-0.337006162069822
0.704547455244808
-0.666085342877352
-0.477661557135527
0.865007003963433
-1.1694228708128
-0.755249949795772
0.941687659861999
-1.30276791443798
-0.648936990580285
~
-0.575221833993202
-0.00420411971548927
-1.50142889662025
-0.512582371037067
-0.363125742492499
-1.49619354923053
-0.597576070915906
-0.72091162379838
-0.448283508859848
0.983847624225446
-0.80244057743622
-0.583030268328036
1.27491482809245
-1.48214604697978
-0.901248550744131
1.41523968139546
-1.62863600252326
-0.749551256465268
~
-0.587443235827771
-0.00778530983124052
-1.49847042655684
-0.507745740346241
-0.358672032693028
-1.48051713834609
-0.597662739421126
-0.720542960400161
-0.448176461598088
0.988637885525653
-0.801810506972902
-0.573804734922425
1.29161353104776
-1.47466352448889
-0.892370996094201
1.40613474915095
-1.66032182038519
-0.764403933910941
~
-0.539485576275551
-0.0104927608357525
-1.45068485300173
-0.496546793414398
-0.382538692137902
-1.47062319863294
-0.59717609961449
-0.719294066290624
-0.448276882847569
0.981594178550212
-0.805464785334465
-0.565624446329832
1.26577701975503
-1.47401529501376
-0.907970236986831
1.39120350509399
-1.66136868578441
-0.794889188803869
~
-0.57772607886817
-0.0228259191917141
-1.45436913866903
-0.571169978442392
-0.134282298369944
-1.36534475904771
-0.596054575177237
-0.711802941962013
-0.447298746897343
0.961969864450014
-0.792720149537603
-0.562945696032256
1.23050432003522
-1.4705393388759
-0.865236480593454
1.37085243757176
-1.61788609138841
-0.722496291936132
~
-0.595513575812189
-0.0282749088257938
-1.50717202461912
-0.599983055847058
-0.119402357409214
-1.44324660754213
-0.559169553248639
-0.715591802352717
-0.496484727762343
1.0085881216627
-0.802751876327155
-0.569430984299053
1.29042857773178
-1.49501620549476
-0.895249010226996
1.41970085879571
-1.67347018931245
-0.763927348598
~
-0.578173783348651
-0.0327560054728889
-1.50469383073272
-0.512827364651406
-0.390392514317203
-1.51535948944701
-0.560248150526636
-0.733471924853241
-0.493892332143751
1.01912926836429
-0.81148408398356
-0.563614195476574
1.29531466999888
-1.50792531596775
-0.905036552346842
1.42601939929036
-1.68474401800557
-0.768571562181203
~
-0.582295284886183
-0.0344023085124759
-1.50674360579094
-0.629411220685262
-0.898051061567823
-1.33595563470889
-0.562125374050269
-0.742107863822589
-0.483487679391175
1.00488576163667
-0.811731888300772
-0.577587370284422
1.28092246458781
-1.49165615452844
-0.952127574319661
1.40371432461611
-1.65638373294033
-0.795549646682442
~
-0.579351792861566
-0.0843463763380516
-1.51601988740593
-0.523067430818546
-0.412020994017569
-1.51423808363144
-0.562614445823729
-0.742182753585918
-0.472727405092312
0.992359404913131
-0.808593101565743
-0.590823958882046
1.2522531207349
-1.53611668057577
-0.840122936485673
1.44499264999233
-1.67250067698275
-0.73900910395229
~
-0.503839659018404
-0.0804294011377671
-1.46275038164105
-0.454595364205318
-0.403984677544181
-1.48290590174228
-0.561864862390878
-0.739495454052266
-0.467089325752181
0.998977008273908
-0.806013453166087
-0.579273473933314
1.23633473465957
-1.51244896890259
-0.902622390297829
1.39505332417766
-1.66394909461259
-0.771528384011042
~
-0.56880539923851
-0.0716677362585707
-1.53802234031958
-0.47102712482954
-0.404120254057179
-1.51599558318107
-0.561513721783721
-0.751310861816329
-0.472979918572744
1.00493635229679
-0.830197920462319
-0.59633761767336
1.20692516220049
-1.55974949999209
-0.935610429889991
1.39153427347062
-1.68177083597413
-0.797547434694417
~
-0.559692929360495
0.0283692673969318
-0.984790369595653
-0.479748130894821
-0.214124806974823
-0.968030753036076
-0.615954048325454
-0.484591078589369
-0.440433035592405
0.536769282100889
-0.601256857746418
-0.452615905892418
0.641754602035542
-1.08718308797919
-0.640441739049188
0.737911922159688
-1.19051163549156
-0.54994053138525
~
-0.53993757220292
0.0131997518432989
-1.23451729145331
-0.501995523029288
-0.31072774727646
-1.25758775548664
-0.718564929654615
-0.680506650040573
-0.58408400522442
0.773220962340595
-0.833167308432788
-0.57129478592999
0.592202721429017
-1.50966879226287
-0.784081944448294
0.531863299395188
-1.73516926448187
-0.840619654971751
~
-0.664480903132611
-0.036162950156085
-1.40667584200037
-0.560961753256891
-0.312347803554396
-1.37821180127306
-0.758390109948251
-0.743315150103402
-0.620085283267161
0.829161815958878
-0.896656766273526
-0.618437781379765
0.844253451908115
-1.58773852063408
-0.969972696985736
1.03324442216033
-1.68985834067692
-0.856018253872142
~
-0.737671934023496
-0.019241361969027
-1.48491072936766
-0.632912561729633
-0.50150935367721
-1.403511140613
-0.769897945223248
-0.764191552961505
-0.638003285234072
0.861860893556524
-0.906602589739086
-0.641372302356239
0.889981325957945
-1.63193403454201
-0.964472875968221
1.0884497406955
-1.73925557483261
-0.857126238352488
~
-0.718973962483121
-0.0416599033702349
-1.46141869113041
-0.668629272128309
-0.406634596035838
-1.44795942625147
-0.79950845999199
-0.762682687344399
-0.656449693520849
0.874990836049405
-0.925037537488665
-0.639319333514494
1.07531681117625
-1.63986403636731
-0.955398558841841
1.21599698102886
-1.8338836004729
-0.871329630071156
~
-0.817617558197526
-0.145746787842659
-1.6983353568245
-0.950025976838967
-0.982537935044075
-1.68000284903266
-0.871751596386048
-0.933150306645381
-0.73350928612371
0.993463393989313
-0.973512031975275
-0.694263470564223
1.2865291974425
-1.75442808596039
-1.07659498638228
1.41695235880698
-1.94684751814949
-0.905955278307597
~
-0.870357591169318
-0.198792687231567
-1.75718565970693
-0.96862412036449
-1.02797392890669
-1.63783208922956
-0.943805407123292
-1.01040291064709
-0.65426460346451
1.0283160670255
-0.998972714354339
-0.70764993354628
0.953000246785675
-2.03139065959815
-0.900676600876445
0.927894971514381
-2.37552997467941
-0.945912577272312
~
-0.889442676085903
-0.160750214114509
-1.77258038944726
-0.971152878472972
-1.04230337036483
-1.70894700539691
-0.946015580870823
-1.00661798829703
-0.71121583528915
1.05187158137756
-1.00164541947694
-0.712194888413956
1.20727733516195
-1.91543437056011
-0.930087795910515
1.25907926817657
-2.22003068758783
-0.983327430330433
~
-0.571504001853091
-0.0640491930647492
-1.25254228014323
-0.583470659216946
-0.657768567250677
-1.22296140868591
-0.760181009175346
-0.842397450537064
-0.539308993666738
0.865206836559227
-0.683750117451748
-0.490458424882698
1.09697067060549
-1.33307542883637
-0.561824309437595
1.31534363894072
-1.30617302936892
-0.592171824767055
~
-0.585925396210373
-0.0864220549302416
-1.27015446213302
-0.637285353738463
-0.659534586515781
-1.25799399814961
-0.607853987567834
-0.87945012933072
-0.555374648239059
0.872695863866548
-0.692738972924036
-0.485258021576885
1.07872351425708
-1.20646198259382
-0.950096258043105
1.18131401743158
-1.39447110886303
-0.735697355042722
~
-0.60154051472377
-0.0449667628289609
-1.27392049979625
-0.610180905772234
-0.71759476309634
-1.16718843419599
-0.698844820692912
-0.918660337630978
-0.457463307397074
0.888261864534872
-0.698636332194312
-0.477825226174051
0.803749115808798
-0.371461963156934
-1.27713047860801
0.775578193939496
-0.262403834517197
-1.52909976964793
~
-0.592093982353752
-0.0647115389846627
-1.17626648973451
-0.615555731240811
-0.688319784853085
-1.01103542924705
-0.59596411906724
-0.725105213968657
-0.273256982306834
0.815514257431584
-0.682790044014654
-0.44933084025306
0.819144491505882
-0.574895193418111
-1.13699361166077
0.820354568215306
-0.538930222173787
-1.35268886075879
~
-0.598148514737209
-0.0732968372276774
-1.21891647171487
-0.589127451244612
-0.664489568486902
-1.31392784910083
-0.674011142557811
-0.807475044840577
-0.604796482442827
0.860684340682777
-0.70985745754799
-0.462909693994987
0.762473690208233
-0.350713863863153
-1.20999525287429
0.729736806716718
-0.230999332634873
-1.44485843923108
~
-0.602052136191334
-0.0681459679586574
-1.25840604487087
-0.585707376396723
-0.754791948109423
-1.33796972744336
-0.66330073065634
-0.797088212736188
-0.602088191895674
0.880632654664732
-0.739173275602218
-0.486441116352442
0.791458896186402
-0.379410264158763
-1.24516281490908
0.8260844084227
-0.233776049107026
-1.25166722364884
~
-0.587695088571377
-0.0911833330758307
-1.18613762035311
-0.566803716955096
-0.692334494574253
-1.24576337779151
-0.666870580094945
-0.708775414895268
-0.573199027557664
0.791072452453018
-0.702974504376462
-0.461077907769886
0.798211048477263
-0.576440774934645
-1.12906090019564
0.756455617597737
-0.243535950834632
-1.18195552124013
~
-0.590268381075442
-0.110034802921188
-1.23547527433408
-0.600196484820959
-0.740804620798065
-1.04570170190874
-0.59008181938594
-0.781163791506746
-0.313361664541821
0.832534612484245
-0.729736851769492
-0.472789063895652
0.848576404896605
-0.600296074887225
-1.16625819858209
0.803679622467328
-0.252936839594635
-1.21819072433924
~
-0.590826299740435
-0.0474870846622444
-1.19535530444022
-0.606071446833
-0.698469351626631
-1.02813801712186
-0.566181915680806
-0.641547058533321
-0.306105446602285
0.82226095536562
-0.730833606021459
-0.437968739744582
0.822951904207505
-0.585268051041165
-1.12012038832686
0.783532035203284
-0.236968858067183
-1.18955421287461
~
-0.59533153715308
-0.0562179484784053
-1.14169235001012
-0.59472225946721
-0.636402420362041
-1.10797753060196
-0.703133577982858
-0.753522786594937
-0.460036643545687
0.773928906481969
-0.708832789397239
-0.419739977123658
0.769345308966752
-0.561361536373244
-1.07071222666794
0.752970815901032
-0.242886437064437
-1.14547597898061
~
-0.633725517619598
-0.0797181896871169
-1.20374383718625
-0.639196199717026
-0.65882763164376
-1.15613731438875
-0.718520266899417
-0.792963260027186
-0.47615920288222
0.817795954119153
-0.721851548531854
-0.441716259537856
0.827710698654204
-0.584105611921335
-1.12575834250271
0.806966774844464
-0.219092475868805
-1.17546777548764
~
-0.635262973081469
-0.0706896134822421
-1.19069035624176
-0.68672573798863
-0.60646957552523
-1.14483814442197
-0.73953201764233
-0.790514927973854
-0.473727484243968
0.822388581944268
-0.727607306842856
-0.425114441554738
0.830027995259236
-0.590647549525232
-1.11022403084637
0.800113904742439
-0.207759034636274
-1.16373839793232
~
-0.668736288046892
-0.0494153198682467
-1.15178727466233
-0.724135220141882
-0.63987171606037
-1.10739921935489
-0.79396204470874
-0.727736117254066
-0.437485709700314
0.627552663073328
-0.671183145998496
-0.236565335336601
0.811288282194687
-0.603096006199336
-0.984849995588692
0.797487902367289
-0.233892615558777
-1.14537394694496
~
-0.635429410340049
-0.0558770296899182
-1.10970448311996
-0.721398088567411
-0.628305335102025
-1.00642647658283
-0.72105837884476
-0.794560186953367
-0.365782984803497
0.645674901107052
-0.733529159502054
-0.239638402795185
0.794103797804844
-0.181725890838507
-0.900738526478925
0.789458025427629
-0.217377936380367
-1.11363146019695
~
----