@RockOn
-1.25222436333367
0.457930290409836
-0.705529386479792
-1.29894793578089
0.340672607162561
-0.568690632623731
-1.21499172303022
0.129932714737346
0.172336480304519
0.725076715023599
-0.774829496904859
-0.528145607186076
0.85857931780224
-1.15454493290815
-1.16150810274392
0.890781028793633
-1.15850171772474
-1.18667520331108
~
-1.2483315142295
0.458192987526994
-0.706156269649791
-1.29657408203923
0.339084622858055
-0.566740902966669
-1.21389883929835
0.129036032182713
0.171253552423419
0.723917888956697
-0.774901674949276
-0.52664378785945
0.856122329419527
-1.15337588726933
-1.15933906562347
0.888767013902963
-1.15723333372853
-1.18385936388564
~
-1.2485806364876
0.457165690611107
-0.704458065848556
-1.29523018096989
0.339210238262276
-0.568676801405978
-1.21460232097144
0.128380625354693
0.170698326205231
0.723293629899763
-0.774862175404973
-0.526577375611727
0.858968840331839
-1.14971344059499
-1.160206776641
0.888077898172378
-1.15700207573844
-1.18261662950904
~
-1.24878078688231
0.456379856501774
-0.702710664529443
-1.29433915958001
0.339629880635764
-0.569939929791485
-1.21521284447634
0.127675324036186
0.167593138242204
0.722492283994103
-0.774877102185479
-0.526007804807404
0.856915090235098
-1.1495052023876
-1.15940655050459
0.887197063940573
-1.15658113769557
-1.18116732472106
~
-1.24910952392924
0.455434963842701
-0.700918926515021
-1.29411676553536
0.339592649085275
-0.568828581017629
-1.21707660030222
0.126866389031991
0.166935634933365
0.734151882703592
-0.76443795878034
-0.533040952036545
0.851844686623029
-1.15718661862109
-1.15821258103227
0.887776021842046
-1.15685579036337
-1.1803479003309
~
-1.25121391257365
0.454773825314484
-0.699834425724935
-1.29534124168921
0.340709131277064
-0.56828602249562
-1.21659369404464
0.126774812992968
0.173811748658506
0.735874359194102
-0.766185318360515
-0.532989726579487
0.854101835956363
-1.15792358557504
-1.16014683901404
0.890370465446378
-1.15761618376187
-1.18132113695353
~
-1.24926041871481
0.457092125607583
-0.702488714131577
-1.29513025770209
0.340831734196732
-0.568395061752123
-1.21904391110751
0.126702057527339
0.169995674806136
0.73604754068053
-0.767097287635149
-0.531976787444121
0.853975090637324
-1.15786471830277
-1.15991725055673
0.890951713218991
-1.15800427817713
-1.18102657895805
~
-1.24970433759105
0.458195575928221
-0.702979491134039
-1.29621780842588
0.340200444562404
-0.566788276738061
-1.22062387787897
0.126227483398731
0.170902847547578
0.742535361107234
-0.76217405125805
-0.534883084548896
0.851068716567637
-1.16290488090443
-1.15848785438414
0.891611532161242
-1.15937189662487
-1.18114908123374
~
-1.24894041577555
0.458695369135722
-0.703898113676432
-1.2960453572787
0.339823881554704
-0.567167777919952
-1.22166444960521
0.12519429340637
0.171020482623359
0.741134765545692
-0.76336009498272
-0.534078460094753
0.850684667995301
-1.16310998627371
-1.15784763605889
0.891091422119541
-1.15958926003809
-1.18076485409439
~
-1.24856992481303
0.458502905518991
-0.70376154855699
-1.29569661399884
0.338980684473337
-0.566507857227206
-1.22169361338892
0.124597552223153
0.169976437221494
0.740076489746429
-0.764651976296207
-0.532876775146508
0.850576937013286
-1.16353811417535
-1.15674022775871
0.890999965782286
-1.1601780105309
-1.1804836828771
~
-1.24863625431201
0.459069013030467
-0.703464695660988
-1.29529498031674
0.339504955768339
-0.566899734346308
-1.22184327183186
0.124044719388596
0.170481019418961
0.738770825931428
-0.766154248208931
-0.531795698452813
0.850490718118042
-1.16390293203797
-1.15620030890826
0.890893287395878
-1.1608738608977
-1.18031048691814
~
-1.25087748864283
0.460683343242245
-0.704293190249473
-1.29680931427885
0.340953335172091
-0.568539053915067
-1.22444996484672
0.124067843160223
0.171660360274201
0.743467330867512
-0.762437746779449
-0.534428795360722
0.847872102011486
-1.16826246761046
-1.15555609700775
0.890966875843709
-1.1623540555028
-1.180847458996
~
-1.25221485796506
0.460956539894823
-0.703535053390053
-1.29761308540316
0.340619385800675
-0.566877187290685
-1.22593722144024
0.123732937700275
0.17247406759597
0.744888244456288
-0.760376323760377
-0.536010192332115
0.845566316952243
-1.1707563939132
-1.15459273714686
0.890154763461627
-1.1627019910651
-1.18037354444329
~
-1.25265733005967
0.460429666666747
-0.701787891254014
-1.29765826073458
0.340328195797566
-0.565523690467081
-1.22637233860638
0.123187067829031
0.173105906307425
0.743900556885104
-0.761191295414702
-0.534774950698531
0.844030540068736
-1.17076203635849
-1.15351712740574
0.889080370162795
-1.16263208543828
-1.17890361247506
~
-1.2520760941695
0.461018289729455
-0.701949568296289
-1.2966216882503
0.340288389695223
-0.565624994241462
-1.22580604592575
0.122730963980934
0.173573114139559
0.746573700244504
-0.758273826426829
-0.535746304330661
0.841555276139025
-1.17233369112573
-1.15145768437002
0.888410514222111
-1.16229490204174
-1.17783714483318
~
-1.25358329859778
0.460808657019199
-0.701444982113925
-1.29773942872757
0.339994500399485
-0.565085205396312
-1.22729858723523
0.122557497095104
0.174467690944605
0.744647342487789
-0.759837903293884
-0.535224095100165
0.841909649563455
-1.17347795435985
-1.15108321875116
0.887874258722316
-1.16311793281633
-1.17736291473809
~
-1.25486106635454
0.460971935250691
-0.701426239945175
-1.29879744282212
0.340289107110562
-0.565493389666996
-1.22878451108999
0.122412733274452
0.175334033741713
0.745438853842209
-0.758290614987497
-0.537032870484408
0.840802755774335
-1.17628924572302
-1.15029128005329
0.887551531150717
-1.16368949353005
-1.17740916960729
~
-1.25454473158705
0.460316250238352
-0.700738307526074
-1.29767668139158
0.340129185334141
-0.565776707435148
-1.2285758643701
0.121864588037827
0.17649354928917
0.742158833856899
-0.761191084728433
-0.535480977384186
0.890955508729465
-1.13069348817411
-1.17015042976852
0.923857511925096
-1.28671590889899
-1.33484686523373
~
-1.25435556611596
0.460122820733023
-0.70124982757354
-1.29742425054809
0.339872099725335
-0.565999764579613
-1.22865403826633
0.121562163894582
0.177205322655025
0.739851492583284
-0.763202584342447
-0.535113276311852
0.892534515858333
-1.13048691028827
-1.1703330754712
0.928213761405241
-1.28138559479715
-1.33923425509213
~
-1.25579638424247
0.459944993032274
-0.700191920288987
-1.29826455985576
0.33971891583466
-0.564755366080657
-1.23000516544364
0.121456436189176
0.178527520059951
0.738412922558366
-0.765303431001835
-0.535134588254035
0.89604058557291
-1.12947663576153
-1.17186549439436
0.935365309404303
-1.27407574551307
-1.34570810220182
~
-1.25875290645794
0.457631326416991
-0.696666772089522
-1.2990314219645
0.339983847199863
-0.562181147675666
-1.23092471464971
0.122290328351083
0.180681922439997
0.738656138089694
-0.762796115850022
-0.537269250364848
0.897295109776559
-1.12547521768542
-1.1741039546773
0.937910795040739
-1.26703365221423
-1.34996195761119
~
-1.26108087248762
0.457594609718815
-0.697215684510827
-1.3006958650385
0.339091368417345
-0.56253397744978
-1.23202898802615
0.121105742922447
0.182810046095844
0.738012554027923
-0.763693915671411
-0.538722232734145
0.902449532129612
-1.12421698543009
-1.17667181253133
0.947224133583631
-1.26120049593921
-1.35557939526363
~
-1.26165606950128
0.457710768318558
-0.697273282786737
-1.30065763376866
0.339060031344267
-0.562366587743754
-1.23280303220919
0.120460954769452
0.184163513842304
0.736806871068615
-0.76315715809785
-0.539891547662566
0.905579844549223
-1.11931188332864
-1.17895361887988
0.953273659889359
-1.25207997914044
-1.36017646304726
~
-1.26313162796822
0.457073879121797
-0.697023571645445
-1.30180631353644
0.337823930011057
-0.561021033979227
-1.23394393698889
0.120875404926409
0.18369038544986
0.737385587024207
-0.762243183030946
-0.541238655566697
0.90828463351016
-1.11619043660271
-1.18147920671101
0.957235158343113
-1.24723106516004
-1.36377946487869
~
-1.26328550876551
0.453655894892419
-0.693661779111943
-1.30149485493298
0.334715440727475
-0.558397895253333
-1.22449858372143
0.118458787308802
0.198879532161469
0.736280797043984
-0.762869682353058
-0.54034219405733
0.908909300862763
-1.11422708301017
-1.18094967337421
0.958482805552121
-1.24414506532726
-1.36367954199291
~
-1.26451160671843
0.451631114083944
-0.693107456813003
-1.30214597905135
0.333104703962988
-0.559456676981888
-1.22563662874715
0.11783814261595
0.198190999378591
0.742840396378564
-0.758862892892073
-0.544179520355505
0.911835005688763
-1.11609350476818
-1.18374938915529
0.961899665412516
-1.24534630197745
-1.36727657242372
~
-1.26739466556952
0.447421044014068
-0.690856070634164
-1.30356166801986
0.331520557829544
-0.561423893563523
-1.22976411794338
0.115752708326341
0.19209338960003
0.743794053387892
-0.7609901367135
-0.53975313522379
0.909274868014021
-1.11447334740511
-1.18274393428138
0.959704236951404
-1.24310220091225
-1.36668890461381
~
-1.26837244814888
0.444957736733553
-0.690310668609641
-1.30461286423073
0.329856675016044
-0.563051371777882
-1.21474161120034
0.114780011614416
0.233685344519769
0.74315507378253
-0.758643245862135
-0.543481056452787
0.908237844492026
-1.11599012837124
-1.18455662443429
0.958846410344636
-1.24426648975746
-1.36879985518652
~
-1.26861232912216
0.442393968942257
-0.689244725233427
-1.30435624252606
0.328361477749563
-0.563855599397697
-1.21731581946868
0.114386800187848
0.216938277358684
0.743232837993627
-0.757187376062381
-0.545758983043167
0.907635285890243
-1.11636224951616
-1.18590323643419
0.958351879949379
-1.2444170986822
-1.37027687070764
~
-1.26484411631221
0.444844088920507
-0.694849410540077
-1.30420433671537
0.327611413348088
-0.564141592630308
-1.22081180508991
0.113629196596109
0.207831094149509
0.743512445167949
-0.755408798157779
-0.548966552015173
0.906489138713012
-1.11770004083214
-1.18782490910223
0.957388488647824
-1.24545002859856
-1.37243823944294
~
-1.2605299767462
0.445020983780513
-0.696364177175844
-1.29915190814303
0.327914795179749
-0.568095207149767
-1.21961806111064
0.113415372492662
0.206198017176441
0.737119637307234
-0.763758226742037
-0.541480245353085
0.905167493863262
-1.11381620368884
-1.18520430843946
0.956178004023832
-1.2409237736088
-1.36991828944394
~
-1.26114427367329
0.445481670432156
-0.697471607854332
-1.30045446767398
0.327257802938719
-0.56740933450791
-1.22175276247467
0.113756946619882
0.202109859775286
0.734702176974817
-0.768217398462673
-0.537594419579147
0.903925077780987
-1.11251013172415
-1.1845507518333
0.955047075215763
-1.2392384548627
-1.36958806315941
~
-1.26139209041031
0.442994897688289
-0.694742679146765
-1.29986560147238
0.326473759843391
-0.566076922089616
-1.2220489373412
0.113706810337388
0.201724025434154
0.732541538674193
-0.770289961708563
-0.535286437541599
0.902020445560898
-1.11093427743862
-1.18332325067221
0.953291465744546
-1.23699999692919
-1.36849763207662
~
----