@RockOn
-1.22369757760837
-1.2233305637881
0.431586514969837
-1.17774240515237
-1.04018020043243
0.435223188605471
-0.908502543020433
-0.30548735457918
0.34753071391266
0.688123523000103
-0.679695797986127
-0.45046113007827
0.813400152389706
-1.09904711153742
-0.942461144887048
0.853829489911691
-1.20005001222441
-1.09684064294604
~
-1.22920506387546
-1.22349784161591
0.433526287719387
-1.18311513518171
-1.03986813904685
0.437175802414662
-0.911711763251693
-0.304194951214416
0.346331732965765
0.687436355632352
-0.683276953744537
-0.448631344949173
0.811243409996892
-1.10388543454589
-0.938133320876776
0.852688457105653
-1.20436761006444
-1.09319158479121
~
-1.21932077118417
-1.20168096406159
0.423080373192829
-1.17386650961749
-1.02062210124411
0.4266794816643
-0.906014283948583
-0.29536451394407
0.3364539270786
0.669305257028941
-0.666921925243978
-0.441647893627026
0.793524822158635
-1.08597641544135
-0.928583132083542
0.833868780726786
-1.18604326878401
-1.08096528997154
~
-1.22206841449233
-1.20362328865146
0.426140973021866
-1.17643352826967
-1.02187265809922
0.429755351822897
-0.907412332419513
-0.293955830476977
0.338392753197885
0.673677810587393
-0.667940878152539
-0.439231844517459
0.796467264112499
-1.08859315168556
-0.924674032658279
0.837908852084763
-1.1882900915144
-1.0778796392528
~
-1.21768615950265
-1.19293753359824
0.426579409006982
-1.17232373424223
-1.01229905311095
0.430172310542325
-0.896124053196854
-0.29504643006047
0.334404621390252
0.671645436212538
-0.666032468592312
-0.437117640437933
0.78887492605581
-1.07737855798953
-0.913112136000724
0.82999390316369
-1.17706307765876
-1.0650105230434
~
-1.21895410697685
-1.1934502713407
0.427019136828929
-1.17349048915333
-1.01242872112462
0.430620305118531
-0.898592686226419
-0.292583227925543
0.334500328810121
0.675063043288658
-0.667728639349126
-0.436691671340501
0.791155123939314
-1.07931485995468
-0.912775217004984
0.832117874265583
-1.17997208409732
-1.06456088166449
~
-1.22662519270529
-1.2016018054551
0.42944807774446
-1.18085166428507
-1.01936426480637
0.433073643579081
-0.904567408253371
-0.292816783054499
0.335302322461357
0.678574053292348
-0.671371919239454
-0.436318896197186
0.796453241827728
-1.08858213850735
-0.916763025534168
0.837930717856533
-1.18984476534302
-1.06955168953207
~
-1.23083902150933
-1.20646776189461
0.429846882823524
-1.18486109140937
-1.02343200057985
0.433488534982053
-0.907745045598799
-0.293468167946325
0.335395509611496
0.68151006289305
-0.673725997331851
-0.435947849535579
0.800457107477774
-1.09519827953728
-0.919540066643901
0.842365872900834
-1.19678805420053
-1.07300822918745
~
-1.23176020635853
-1.20615887124133
0.429213858222253
-1.18577584278831
-1.02310926346706
0.432855108580093
-0.908553541523957
-0.292997206225363
0.335068320337153
0.680735001619669
-0.674633653845838
-0.435410134738698
0.799486789377099
-1.09586676331671
-0.918164812587063
0.841515595547093
-1.19743592381646
-1.07163236937553
~
-1.23253601326081
-1.20657428841895
0.429204996246535
-1.18651505876603
-1.02338808831109
0.432849174163806
-0.909392651756813
-0.292465458707829
0.335403874121504
0.681168150209865
-0.675829313306286
-0.434812297086888
0.801471431796511
-1.09907158565655
-0.920230462426078
0.843102322089909
-1.20050196846982
-1.07407166442209
~
-1.23852553407548
-1.21296096950802
0.431270981308415
-1.1922491687033
-1.02876962939293
0.434934492594755
-0.912477585378003
-0.29422894746837
0.336733683950288
0.684507878192329
-0.678675524203498
-0.434676294747893
0.807779566033485
-1.10714793505696
-0.925624790304196
0.849150940761266
-1.2092967995537
-1.08033557889666
~
-1.24250062810662
-1.21470599286198
0.43284396442931
-1.19609658712028
-1.03001068731751
0.436517709422268
-0.914854662026612
-0.293724585145021
0.337653365025329
0.685448991978696
-0.680497472004885
-0.435001001467851
0.810153301307528
-1.11056895242518
-0.928443922429598
0.851384835295721
-1.2128159431049
-1.08376512212051
~
-1.2457223220138
-1.22161515969068
0.434778266003273
-1.1991620357514
-1.03630264605201
0.43846362345037
-0.910450198637666
-0.300535687652939
0.337488630104306
0.689483666424197
-0.681668695865056
-0.435204740393062
0.815651032305934
-1.1148951364689
-0.932162530485173
0.857053409134939
-1.21732113711059
-1.08810145479875
~
-1.24640976032896
-1.22146893329722
0.43497018272936
-1.19982392082277
-1.03606016448988
0.438657680609299
-0.913183097075337
-0.298795949533151
0.337513302144941
0.690119907810554
-0.681853559884704
-0.435178925713208
0.816724075397159
-1.11592226702147
-0.933342287660081
0.858208758235542
-1.21828659786072
-1.08942189329552
~
-1.25045874769146
-1.22048681343761
0.436631653220424
-1.20378409348993
-1.03473036019058
0.440325412987707
-0.917019375249779
-0.295977104944086
0.338271727563749
0.690111790299048
-0.683667687642658
-0.435344266042985
0.816724435759406
-1.11761903842847
-0.934168020578484
0.85823968088468
-1.2202229101453
-1.09052196881293
~
-1.25058837271416
-1.21684113583276
0.436258131355185
-1.20396729264904
-1.03130456856973
0.43994776044814
-0.918409303449541
-0.292921309462763
0.338463037988571
0.6882670009062
-0.684587678889957
-0.434479282099666
0.814959761633558
-1.11693747743585
-0.932806546406342
0.856185522842358
-1.2194899300328
-1.08899353979355
~
-1.25118119898244
-1.21594514863546
0.436092060578257
-1.20455872867763
-1.03040762975234
0.439781067028213
-0.919041983703853
-0.291860545845331
0.338638260731232
0.689891434036802
-0.694473134881561
-0.43906505173238
0.815191564680073
-1.11743149559698
-0.93289531048884
0.856316613897834
-1.21998419224766
-1.08911018750811
~
-1.25042144276413
-1.2135973660272
0.435151871481511
-1.20386477645999
-1.02832607619274
0.438834505809473
-0.918936921695775
-0.29062818197405
0.338151805140625
0.687668912163208
-0.692267837832379
-0.437515709656478
0.813950719848099
-1.11642504244232
-0.932508067143158
0.855018814838787
-1.21879781001213
-1.08852005993434
~
-1.25088586429718
-1.21274954318438
0.434872319165758
-1.20433341548328
-1.02749961503239
0.43855433443469
-0.919843943152651
-0.289616512736073
0.338042172996659
0.686829514208561
-0.692338259627826
-0.436565825047408
0.813823105402247
-1.11700409881072
-0.932149600301541
0.854853360595464
-1.21933050969418
-1.08817527375009
~
-1.25242498817591
-1.21413666530063
0.434238630860782
-1.20582997058756
-1.02872158936065
0.437923275737457
-0.92099550949348
-0.289989199081724
0.338111550287597
0.687292151292578
-0.693264935953824
-0.436634402721835
0.813600710614511
-1.11790376519782
-0.931119102562037
0.85550601917454
-1.22003743235575
-1.08724740609003
~
-1.25074656339172
-1.20950834633512
0.431345875459961
-1.20429001472276
-1.02464720014109
0.435018865655523
-0.920266853233686
-0.287958516996966
0.336022971596341
0.683773971368339
-0.689796238699105
-0.435153528717147
0.810062094354505
-1.11466846342041
-0.929765876600798
0.851804000932373
-1.21644658463638
-1.08547125577819
~
-1.25201435297006
-1.21124530244797
0.430433270740933
-1.20552741611972
-1.0262665933001
0.434108369306535
-0.921323807437543
-0.288889599624428
0.335823675492191
0.684203946955977
-0.691223826541837
-0.435399536555385
0.80962347937997
-1.11564059814912
-0.92846502393536
0.852047404095721
-1.217129459148
-1.08432353703036
~
-1.25198850376624
-1.21077869036901
0.430056677135165
-1.20551019698483
-1.02583690960943
0.433730366053658
-0.921261333823675
-0.288510802401457
0.335782855650049
0.683812691947162
-0.690851625344736
-0.434763011110492
0.809787324793503
-1.11601903523392
-0.928616119850555
0.852047892923328
-1.21750590674375
-1.08447394084833
~
-1.25432105635423
-1.21133767957122
0.430432881586739
-1.20778443967393
-1.02616592388904
0.434110919564945
-0.922636049464397
-0.28800257417515
0.336305287663983
0.683873868320089
-0.691770952599781
-0.434647668851226
0.810743721827645
-1.11806465865682
-0.930082747495407
0.852901993160247
-1.21963693863044
-1.08620289274548
~
-1.2545391383105
-1.21175680837879
0.429936549642419
-1.20801331207759
-1.0266302558696
0.433613032486438
-0.92282970156305
-0.288511171232221
0.33633822554899
0.683517531874499
-0.692149740420576
-0.434313462422902
0.810853968690878
-1.11886687868099
-0.930549488669764
0.852906976780875
-1.22046362150719
-1.0866252339089
~
-1.25231980902653
-1.20722000882703
0.427428901868592
-1.20594437959685
-1.0226940378454
0.431092804399384
-0.92159151117268
-0.286865150224551
0.334436973573526
0.679810694547284
-0.68898931543984
-0.433670681402749
0.80739432240731
-1.11511582479433
-0.929980377400524
0.849217553649874
-1.21647052459847
-1.08551824499156
~
-1.25122577549513
-1.20605752668378
0.426550034509808
-1.20488819170988
-1.0216846209902
0.430210683571095
-0.920600649319137
-0.286302698510289
0.334432957222506
0.67998812121167
-0.688251851043573
-0.4332378604863
0.808234931891254
-1.11448674748767
-0.930617530948507
0.849876578281826
-1.21565912615893
-1.08612987327129
~
-1.25244296173884
-1.20862096393435
0.426865590526434
-1.2060529386927
-1.02404035204533
0.430530144565875
-0.921499236085006
-0.287665719574435
0.334964384122485
0.681444434543438
-0.689518367258667
-0.433549362781941
0.810267280902343
-1.11673675166802
-0.932432356588058
0.852235738324167
-1.21743231393861
-1.08842750478229
~
-1.253773006631
-1.2101905571808
0.42766314362151
-1.20733896532715
-1.02543618950788
0.431331378751421
-0.922200577012699
-0.288408551879737
0.335635118233671
0.682111237584444
-0.691038509585557
-0.433357503082302
0.812393793952567
-1.11845242002874
-0.934648944321303
0.85380505757356
-1.2196108200867
-1.09071266232934
~
-1.25334357190875
-1.20930605983256
0.426889836943787
-1.20694493651603
-1.02469417528056
0.43055503721339
-0.921873927114576
-0.288133145329793
0.33532033537746
0.681169468075664
-0.687757093079753
-0.432137887890129
0.812592446823422
-1.11715237418904
-0.93608548003818
0.853846927927645
-1.21874133378843
-1.09173106471277
~
-1.24952570723359
-1.20389136371438
0.42712217369663
-1.20337476042145
-1.0202658213108
0.430768019519037
-0.919911620743045
-0.287506555365665
0.336134199321802
0.679953836309945
-0.696284441397024
-0.436437577785167
0.807198271124217
-1.11207189220543
-0.931178372584991
0.8484361353324
-1.21293732758231
-1.0860563020505
~
-1.24069065652931
-1.18785288269529
0.419599128727122
-1.19504314512065
-1.00623155916873
0.423204535294189
-0.915010249964435
-0.281221243626114
0.329770391510053
0.668407979206292
-0.675411329335959
-0.431659746137967
0.795537353044519
-1.09585568575995
-0.926592530273226
0.836830667751881
-1.19530916338322
-1.07984686699513
~
-1.23502440771201
-1.18187071024666
0.42563644993104
-1.18927653362209
-0.999852195166772
0.429249975839241
-0.909462126716892
-0.272844079243777
0.335648588557122
0.691607705227644
-0.715346391230044
-0.467675166458928
0.808639610136796
-1.09301659589404
-0.931789088551612
0.850929169146195
-1.19234390121914
-1.08535457254055
~
----