@a
-0.268750011920929
0.433333337306976
-0.0606578961014748
~
-0.268750011920929
0.433333337306976
-0.0606578961014748
~
-0.262499988079071
0.408333331346512
-0.0615789480507374
~
-0.262499988079071
0.408333331346512
-0.0615789480507374
~
-0.262499988079071
0.408333331346512
-0.0615789480507374
~
-0.262499988079071
0.408333331346512
-0.0615789480507374
~
-0.262499988079071
0.408333331346512
-0.0615789480507374
~
-0.268750011920929
0.416666656732559
-0.0609210543334484
~
-0.268750011920929
0.416666656732559
-0.0609210543334484
~
-0.268750011920929
0.416666656732559
-0.0609210543334484
~
-0.268750011920929
0.416666656732559
-0.0609210543334484
~
-0.268750011920929
0.416666656732559
-0.0609210543334484
~
-0.262499988079071
0.416666656732559
-0.0613157898187637
~
-0.262499988079071
0.416666656732559
-0.0613157898187637
~
-0.262499988079071
0.416666656732559
-0.0613157898187637
~
-0.262499988079071
0.416666656732559
-0.0613157898187637
~
-0.262499988079071
0.416666656732559
-0.0613157898187637
~
-0.262499988079071
0.425000011920929
-0.0606578961014748
~
-0.262499988079071
0.425000011920929
-0.0606578961014748
~
-0.262499988079071
0.425000011920929
-0.0606578961014748
~
-0.262499988079071
0.425000011920929
-0.0606578961014748
~
-0.262499988079071
0.425000011920929
-0.0606578961014748
~
-0.268750011920929
0.425000011920929
-0.0609210543334484
~
-0.268750011920929
0.425000011920929
-0.0609210543334484
~
-0.268750011920929
0.425000011920929
-0.0609210543334484
~
-0.268750011920929
0.425000011920929
-0.0609210543334484
~
-0.268750011920929
0.425000011920929
-0.0609210543334484
~
~
~
~
~
~
-0.262499988079071
0.433333337306976
-0.0606578961014748
~
-0.262499988079071
0.433333337306976
-0.0606578961014748
~
----
@b
~
~
~
~
~
~
~
-0.356249988079071
0.708333313465118
-0.0667105242609978
~
-0.356249988079071
0.708333313465118
-0.0667105242609978
~
-0.356249988079071
0.708333313465118
-0.0667105242609978
~
-0.356249988079071
0.708333313465118
-0.0667105242609978
~
-0.356249988079071
0.708333313465118
-0.0667105242609978
~
-0.356249988079071
0.708333313465118
-0.0667105242609978
~
-0.356249988079071
0.708333313465118
-0.0667105242609978
~
-0.356249988079071
0.708333313465118
-0.0667105242609978
~
-0.356249988079071
0.708333313465118
-0.0667105242609978
~
-0.356249988079071
0.708333313465118
-0.0667105242609978
~
~
~
~
~
~
-0.34375
0.708333313465118
-0.0669736862182617
~
-0.34375
0.708333313465118
-0.0669736862182617
~
-0.34375
0.708333313465118
-0.0669736862182617
~
-0.34375
0.708333313465118
-0.0669736862182617
~
-0.34375
0.708333313465118
-0.0669736862182617
~
-0.356249988079071
0.708333313465118
-0.0667105242609978
~
-0.356249988079071
0.708333313465118
-0.0667105242609978
~
-0.356249988079071
0.708333313465118
-0.0667105242609978
~
-0.356249988079071
0.708333313465118
-0.0667105242609978
~
-0.356249988079071
0.708333313465118
-0.0667105242609978
~
-0.356249988079071
0.708333313465118
-0.0669736862182617
~
-0.356249988079071
0.708333313465118
-0.0669736862182617
~
----
@c
-0.375
0.591666638851166
-0.0660526305437088
-0.3125
0.324999988079071
-0.0722368434071541
~
-0.375
0.591666638851166
-0.0660526305437088
-0.3125
0.324999988079071
-0.0722368434071541
~
-0.375
0.591666638851166
-0.0660526305437088
-0.3125
0.324999988079071
-0.0722368434071541
~
-0.375
0.591666638851166
-0.0660526305437088
-0.3125
0.324999988079071
-0.0722368434071541
~
-0.375
0.591666638851166
-0.0660526305437088
-0.3125
0.324999988079071
-0.0722368434071541
~
-0.381249994039536
0.591666638851166
-0.0656578913331032
-0.318749994039536
0.341666668653488
-0.0726315826177597
~
-0.381249994039536
0.591666638851166
-0.0656578913331032
-0.318749994039536
0.341666668653488
-0.0726315826177597
~
-0.381249994039536
0.591666638851166
-0.0656578913331032
-0.318749994039536
0.341666668653488
-0.0726315826177597
~
-0.381249994039536
0.591666638851166
-0.0656578913331032
-0.318749994039536
0.341666668653488
-0.0726315826177597
~
-0.381249994039536
0.591666638851166
-0.0656578913331032
-0.318749994039536
0.341666668653488
-0.0726315826177597
~
-0.368750005960464
0.591666638851166
-0.0667105242609978
-0.331250011920929
0.308333337306976
-0.0726315826177597
~
-0.368750005960464
0.591666638851166
-0.0667105242609978
-0.331250011920929
0.308333337306976
-0.0726315826177597
~
-0.368750005960464
0.591666638851166
-0.0667105242609978
-0.331250011920929
0.308333337306976
-0.0726315826177597
~
-0.368750005960464
0.591666638851166
-0.0667105242609978
-0.331250011920929
0.308333337306976
-0.0726315826177597
~
-0.368750005960464
0.591666638851166
-0.0667105242609978
-0.331250011920929
0.308333337306976
-0.0726315826177597
~
-0.356249988079071
0.591666638851166
-0.0672368407249451
-0.300000011920929
0.333333343267441
-0.0722368434071541
~
-0.356249988079071
0.591666638851166
-0.0672368407249451
-0.300000011920929
0.333333343267441
-0.0722368434071541
~
-0.356249988079071
0.591666638851166
-0.0672368407249451
-0.300000011920929
0.333333343267441
-0.0722368434071541
~
-0.356249988079071
0.591666638851166
-0.0672368407249451
-0.300000011920929
0.333333343267441
-0.0722368434071541
~
-0.356249988079071
0.591666638851166
-0.0672368407249451
-0.300000011920929
0.333333343267441
-0.0722368434071541
~
-0.362500011920929
0.591666638851166
-0.0660526305437088
-0.3125
0.341666668653488
-0.0732894763350487
~
-0.362500011920929
0.591666638851166
-0.0660526305437088
-0.3125
0.341666668653488
-0.0732894763350487
~
-0.362500011920929
0.591666638851166
-0.0660526305437088
-0.3125
0.341666668653488
-0.0732894763350487
~
-0.362500011920929
0.591666638851166
-0.0660526305437088
-0.3125
0.341666668653488
-0.0732894763350487
~
-0.362500011920929
0.591666638851166
-0.0660526305437088
-0.3125
0.341666668653488
-0.0732894763350487
~
-0.356249988079071
0.591666638851166
-0.0660526305437088
-0.300000011920929
0.333333343267441
-0.0718421041965485
~
-0.356249988079071
0.591666638851166
-0.0660526305437088
-0.300000011920929
0.333333343267441
-0.0718421041965485
~
-0.356249988079071
0.591666638851166
-0.0660526305437088
-0.300000011920929
0.333333343267441
-0.0718421041965485
~
-0.356249988079071
0.591666638851166
-0.0660526305437088
-0.300000011920929
0.333333343267441
-0.0718421041965485
~
-0.356249988079071
0.591666638851166
-0.0660526305437088
-0.300000011920929
0.333333343267441
-0.0718421041965485
~
-0.362500011920929
0.591666638851166
-0.0656578913331032
-0.300000011920929
0.324999988079071
-0.0718421041965485
~
-0.362500011920929
0.591666638851166
-0.0656578913331032
-0.300000011920929
0.324999988079071
-0.0718421041965485
~
-0.362500011920929
0.591666638851166
-0.0656578913331032
-0.300000011920929
0.324999988079071
-0.0718421041965485
~
-0.362500011920929
0.591666638851166
-0.0656578913331032
-0.300000011920929
0.324999988079071
-0.0718421041965485
~
----
@e
-0.368750005960464
0.691666662693024
0.0526315793395042
-0.256249994039536
0.591666638851166
0.0526315793395042
-0.512499988079071
0.533333361148834
0.0526315793395042
-0.4375
0.633333325386047
0.0526315793395042
~
-0.368750005960464
0.691666662693024
0.0526315793395042
-0.256249994039536
0.591666638851166
0.0526315793395042
-0.512499988079071
0.533333361148834
0.0526315793395042
-0.4375
0.633333325386047
0.0526315793395042
~
-0.368750005960464
0.691666662693024
0.0526315793395042
-0.256249994039536
0.591666638851166
0.0526315793395042
-0.512499988079071
0.533333361148834
0.0526315793395042
-0.4375
0.633333325386047
0.0526315793395042
~
-0.4375
0.691666662693024
0.0526315793395042
-0.368750005960464
0.675000011920929
0.0526315793395042
-0.243750005960464
0.600000023841858
0.0526315793395042
-0.5
0.508333325386047
0.0526315793395042
~
-0.4375
0.691666662693024
0.0526315793395042
-0.368750005960464
0.675000011920929
0.0526315793395042
-0.243750005960464
0.600000023841858
0.0526315793395042
-0.5
0.508333325386047
0.0526315793395042
~
-0.4375
0.691666662693024
0.0526315793395042
-0.368750005960464
0.675000011920929
0.0526315793395042
-0.243750005960464
0.600000023841858
0.0526315793395042
-0.5
0.508333325386047
0.0526315793395042
~
-0.4375
0.691666662693024
0.0526315793395042
-0.368750005960464
0.675000011920929
0.0526315793395042
-0.243750005960464
0.600000023841858
0.0526315793395042
-0.5
0.508333325386047
0.0526315793395042
~
-0.4375
0.691666662693024
0.0526315793395042
-0.368750005960464
0.675000011920929
0.0526315793395042
-0.243750005960464
0.600000023841858
0.0526315793395042
-0.5
0.508333325386047
0.0526315793395042
~
-0.443749994039536
0.691666662693024
0.0526315793395042
-0.368750005960464
0.683333337306976
0.0526315793395042
-0.256249994039536
0.600000023841858
0.0526315793395042
-0.512499988079071
0.533333361148834
0.0526315793395042
~
-0.443749994039536
0.691666662693024
0.0526315793395042
-0.368750005960464
0.683333337306976
0.0526315793395042
-0.256249994039536
0.600000023841858
0.0526315793395042
-0.512499988079071
0.533333361148834
0.0526315793395042
~
-0.443749994039536
0.691666662693024
0.0526315793395042
-0.368750005960464
0.683333337306976
0.0526315793395042
-0.256249994039536
0.600000023841858
0.0526315793395042
-0.512499988079071
0.533333361148834
0.0526315793395042
~
-0.443749994039536
0.691666662693024
0.0526315793395042
-0.368750005960464
0.683333337306976
0.0526315793395042
-0.256249994039536
0.600000023841858
0.0526315793395042
-0.512499988079071
0.533333361148834
0.0526315793395042
~
-0.443749994039536
0.691666662693024
0.0526315793395042
-0.368750005960464
0.683333337306976
0.0526315793395042
-0.256249994039536
0.600000023841858
0.0526315793395042
-0.512499988079071
0.533333361148834
0.0526315793395042
~
-0.443749994039536
0.691666662693024
0.0526315793395042
-0.362500011920929
0.666666686534882
0.0526315793395042
-0.262499988079071
0.583333313465118
0.0526315793395042
-0.506250023841858
0.524999976158142
0.0526315793395042
~
-0.443749994039536
0.691666662693024
0.0526315793395042
-0.362500011920929
0.666666686534882
0.0526315793395042
-0.262499988079071
0.583333313465118
0.0526315793395042
-0.506250023841858
0.524999976158142
0.0526315793395042
~
-0.443749994039536
0.691666662693024
0.0526315793395042
-0.362500011920929
0.666666686534882
0.0526315793395042
-0.262499988079071
0.583333313465118
0.0526315793395042
-0.506250023841858
0.524999976158142
0.0526315793395042
~
-0.443749994039536
0.691666662693024
0.0526315793395042
-0.362500011920929
0.666666686534882
0.0526315793395042
-0.262499988079071
0.583333313465118
0.0526315793395042
-0.506250023841858
0.524999976158142
0.0526315793395042
~
-0.443749994039536
0.691666662693024
0.0526315793395042
-0.362500011920929
0.666666686534882
0.0526315793395042
-0.262499988079071
0.583333313465118
0.0526315793395042
-0.506250023841858
0.524999976158142
0.0526315793395042
~
-0.362500011920929
0.699999988079071
0.0526315793395042
-0.262499988079071
0.600000023841858
0.0526315793395042
-0.512499988079071
0.533333361148834
0.0526315793395042
-0.449999988079071
0.658333361148834
0.0526315793395042
~
-0.362500011920929
0.699999988079071
0.0526315793395042
-0.262499988079071
0.600000023841858
0.0526315793395042
-0.512499988079071
0.533333361148834
0.0526315793395042
-0.449999988079071
0.658333361148834
0.0526315793395042
~
-0.362500011920929
0.699999988079071
0.0526315793395042
-0.262499988079071
0.600000023841858
0.0526315793395042
-0.512499988079071
0.533333361148834
0.0526315793395042
-0.449999988079071
0.658333361148834
0.0526315793395042
~
-0.362500011920929
0.699999988079071
0.0526315793395042
-0.262499988079071
0.600000023841858
0.0526315793395042
-0.512499988079071
0.533333361148834
0.0526315793395042
-0.449999988079071
0.658333361148834
0.0526315793395042
~
-0.362500011920929
0.699999988079071
0.0526315793395042
-0.262499988079071
0.600000023841858
0.0526315793395042
-0.512499988079071
0.533333361148834
0.0526315793395042
-0.449999988079071
0.658333361148834
0.0526315793395042
~
-0.443749994039536
0.691666662693024
0.0526315793395042
-0.368750005960464
0.683333337306976
0.0526315793395042
-0.256249994039536
0.608333349227905
0.0526315793395042
-0.506250023841858
0.524999976158142
0.0526315793395042
~
-0.443749994039536
0.691666662693024
0.0526315793395042
-0.368750005960464
0.683333337306976
0.0526315793395042
-0.256249994039536
0.608333349227905
0.0526315793395042
-0.506250023841858
0.524999976158142
0.0526315793395042
~
-0.443749994039536
0.691666662693024
0.0526315793395042
-0.368750005960464
0.683333337306976
0.0526315793395042
-0.256249994039536
0.608333349227905
0.0526315793395042
-0.506250023841858
0.524999976158142
0.0526315793395042
~
-0.443749994039536
0.691666662693024
0.0526315793395042
-0.368750005960464
0.683333337306976
0.0526315793395042
-0.256249994039536
0.608333349227905
0.0526315793395042
-0.506250023841858
0.524999976158142
0.0526315793395042
~
-0.443749994039536
0.691666662693024
0.0526315793395042
-0.368750005960464
0.683333337306976
0.0526315793395042
-0.256249994039536
0.608333349227905
0.0526315793395042
-0.506250023841858
0.524999976158142
0.0526315793395042
~
-0.443749994039536
0.691666662693024
0.0526315793395042
-0.368750005960464
0.683333337306976
0.0526315793395042
-0.25
0.608333349227905
0.0526315793395042
-0.506250023841858
0.524999976158142
0.0526315793395042
~
-0.443749994039536
0.691666662693024
0.0526315793395042
-0.368750005960464
0.683333337306976
0.0526315793395042
-0.25
0.608333349227905
0.0526315793395042
-0.506250023841858
0.524999976158142
0.0526315793395042
~
-0.443749994039536
0.691666662693024
0.0526315793395042
-0.368750005960464
0.683333337306976
0.0526315793395042
-0.25
0.608333349227905
0.0526315793395042
-0.506250023841858
0.524999976158142
0.0526315793395042
~
-0.443749994039536
0.691666662693024
0.0526315793395042
-0.368750005960464
0.683333337306976
0.0526315793395042
-0.25
0.608333349227905
0.0526315793395042
-0.506250023841858
0.524999976158142
0.0526315793395042
~
-0.443749994039536
0.691666662693024
0.0526315793395042
-0.368750005960464
0.683333337306976
0.0526315793395042
-0.25
0.608333349227905
0.0526315793395042
-0.506250023841858
0.524999976158142
0.0526315793395042
~
-0.443749994039536
0.691666662693024
0.0526315793395042
-0.368750005960464
0.691666662693024
0.0526315793395042
-0.256249994039536
0.600000023841858
0.0526315793395042
-0.5
0.516666650772095
0.0526315793395042
~
----
@f
-0.431250005960464
0.716666638851166
0.0526315793395042
-0.587499976158142
0.508333325386047
0.0526315793395042
-0.512499988079071
0.641666650772095
0.0526315793395042
~
-0.431250005960464
0.716666638851166
0.0526315793395042
-0.587499976158142
0.508333325386047
0.0526315793395042
-0.512499988079071
0.641666650772095
0.0526315793395042
~
-0.431250005960464
0.716666638851166
0.0526315793395042
-0.587499976158142
0.508333325386047
0.0526315793395042
-0.512499988079071
0.641666650772095
0.0526315793395042
~
-0.431250005960464
0.716666638851166
0.0526315793395042
-0.587499976158142
0.508333325386047
0.0526315793395042
-0.512499988079071
0.641666650772095
0.0526315793395042
~
-0.431250005960464
0.716666638851166
0.0526315793395042
-0.587499976158142
0.508333325386047
0.0526315793395042
-0.512499988079071
0.641666650772095
0.0526315793395042
~
-0.431250005960464
0.716666638851166
0.0526315793395042
-0.59375
0.516666650772095
0.0526315793395042
-0.512499988079071
0.649999976158142
0.0526315793395042
~
-0.431250005960464
0.716666638851166
0.0526315793395042
-0.59375
0.516666650772095
0.0526315793395042
-0.512499988079071
0.649999976158142
0.0526315793395042
~
-0.431250005960464
0.716666638851166
0.0526315793395042
-0.59375
0.516666650772095
0.0526315793395042
-0.512499988079071
0.649999976158142
0.0526315793395042
~
-0.431250005960464
0.716666638851166
0.0526315793395042
-0.59375
0.516666650772095
0.0526315793395042
-0.512499988079071
0.649999976158142
0.0526315793395042
~
-0.431250005960464
0.716666638851166
0.0526315793395042
-0.59375
0.516666650772095
0.0526315793395042
-0.512499988079071
0.649999976158142
0.0526315793395042
~
-0.4375
0.708333313465118
0.0526315793395042
-0.59375
0.533333361148834
0.0526315793395042
-0.512499988079071
0.658333361148834
0.0526315793395042
~
-0.4375
0.708333313465118
0.0526315793395042
-0.59375
0.533333361148834
0.0526315793395042
-0.512499988079071
0.658333361148834
0.0526315793395042
~
-0.4375
0.708333313465118
0.0526315793395042
-0.59375
0.533333361148834
0.0526315793395042
-0.512499988079071
0.658333361148834
0.0526315793395042
~
-0.4375
0.708333313465118
0.0526315793395042
-0.59375
0.533333361148834
0.0526315793395042
-0.512499988079071
0.658333361148834
0.0526315793395042
~
-0.4375
0.708333313465118
0.0526315793395042
-0.59375
0.533333361148834
0.0526315793395042
-0.512499988079071
0.658333361148834
0.0526315793395042
~
-0.431250005960464
0.716666638851166
0.0526315793395042
-0.587499976158142
0.516666650772095
0.0526315793395042
-0.512499988079071
0.658333361148834
0.0526315793395042
~
-0.431250005960464
0.716666638851166
0.0526315793395042
-0.587499976158142
0.516666650772095
0.0526315793395042
-0.512499988079071
0.658333361148834
0.0526315793395042
~
-0.431250005960464
0.716666638851166
0.0526315793395042
-0.587499976158142
0.516666650772095
0.0526315793395042
-0.512499988079071
0.658333361148834
0.0526315793395042
~
-0.431250005960464
0.716666638851166
0.0526315793395042
-0.587499976158142
0.516666650772095
0.0526315793395042
-0.512499988079071
0.658333361148834
0.0526315793395042
~
-0.431250005960464
0.716666638851166
0.0526315793395042
-0.587499976158142
0.516666650772095
0.0526315793395042
-0.512499988079071
0.658333361148834
0.0526315793395042
~
-0.425000011920929
0.725000023841858
0.0526315793395042
-0.59375
0.533333361148834
0.0526315793395042
-0.512499988079071
0.675000011920929
0.0526315793395042
~
-0.425000011920929
0.725000023841858
0.0526315793395042
-0.59375
0.533333361148834
0.0526315793395042
-0.512499988079071
0.675000011920929
0.0526315793395042
~
-0.425000011920929
0.725000023841858
0.0526315793395042
-0.59375
0.533333361148834
0.0526315793395042
-0.512499988079071
0.675000011920929
0.0526315793395042
~
-0.425000011920929
0.725000023841858
0.0526315793395042
-0.59375
0.533333361148834
0.0526315793395042
-0.512499988079071
0.675000011920929
0.0526315793395042
~
-0.425000011920929
0.725000023841858
0.0526315793395042
-0.59375
0.533333361148834
0.0526315793395042
-0.512499988079071
0.675000011920929
0.0526315793395042
~
-0.431250005960464
0.716666638851166
0.0526315793395042
-0.59375
0.541666686534882
0.0526315793395042
-0.512499988079071
0.649999976158142
0.0526315793395042
~
-0.431250005960464
0.716666638851166
0.0526315793395042
-0.59375
0.541666686534882
0.0526315793395042
-0.512499988079071
0.649999976158142
0.0526315793395042
~
-0.431250005960464
0.716666638851166
0.0526315793395042
-0.59375
0.541666686534882
0.0526315793395042
-0.512499988079071
0.649999976158142
0.0526315793395042
~
-0.431250005960464
0.716666638851166
0.0526315793395042
-0.59375
0.541666686534882
0.0526315793395042
-0.512499988079071
0.649999976158142
0.0526315793395042
~
-0.431250005960464
0.716666638851166
0.0526315793395042
-0.59375
0.541666686534882
0.0526315793395042
-0.512499988079071
0.649999976158142
0.0526315793395042
~
-0.425000011920929
0.716666638851166
0.0526315793395042
-0.587499976158142
0.533333361148834
0.0526315793395042
-0.512499988079071
0.649999976158142
0.0526315793395042
~
-0.425000011920929
0.716666638851166
0.0526315793395042
-0.587499976158142
0.533333361148834
0.0526315793395042
-0.512499988079071
0.649999976158142
0.0526315793395042
~
-0.425000011920929
0.716666638851166
0.0526315793395042
-0.587499976158142
0.533333361148834
0.0526315793395042
-0.512499988079071
0.649999976158142
0.0526315793395042
~
-0.425000011920929
0.716666638851166
0.0526315793395042
-0.587499976158142
0.533333361148834
0.0526315793395042
-0.512499988079071
0.649999976158142
0.0526315793395042
~
----