@welcome
-0.905489234005765
-1.5893797161123
-0.812240852134161
-0.714420573034831
-1.50752043973137
-0.901387574777423
-0.673719390313696
-0.869795493377453
-0.496554098787047
0.717652595455484
-0.89079475194613
-0.238368265426814
0.725529618493971
-1.50533111415159
-0.683382999139428
0.699248300728891
-1.72600009890217
-0.893743756863554
~
-0.826180304864028
-1.72929387348582
-1.20221324508251
-0.65464101126227
-1.52457202471849
-1.07243867775374
-0.762255033073531
-0.864605772588608
-0.307791824777487
0.733491339976837
-0.896062011155444
-0.242936250550332
0.609479486031165
-1.58564261269932
-1.00512431084866
0.616588956433504
-1.77738230792239
-1.12893225880793
~
-0.814449332053132
-1.29610714717651
-1.28974078480348
-0.814260529037031
-1.23178343031739
-1.2038551417351
-0.766015200503466
-0.836361280700061
-0.235182076442407
0.796364014897076
-0.792349432335313
-0.20772947221654
0.757650010252647
-1.19897277824289
-0.873853775267396
0.416694690963059
-1.33554772656909
-1.24546402631702
~
-0.744255010106647
-0.750730394776394
-1.36360808526932
-0.386956367818241
-0.906833111544078
-0.948288793438359
-0.729629751095176
-0.776051652522974
-0.203240113904651
0.825459786996841
-0.748517919264856
-0.23313114726537
0.507412807132268
-0.729968908313648
-1.0042816009581
0.311039770876403
-0.736909293362667
-1.14828893351466
~
-0.887768377829747
-0.317473965472836
-0.84156638928486
-0.955926072319061
-1.02603487188684
-0.831827978717552
-0.767106427196719
-0.69521044320556
-0.143776791535197
0.825256291616874
-0.769327282353111
-0.480049354366128
0.545484439320588
-0.344340151753573
-1.07259410798647
0.110674796594798
-0.180393576497767
-1.06086238378628
~
-0.831185641887466
0.0775927319868441
-0.561247319527004
-0.815950532708437
0.00943013655940224
-0.531186305954333
-0.70347284841734
-0.56545915526506
-0.229938604711935
0.58802827906296
-0.449366920595347
-0.565484924791063
0.240908616120194
-0.0098280009990406
-0.876090403668525
0.189272658197295
0.162298799223516
-0.801411432550707
~
-0.840724303907858
0.17530557878762
-0.334006885475
-0.784243774940828
0.0404927183253206
-0.357701643406908
-0.678261155042026
-0.56049333600226
-0.232069503787349
0.484794475234591
-0.378601312710813
-0.635273176474352
0.181122507620984
0.157689326932886
-0.650167342042519
0.0778636867464446
0.392692402878624
-0.666490476938035
~
-0.837214619193096
0.235833806462272
-0.198174245484113
-0.746737779315758
-0.00973402657705851
-0.260576722600181
-0.53936609179341
-0.647693193801752
-0.393600762625391
0.562717705573921
-0.460284320891896
-0.70871883329548
0.245990984970019
0.157185588077426
-0.587125933192224
0.137980665853236
0.403002411924173
-0.604200241492857
~
-0.824128454268404
0.196182704205351
-0.190736029823299
-0.733975431134277
-0.0580372307106655
-0.272781924135375
-0.539526491777135
-0.705215494792574
-0.418696307545807
0.592480715422899
-0.463079989529747
-0.71606787433697
0.264160125019296
0.124688891385285
-0.615554544580171
0.150974153490563
0.382284809762548
-0.633447145332814
~
-0.76989374679041
0.270736860255498
-0.126520349888786
-0.724632025774914
0.00940380180342758
-0.227865497221082
-0.633012465004138
-0.661078412080255
-0.243875234716933
0.564816082263551
-0.47525174412987
-0.7426822920392
0.26107515501384
0.122996480561852
-0.580265698258519
0.14708923022469
0.382413003469278
-0.598284767465836
~
-0.764751782707596
0.153846735043174
-0.072892916018366
-0.695195145924106
-0.090556046667562
-0.200603527090864
-0.523760795098651
-0.717289335956359
-0.382015454828457
0.533738770324929
-0.490342849976505
-0.766962062206713
0.254636879796384
0.118856623408824
-0.548185301403286
0.140462727535161
0.378701522390321
-0.566234151224472
~
-0.734986184304175
0.154499731081461
-0.0738170033921439
-0.681988278175979
-0.0977255834646797
-0.189349484944968
-0.516712044476262
-0.713262101703989
-0.370261300049545
0.512205606376011
-0.478407129598194
-0.772809911690723
0.250505746894325
0.129741924776744
-0.53517714969045
0.137115402814208
0.387802999570104
-0.553102149558885
~
-0.736027608145966
0.157349680057741
-0.0514524595353434
-0.671153004206412
-0.091911167863909
-0.164402080170885
-0.507519073214097
-0.706519116138226
-0.33846747809537
0.513940465494569
-0.468231315381292
-0.751969720534246
0.2534580675443
0.138639857849618
-0.515655700590693
0.140549868582671
0.395603669422058
-0.533504636906733
~
-0.713499620245766
0.220733002696047
-0.0980102440730824
-0.654866986855481
-0.0366555767610303
-0.200344192602671
-0.624998657811697
-0.70697043898571
-0.0861960303565996
0.538232538549377
-0.438883411376937
-0.744972438727211
0.266920925469259
0.142336165153232
-0.523110875931276
0.0216758171685961
0.197644874112207
-0.392900987995042
~
-0.722056167876262
0.203899544275593
-0.0620035150792376
-0.635782270734965
-0.0382251330829872
-0.17542614852161
-0.618861669059845
-0.704209833614698
-0.0714789129033712
0.54067014204051
-0.442865180579853
-0.72748044975214
0.249079925738197
0.162498069201288
-0.515507114500021
0.00313479800597315
0.209615333694155
-0.388137004989027
~
-0.586817549540302
-0.0271273391963571
-0.567277002896412
-0.559772985554518
-0.298673829726312
-0.630076012815641
-0.622203599710121
-0.696384973543397
-0.0585235374841673
0.549164802952589
-0.429067851770316
-0.723718790000444
0.146814913567727
0.182929095579211
-0.518357774979067
-0.0996548350502021
0.217035490864683
-0.389897586759293
~
-0.582034807270524
0.056183774036449
-0.253711227301087
-0.592632617857974
-0.0588051299224347
-0.277850075753477
-0.628398397077959
-0.742908984547293
-0.0817480887919383
0.583565436317194
-0.404314498650035
-0.687498081719746
0.0421211824164284
0.293505174414548
-0.564603636516232
-0.207491825023637
0.292296701661351
-0.437189397937699
~
-0.604130816804045
0.0298856865628972
-0.344148680050113
-0.595696919377786
-0.0554715457073791
-0.371891258348094
-0.654523707387002
-0.733209916079419
-0.0954631851546416
0.563644701160318
-0.357802247737159
-0.547086395756916
0.0728169086563965
0.0592408913810441
-0.656031746362146
-0.174882851924455
0.1466440565024
-0.58365431641637
~
-0.633937678538063
-0.0427636412534463
-0.569342916567585
-0.531469845575537
-0.14865134436125
-0.551472054713102
-0.707915459056048
-0.73556221799785
0.0363466722255439
0.613103748725325
-0.41563947714398
-0.506857204427856
-0.0431833988258568
0.100798820461987
-0.723257282179335
-0.362014913928904
0.334917931767156
-0.71527862400792
~
-0.597319122567936
-0.213136939898001
-0.818958470468829
-0.449847414735596
-0.40254596272182
-0.75529456436545
-0.69834553023742
-0.68787995860632
-0.074691624680471
0.713796355749714
-0.48625676851834
-0.5366741859818
0.000431758971235313
-0.0766722063291243
-0.949137041648369
-0.223301176207882
0.0989261746001775
-0.992580564371118
~
-0.533818447874627
-0.58428907198717
-1.15423841542489
-0.469768175352884
-0.651503391499418
-1.06322515256535
-0.859334705652725
-0.86747021703464
-0.137211470575455
0.378277886637392
-0.52382787903428
-0.635670682592639
-0.298320955872195
-0.395134607460166
-1.24913873972498
-0.586363808760537
-0.532455312199751
-1.18145113812604
~
-0.417238527781998
-0.695488133911143
-1.24537260934953
-0.404948672387852
-0.692100367069991
-1.11588928738081
-0.857348369541985
-0.88402166473916
-0.128207548709552
0.449412070375237
-0.587492164840823
-0.583520142256874
-0.0144054573656599
-0.685359831572812
-1.25559667770719
-0.452452705354228
-0.653509822612895
-1.23437474900108
~
-0.194712728624808
-0.930025836207966
-1.26814268642538
-0.174885352587358
-0.883984986511971
-1.02868992707409
-0.825564993520751
-0.867471970230944
-0.140068070581018
0.970464659121882
-0.633292571123093
-0.189438199774998
0.667963217042837
-0.867285377411581
-1.13211050198671
0.445065351702104
-0.779238955846295
-1.33305086200759
~
-0.0389274373937434
-1.12178767649446
-1.25093487217545
-0.181110440560181
-1.00866219311894
-1.03761025803815
-0.803597231491718
-0.831198600677085
-0.161160662387392
0.999728574889875
-0.638280151446456
-0.0782445334971007
0.729602538054935
-0.920841396021353
-1.10205039190892
0.556981242445366
-0.880461245814381
-1.26672222843557
~
-0.726651391551274
-1.51987307754935
-0.950305821719169
-0.761567950722851
-1.35435235885261
-0.780511218594412
-0.793623026119661
-0.80839455830297
-0.191042043495357
1.02566559516449
-0.69278806361707
0.0238398356281334
1.12245900862402
-1.32628662750495
-0.450694623891422
0.810802528368472
-1.06581516125473
-1.06602594411928
~
-0.71653725296373
-1.51232616502295
-0.941711482220755
-0.750833843826819
-1.34990506132406
-0.771806392063221
-0.791496949027243
-0.7926377459345
-0.204604897747487
1.013413166578
-0.7298355884999
0.0901247307237446
1.12360132385792
-1.3087526650198
-0.44224392064081
0.853777148201189
-1.15717481521546
-1.03193187882224
~
-0.704926526387984
-1.5041757277132
-0.943857964272121
-0.746100197945429
-1.3467291330181
-0.772959896226659
-0.786222845468199
-0.786128308710104
-0.216527046457396
0.998356288935316
-0.768097718393969
0.134968373751374
1.09888353736055
-1.31357427093807
-0.429464094928054
0.943317494445714
-1.21355507730448
-0.839646003125021
~
-0.704133508255656
-1.45625730478539
-0.97260007745243
-0.700496089095048
-1.37220275145881
-0.752662104654346
-0.781056104655208
-0.786064802040606
-0.233107286628809
0.972009054003749
-0.761847549023496
0.155369920202864
1.07902060566272
-1.34374463405031
-0.364176987434068
0.936418547068843
-1.21583290869625
-0.841851241784991
~
-0.724070288812227
-1.40197813772508
-0.980412881894278
-0.685109904267938
-1.35118397493662
-0.756324312958048
-0.784183302629043
-0.764632576505796
-0.253635506630165
0.935088786759523
-0.767805544321633
0.160051480568195
1.05470122648697
-1.34674433479929
-0.347401626590102
0.902297077758734
-1.19339961234809
-0.79362419205777
~
-0.696922344316289
-1.42843699901999
-0.986568916818643
-0.690285516116867
-1.34537043769835
-0.769154060294636
-0.781630125708703
-0.760772969270983
-0.263108635570459
0.924224869607477
-0.773591444974735
0.157480284462038
1.05834814403074
-1.35673478238584
-0.339858463504062
1.0827761134872
-1.46492009881291
-0.54458405690873
~
-0.667400951574915
-1.45487774595553
-0.987434486510789
-0.699214145251347
-1.34881086654091
-0.782712894794595
-0.777282538810493
-0.763982511007708
-0.274452736207896
0.918098406142053
-0.780285886444316
0.149170138690725
1.06980743801237
-1.37144047260253
-0.331986122824838
1.09906887994352
-1.48594195879624
-0.532501371547956
~
-0.660594450121179
-1.46234434464367
-0.996342450573315
-0.709804596296209
-1.35675557537392
-0.793721678073906
-0.786429759031174
-0.768541224029662
-0.283719708005586
0.90847408200833
-0.782629446838946
0.14080472472274
1.07990076377201
-1.38252067507481
-0.327035412008876
1.10428489992918
-1.49511417307961
-0.530392435744542
~
-0.64206061267068
-1.40469003390431
-0.969592905439409
-0.697596718235737
-1.31018412645967
-0.774416879036618
-0.769279672100595
-0.732824920227349
-0.303465641574476
0.848418318534849
-0.751057180759126
0.11436008968091
1.01809811588553
-1.32716964941746
-0.329755919859353
1.04026030622478
-1.43301608158703
-0.525752676304699
~
----
@cold
-0.923483085208046
-0.444297618117023
-1.15930474787373
-1.02375313016322
-0.912631625519244
-0.904695099392784
-0.710776584574916
-0.780542678055603
-0.241990061285039
0.719933071030055
-0.783020363419054
-0.0110078180415062
1.01314187122493
-0.65247439515382
-0.683631435560922
1.0331045561311
-0.331830245276539
-0.769864173001508
~
-0.98228027014261
-0.15904253662364
-0.927724274556729
-1.04242607122125
-0.624711118003262
-0.919079542646651
-0.740151708942632
-0.763471770976611
-0.247918186257944
0.741704812913112
-0.784233361896687
-0.0462338872273323
1.06988321849066
-0.495528369908154
-0.649684227375952
1.03569997434001
-0.0980393616095988
-0.570179251825901
~
-1.00562799171131
-0.0646542991983511
-0.801256772459909
-1.21963156460688
-0.397259495001364
-0.825604795964438
-0.698512330597291
-0.743423392434569
-0.4184633547874
0.769597627132349
-0.751880995406612
-0.0736048405807166
1.14442925279146
-0.428471267526289
-0.645086442801664
1.04451205201507
-0.0033630853372846
-0.434118226357927
~
-0.99398963126348
0.0407538596000978
-0.698203195473652
-1.11676464717226
-0.141733622683515
-0.663486358223621
-0.699011118228699
-0.668078789292551
-0.410105870337513
0.741879254243767
-0.711152661247038
-0.122038853588939
0.964495988800541
-0.0596844518349603
-0.313745561328735
0.986243381603742
0.0876260473516699
-0.352015583452206
~
-0.865877333426419
0.0885660010536714
-0.699242430558889
-0.882181432024375
-0.0503636584270789
-0.674794381884979
-0.731081662437542
-0.719827059187676
-0.416888042819381
0.768594014726598
-0.749362477654655
-0.163100944406718
0.964408234681663
-0.0716220940578454
-0.345312670398828
0.98061181829538
0.0804133171140834
-0.363536163969412
~
-0.595027268649805
0.135335041174843
-0.647691193370293
-0.597987529568452
0.104321559012466
-0.649649695386711
-0.6817256589035
-0.805788950080356
-0.464400522686736
0.736832470335854
-0.782240586101533
-0.144949828736603
0.769805368700822
-0.04580409235359
-0.337999720516135
0.749509994357561
0.177464522806661
-0.356699051898231
~
-0.576457611159253
0.0881074823508695
-0.65033247833131
-0.588455988459134
0.0575450895504864
-0.653861813393584
-0.69422450900243
-0.913964350129292
-0.434205794305013
0.783206689156788
-0.798554121743206
-0.130588835139887
0.710322125279064
-0.0438753290700768
-0.386817079747137
0.657607674259392
0.154917886314592
-0.380249226786951
~
-0.626450090735259
0.0618910329730141
-0.65015034999074
-0.634132106043104
-0.0165330409056731
-0.659226395879747
-0.734064884020206
-0.818999075053707
-0.37364520313863
0.789856284187165
-0.729048982159373
-0.0773277511847954
0.857059071019351
-0.014968767885117
-0.460895085828317
0.842313026450771
0.00712479922028157
-0.383041360740036
~
-0.778698587883926
0.141538338916914
-0.57864780166739
-0.776102113479821
0.168847712021544
-0.572354921726578
-0.757777236313342
-0.780923345583727
-0.340012230545354
0.731763099485069
-0.759615793249102
-0.148186200808022
0.815303358953136
-0.0515337180397014
-0.340798595564429
0.808947765789619
0.0895165570588115
-0.345266422735113
~
-0.597640125712266
0.220037461155272
-0.595616385604493
-0.648028331724637
-0.000170327856808778
-0.613669589991162
-0.776974906685467
-0.865016440357075
-0.307806696069432
0.791822205312731
-0.826470052775888
-0.127355170825965
0.83858494418205
-0.079701823723544
-0.34358741733475
0.832344170219453
0.0777215043156316
-0.340880236701532
~
-0.471266156979833
0.0875046719516975
-0.672940595162027
-0.659161021748975
-0.0145026723359091
-0.587885111264332
-0.792441325068099
-0.89299530951844
-0.278263136945086
0.785427621157617
-0.789850241080775
-0.137126866397707
0.736474376389409
-0.0426693920472192
-0.401477449610616
0.691047781484439
0.102898037090591
-0.375954143953054
~
-0.656400404765963
0.0402319879219568
-0.630513178464411
-0.687487180496935
-0.0460963359933856
-0.627092501964825
-0.814994111785016
-0.874231039967573
-0.263235346470961
0.784310249764428
-0.846128571978895
-0.147274569878962
0.859594783494817
-0.0924163750603204
-0.366259518491435
0.867710236606488
0.0525358365696567
-0.362221793122746
~
-0.834855805945252
0.072295424583114
-0.624383667562401
-0.881118450959708
-0.0945219918302484
-0.588952887742342
-0.802005194028099
-0.789864143731112
-0.298004652581565
0.75765066825203
-0.797562515757891
-0.174457970425106
0.899997748074247
-0.08242801612533
-0.355453430671111
0.908678558573338
0.0626532882310087
-0.361511910399805
~
-0.713368691795658
0.0857628788655534
-0.634991343552796
-0.777362783269957
-0.117124329443749
-0.617213847844978
-0.788684322038822
-0.816117015804504
-0.300245064277729
0.777226741945013
-0.815930215143948
-0.167582230267205
0.905525408084355
-0.0916127188932519
-0.358796493873035
0.902837748555065
0.0312220673342608
-0.363271890897034
~
-0.615782594949428
0.0171111076084364
-0.644606261347452
-0.605130209495232
-0.0249416905662618
-0.644127080000032
-0.676980703989782
-0.87308204431105
-0.439966266110968
0.769629343050316
-0.849572209453276
-0.134154700847001
0.833057635462687
-0.10402936622558
-0.366752645889478
0.808287064885853
0.0636428446938402
-0.365353996437107
~
-0.74139396645319
0.0841286439546487
-0.582840151229997
-0.754511440152655
-0.074882782306919
-0.55742167099036
-0.758282994954477
-0.823458048171645
-0.304900296550658
0.743099386690606
-0.839272461808861
-0.141288714401159
0.85729383661921
-0.105328011725389
-0.325446401654185
0.85252742687539
0.0450831603819395
-0.324143815081341
~
-0.701821492957538
0.0980432369084503
-0.521484262510739
-0.710476864655199
0.0137744146322608
-0.516887319002608
-0.734905440136949
-0.824359508912719
-0.293989620217303
0.722788444328205
-0.804446013477019
-0.141544980776195
0.854708281493319
-0.0902999655031641
-0.292428012192793
0.851394986693291
0.0226287210227377
-0.293380380791996
~
-0.666117158032452
0.253096907987845
-0.5135598367023
-0.671351285193921
0.0310063430978468
-0.533676440198706
-0.754623395740928
-0.815123601288987
-0.27785074158011
0.735842467304526
-0.81444664432127
-0.130861143611165
0.810963345661639
-0.0709575085811653
-0.302543725823778
0.806058760731524
0.0382114157045031
-0.294617381357312
~
-0.683678190160142
0.100850860028915
-0.573435414030304
-0.685524707800162
0.0802716524762017
-0.589367272793101
-0.760810717688056
-0.835966688069291
-0.293071490138785
0.744746659720674
-0.840513839721273
-0.147351966369938
0.850197403356856
-0.0970196683106101
-0.333600461685403
0.841905094644428
0.0209308930839643
-0.325541014975267
~
-0.79408080652547
0.0658176783230624
-0.690377272540702
-0.800521115536766
-0.10182754060609
-0.652619174191165
-0.766793792978312
-0.847991716903146
-0.302825947962254
0.749760740387575
-0.837665621273771
-0.162176980422524
0.895825846948443
-0.107143687645714
-0.363531494240451
0.892227543275779
0.0244852705373476
-0.360872804868569
~
-0.8468869682388
-0.109872573762437
-0.889010931128421
-0.843226021274923
-0.22439616696757
-0.839037247143493
-0.759262923161281
-0.751055380154006
-0.2426346699925
0.718508828762476
-0.843540281854789
-0.149424375395233
0.8992074551575
-0.189575342647087
-0.479920782138817
0.934745702894528
-0.060959078205085
-0.536070983299512
~
-0.875708443294921
-0.397188600100145
-1.15832968608178
-0.954673111215687
-0.877027772781269
-1.00703964301123
-0.746435779689516
-0.77125435583587
-0.25958785872912
0.711888076245827
-0.78401512956443
-0.0461606469833925
0.94631739410488
-0.636647119688793
-0.77767872605441
0.943345382692007
-0.401132014308358
-0.820025719059645
~
-0.871836101213535
-0.857776163901064
-1.44935635859516
-0.814660574937647
-0.863223852484759
-1.15872046479322
-0.683475536206604
-0.868845014828517
-0.381824527404145
0.722589290843778
-0.761826142786102
-0.026128254605329
0.90855631797338
-0.818329555900813
-1.05804080708249
0.913942786038976
-0.793314145935346
-1.1547323496132
~
-0.86772455495111
-1.44150919016389
-1.5464289529055
-0.690218175278254
-1.32182084221415
-0.914155412474845
-0.769884183570696
-0.873420387987154
-0.296783567438973
0.674217847812476
-0.683269509719229
-0.275933401934834
0.795202531764663
-1.16833638243406
-1.14707021106171
0.839950321505935
-1.40447142302174
-1.37151567596506
~
-0.466386878547836
-1.45760522449144
-1.16337877429052
-0.728319317957248
-1.50817009307786
-1.04128554414888
-0.774690370757594
-0.913724542110904
-0.446201890176207
0.683740195066827
-0.796339191381915
-0.264945631192483
0.721504522470485
-1.45313049690653
-0.867574057208291
0.769940394918172
-1.64386998071762
-1.08516190652884
~
-0.457131564870406
-1.46723709118932
-1.11600096525555
-0.717617211936202
-1.51752261016335
-0.994581797197236
-0.749265059094846
-0.929149373849941
-0.512623376044137
0.741285139230164
-0.860557949321412
-0.167441783768723
0.792117470726094
-1.56026052385712
-0.602404572776693
0.767328975881751
-1.79562976756491
-0.77302390577528
~
-0.753101655894327
-1.88844998904584
-0.907593286927275
-0.728747397853655
-1.62170243833657
-0.797227335013361
-0.668588180088044
-0.927232510490852
-0.541082067901336
0.728475799852605
-0.849616354962224
-0.182447895877525
0.694128936110958
-1.72143582352209
-0.68540485031422
0.732850670170389
-1.98229974192242
-0.837606641389551
~
-0.741739579762267
-1.93358765015686
-0.891199731353667
-0.710655049596104
-1.72808958470831
-0.751469301384093
-0.778698014082344
-0.910457734001992
-0.308979670016755
0.693070447402693
-0.841922551034232
-0.187948695289485
0.690573517078818
-1.72535402778554
-0.641931179847684
0.718246901673979
-1.97871628115296
-0.776199947729847
~
-0.790247945888223
-1.67771318861712
-0.708110915268895
-0.801104622248798
-1.44371114471509
-0.578281913657559
-0.690560321345978
-0.792581458600763
-0.405864509226102
0.630924755307419
-0.830751430807336
-0.168686073668593
0.611784825018613
-1.5548909733089
-0.55588440806628
0.63469547359884
-1.74521547838533
-0.658216267583218
~
-0.813361931214334
-1.83898121629532
-0.770480734181912
-0.825680034024707
-1.58435722946303
-0.643974121827725
-0.700898842501032
-0.899116150426542
-0.435232165364462
0.696963140243301
-0.920852707212653
-0.166291979143674
0.683293702676658
-1.708041936885
-0.579092710192943
0.710588436616703
-1.9140567745527
-0.686253797244876
~
-0.817227309210123
-1.85697032202819
-0.776551005829203
-0.827071623340993
-1.60136298967967
-0.653569685529165
-0.68857692944689
-0.919152837156548
-0.452530969094055
0.68790167250708
-0.902666274420751
-0.165823742727738
0.740084879021908
-1.55925551873092
-0.484308642356127
0.728860834317962
-1.81036570231738
-0.616119469621533
~
-0.821845600238732
-1.90131882079937
-0.805442746035723
-0.829858491168969
-1.64005817128871
-0.691406046754919
-0.674745519038535
-0.96186823838463
-0.475936653645403
0.684449261422668
-0.869368105740434
-0.160468890466373
0.718962646725268
-1.76361204050452
-0.577131982089141
0.726804991591301
-1.97591234037716
-0.697882937594894
~
-0.83637714184215
-1.89251156487338
-0.826067276128736
-0.843854016673255
-1.63246002117021
-0.710757919578525
-0.647388765160496
-0.96539388912586
-0.501256187691231
0.682044230442806
-0.854474405874373
-0.160118613425341
0.709089275183999
-1.74444693737294
-0.581584481369657
0.728376513181419
-1.98324586303506
-0.701323276974742
~
----
@hot
-0.767632196177616
-1.81394274997153
-0.897039810800678
-0.787599992565468
-1.56387137079056
-0.755381870245207
-0.636497447022388
-0.895696845606194
-0.538577979850814
0.6902695561119
-0.861871865685144
-0.136723668115661
0.677968714466927
-1.6715934078695
-0.624356787551735
0.673868433918603
-1.94150064845923
-0.772487922707965
~
-0.768167032151981
-1.815909895596
-0.89285021611844
-0.788651492315125
-1.56647804002935
-0.751478630017358
-0.631510675128291
-0.898825970162269
-0.545410875865273
0.68947159085339
-0.858894818302716
-0.135725972747976
0.67724033440603
-1.66811592262211
-0.623026592415598
0.673163258877618
-1.93785629072858
-0.771079171366754
~
-0.765453076636848
-1.85155004879406
-0.898341269825054
-0.786878581423929
-1.60151001240071
-0.756624173339378
-0.622146164339537
-0.931954663847924
-0.558159012265542
0.685024433658367
-0.834439393392003
-0.128788494888346
0.688517441285193
-1.68029464402328
-0.618009098062185
0.689681777160801
-1.96224645411828
-0.766662266062363
~
-0.773542811317569
-1.76310435873573
-0.848064529412682
-0.77437531039457
-1.56907488649223
-0.761761607744787
-0.648834557032789
-0.904427465856021
-0.521887260186177
0.685862693458599
-0.8427196805863
-0.131505484487055
0.676182339749869
-1.67974628465615
-0.630274270376577
0.672955555180292
-1.95875513278128
-0.782155148880179
~
-0.778843183494074
-1.77158685594026
-0.842104708561065
-0.781733190464565
-1.57620903448393
-0.758656324494714
-0.635364224715119
-0.908836963091472
-0.543828094585014
0.687697373571363
-0.845744368556507
-0.131300078689549
0.67708499858246
-1.68072394775146
-0.629751648657328
0.673547540252826
-1.95905053385573
-0.781523227016036
~
-0.783218154090202
-1.78495640656078
-0.839447046162449
-0.787527967018072
-1.58781718696596
-0.759572197171007
-0.625545432624252
-0.921534188298507
-0.552335431789967
0.68527249184775
-0.836494806975812
-0.12822010200228
0.681132254245506
-1.67746459474071
-0.621559217227459
0.679752165084386
-1.95778793701198
-0.771612613031617
~
-0.784947007334831
-1.76644477145437
-0.829452570763185
-0.79010789123559
-1.56993271951528
-0.750796238653838
-0.617614782273601
-0.907454517491055
-0.5554750593074
0.684036072718838
-0.841359304965657
-0.130383366559486
0.67926155354815
-1.67486886889432
-0.622136813267413
0.67767004715792
-1.95270544965832
-0.771734668318759
~
-0.788405879870425
-1.76506038920565
-0.827142315148616
-0.793564777823829
-1.568027744839
-0.750305945888446
-0.612811715933318
-0.907288134732117
-0.56062558947626
0.683692417115392
-0.84017683996638
-0.130108112090434
0.724717049307258
-1.46660977274285
-0.483970755256801
0.738391936605018
-1.67542069093218
-0.587619184718343
~
-0.74710144913172
-1.81705954370243
-0.915211226201471
-0.768848381439728
-1.56722354488944
-0.777038190372119
-0.612227224816991
-0.906059318391597
-0.562350605079056
0.683043057181711
-0.843732915410912
-0.130817751204754
0.734104117500002
-1.47127510625923
-0.481572515279279
0.751124461033805
-1.68045579691949
-0.58417658429025
~
-0.742653657258906
-1.82019789767655
-0.91629455399297
-0.764831611593869
-1.57049700957879
-0.779155909252188
-0.607099406306534
-0.911369027617794
-0.563952136895462
0.681404734781827
-0.837007441982755
-0.129592534123785
0.673183478936159
-1.66543940374209
-0.622095646361023
0.670443070206222
-1.94158335145406
-0.77197776850242
~
-0.789316833306173
-1.77674988342752
-0.813042741741545
-0.783143411640879
-1.57000859547465
-0.770005092206073
-0.602251740073692
-0.914758150826114
-0.562878336155604
0.684079919849197
-0.834776071378613
-0.127059966162315
0.678241928986901
-1.66715545422548
-0.619707414911593
0.676295932032803
-1.94461524850778
-0.769634928935986
~
-0.787829124195196
-1.74417736200325
-0.818074315960983
-0.783112511547645
-1.54170447745952
-0.763915103001792
-0.603336073505036
-0.89157285648799
-0.558508729829047
0.685647649153701
-0.844917329412004
-0.12553174251359
0.761842938100414
-1.45540099237537
-0.489040836706493
0.787241387373416
-1.65889554669649
-0.59602921977534
~
-0.798439923197389
-1.73614149686472
-0.82051681226887
-0.795226725976773
-1.53331924410012
-0.763152282448145
-0.613737279321812
-0.879328382262857
-0.558375535056301
0.771396233722721
-0.858482393711562
-0.0771517893700048
0.902856989598723
-1.39274746164265
-0.5490771479646
0.946677261296171
-1.57083587683602
-0.692124884168497
~
-0.796524885863377
-1.72391744764917
-0.819556766137868
-0.799760867495256
-1.52300408295058
-0.75834711875728
-0.612197417461503
-0.872029906507369
-0.558311486481191
0.816706637036541
-0.722154468662028
-0.0381050383864562
1.12640369084796
-1.18399035303839
-0.498497711079565
1.25810180375887
-1.33428818854448
-0.433771939627477
~
-0.801978020642498
-1.76825122247316
-0.842601035394256
-0.811024014535746
-1.56357218102518
-0.77695273036467
-0.614927403349495
-0.897525733764118
-0.572962470791754
0.886488414061508
-0.682172146090347
-0.0792337501703551
1.24695060604132
-0.855812326670874
-0.712571406504169
1.1847888584831
-0.811732101479825
-0.478269904928481
~
-0.719993638951791
-1.60322516308386
-0.842724403704343
-0.738875733420006
-1.41377754452374
-0.776566875611654
-0.661027947749578
-0.805283332854566
-0.471890419921469
0.985561238886932
-0.325562459241592
-0.43767579529571
1.18159517041942
-0.77868484846971
-0.92821061362165
1.32350289580323
-0.916292724639355
-0.967581519080556
~
-0.726768436284189
-1.45451077007001
-0.780777379869222
-0.744127535069422
-1.27444154250533
-0.719641316681292
-0.691274178310875
-0.704985001934939
-0.410325843967523
0.879965484239164
-0.175084403372182
-0.400821387827634
0.798049412329313
0.304126361380932
-0.84446699452809
0.770744037113913
0.463863257776388
-0.97941531151397
~
-0.770352980627159
-1.61975531925397
-0.831703562746645
-0.789653977923517
-1.42284876353635
-0.765584616901535
-0.681215082850907
-0.789614312146213
-0.468074493022945
0.976907656807942
-0.0308186501079536
-0.540078184298585
0.479552891101561
0.716792789466568
-0.535254168107469
0.313767969199433
0.965996632018384
-0.51951422395521
~
-0.787564213701721
-1.68064068392413
-0.857400866497421
-0.807955608289159
-1.47578056795981
-0.789085578191079
-0.70615877335712
-0.819126127366817
-0.470444416903026
0.930397771367341
0.0822438592996851
-0.578587773828736
0.503804203372154
0.738986186463773
-0.529102565096974
0.361606342284196
0.957900336234972
-0.497908023711909
~
-0.786623594292666
-1.6577561862855
-0.830510886463365
-0.807138020396373
-1.45433204170467
-0.763071746494508
-0.711103217694292
-0.803076838964961
-0.443382330572802
0.870654524163935
0.1475205265013
-0.569695439538171
0.486774955863564
0.736593774018096
-0.490561836081674
0.35881509976344
0.932951543402296
-0.449589496442548
~
-0.811176939717851
-1.70256290425019
-0.82180413334491
-0.832457873466386
-1.49450480072012
-0.753802980178031
-0.727103665305593
-0.82749330729751
-0.433823121525305
0.871903764869055
0.190907348964568
-0.576102914874927
0.467938479946624
0.794555984414033
-0.556107735957508
0.333283369484443
0.995772216881237
-0.534534016368563
~
-0.826948314709089
-1.71873383142709
-0.817119193094145
-0.848446997719172
-1.50928170625074
-0.748379820365543
-0.736713316749474
-0.837138059242903
-0.429067309523774
0.881308918185391
0.206654358733011
-0.576006948231661
0.492415427728674
0.80091356465696
-0.433718628315216
0.362784261642949
0.998999987432828
-0.371271041647421
~
-0.818332246076386
-1.68270786714051
-0.805489381400065
-0.839823056490838
-1.47495031131192
-0.736811991969154
-0.758717943936034
-0.812852396175543
-0.397287057286209
0.912394807085753
0.23178408232637
-0.539486455643864
0.506700188310087
0.816418622614945
-0.424630502197508
0.371468648718199
1.01129681303958
-0.371434378934874
~
-0.811322437388192
-1.68780021250576
-0.812221854572134
-0.829067107355803
-1.4798410088406
-0.744272972901379
-0.772138937146002
-0.828705921579551
-0.378291274663091
1.00555207882212
0.192684468799918
-0.452189335181577
0.544552301903175
0.810572175191512
-0.367005907680363
0.390885699281319
1.01653470272655
-0.323718761412765
~
-0.793386945202823
-1.65123373103
-0.796085077306101
-0.808871138708549
-1.44944683337833
-0.727746733903302
-0.746920991940214
-0.813005109114781
-0.378516161771944
1.0827854447767
0.120978514313593
-0.354324262913162
0.574369927678117
0.797233311225921
-0.323267688066982
0.404898088645256
1.02265153670497
-0.298420886107682
~
-0.786668798651651
-1.62157523477066
-0.772506656867498
-0.800501181603845
-1.42541441896585
-0.703277964436738
-0.726353984607335
-0.797995475928758
-0.379455643808266
1.12447713202105
0.055042523029945
-0.252282274345465
0.614717268863801
0.789595715059909
-0.268209218855729
0.444797314478052
1.03444673988112
-0.259372463975241
~
-0.800939592312611
-1.54086947355026
-0.713115694996816
-0.813833576184444
-1.35609466373898
-0.643353377187669
-0.697851406495417
-0.750568539817683
-0.377122850916452
1.09938643598243
0.03600251443146
-0.183271259616744
0.625195572254657
0.762326070147646
-0.215136387698251
0.46713194170953
1.00443393135558
-0.212325533596362
~
-0.741605016747142
-1.63720038532632
-0.808134961168125
-0.741589479526444
-1.41693203244092
-0.668875829919576
-0.684619434888249
-0.741483849514225
-0.392545381939775
1.09023900776371
0.0296479710649996
-0.14516675197434
0.626068287903227
0.759070502962245
-0.181639888629223
0.471344705562075
1.00221138314529
-0.180722866652366
~
-0.804656143112556
-1.558070162603
-0.7248682682797
-0.823145362443184
-1.33045826399084
-0.603681136900608
-0.686728528201164
-0.735043413021641
-0.395771716992976
1.08770754515883
0.0238931903317909
-0.12659280647191
0.63531924867946
0.752234437817232
-0.153834994922129
0.484523113930124
0.995014880587872
-0.149946271236937
~
-0.815573472744025
-1.54781625857203
-0.689111319135629
-0.807837062963065
-1.36590991626151
-0.626880570447818
-0.69945862884656
-0.769111006621091
-0.389259510362416
1.08993119254801
-0.0275342080980317
-0.122303342269372
0.657520952065117
0.719698902680959
-0.14763165723051
0.513384196193622
0.968776656015202
-0.143013209644188
~
-0.802205555356652
-1.53966937838953
-0.696883845339594
-0.793433139555359
-1.35824665911176
-0.636791005578391
-0.698429249208333
-0.767794296335907
-0.385536256209955
1.08328138131312
-0.0497845442988181
-0.123912261846339
0.663529233752618
0.698783722409693
-0.137924556738036
0.523611851232449
0.948306522947127
-0.12960628105893
~
-0.803900561869339
-1.55255423089238
-0.696527537980884
-0.798978653771539
-1.37318585720103
-0.631681428388598
-0.673410966236763
-0.776334034391923
-0.424164234701012
1.07361371042605
-0.0879639324500799
-0.130965610753311
0.676881044359724
0.669896762814344
-0.134555903411624
0.544636822337615
0.922517008021987
-0.122799201673192
~
-0.805585409317194
-1.57248569636453
-0.703145435981045
-0.80029215217745
-1.39066525473558
-0.639358441884502
-0.655507929344081
-0.786010412620558
-0.451468526310752
1.05083488177382
-0.179989947022638
-0.137460722201198
0.708185830085733
0.613574104890269
-0.147059759099604
0.593969479523038
0.878095450997527
-0.137172372717094
~
----
@father
-0.856456081131332
-1.98127992300257
-0.858500051656255
-0.888651818021745
-1.70009232935224
-0.713281827870217
-0.749067433374
-0.981121296202364
-0.451763578749154
0.86903238872582
-0.929037389965124
-0.0424899309872023
0.978544045174596
-1.74970066628017
-0.388164440732641
0.973705558655378
-2.01451222376326
-0.564354244024525
~
-0.853878778182808
-1.97893098876541
-0.861471410915595
-0.883592230901312
-1.69789640141996
-0.716312010835174
-0.751271997346984
-0.97978873288784
-0.45094540570694
0.86782802033139
-0.922997707092344
-0.043147279991675
0.979735311686169
-1.742921752076
-0.404265495749783
0.973652638933903
-2.0038519579458
-0.585409129669493
~
-0.838724574991847
-1.97814254968121
-0.870421989714712
-0.867529427726191
-1.69583455247646
-0.72923287624002
-0.736758705581558
-0.979699694403926
-0.46291048059922
0.866463052588529
-0.916469662333202
-0.0462390452567899
0.981170086984275
-1.70980931522355
-0.437289740645194
0.981207387996506
-1.96695497868685
-0.62259515752313
~
-0.825392309172986
-1.98448989125876
-0.889538264022793
-0.85517108017908
-1.7028207839302
-0.75045073793867
-0.723980306470742
-0.965412664125957
-0.476713613269171
0.861436442598533
-0.916606207556241
-0.0486790018383262
0.998980365382963
-1.67663488970913
-0.516100525875151
1.0983262956038
-1.89984049814671
-0.886395559525426
~
-0.814383427462922
-1.9738209310377
-0.902520831729943
-0.847152207195004
-1.696012894685
-0.759356966335427
-0.720608471705052
-0.955541682241663
-0.478467004043098
0.864929718752569
-0.921024883858755
0.0135945567050753
1.03223782083498
-1.54173426407812
-0.42691318739559
1.11368703705245
-1.6038204214038
-1.10781305127358
~
-0.80406856945627
-1.91387187596176
-0.897661029324807
-0.835826204646321
-1.6420173244196
-0.756356460097625
-0.705970178019739
-0.917360470687721
-0.485214454713891
0.818564090094743
-0.786293009360558
0.0861490348522375
1.03795009412661
-1.42264506405665
-0.264628170263457
1.0412287890945
-0.991411292406355
-1.00175783510004
~
-0.807315100505133
-2.02826706116057
-0.940288437863404
-0.839219739157114
-1.74548772170179
-0.794539047592135
-0.706533934665844
-1.00176369882254
-0.512982067416451
0.859181184659104
-0.794425605813832
0.0973454513251891
1.11952975572718
-1.02116031316166
-0.635234812126684
1.07874206069273
-0.484880485124474
-1.22068177831559
~
-0.800751367329228
-1.98002861586436
-0.931324027891532
-0.829758205456278
-1.7011307676448
-0.78904705466533
-0.720563299775586
-0.960916617125929
-0.48594048784159
0.830582564523312
-0.703544558667302
0.0762368783500038
1.10008324807468
-0.755401061667758
-0.673312789528109
0.966971287748499
0.0454384216610705
-0.967402513894237
~
-0.772573323691162
-1.68084334649049
-0.850498787787461
-0.798030938927257
-1.43319334772555
-0.723424668488286
-0.707223565428796
-0.772335039834127
-0.444953912847828
0.745948073872483
-0.609481859047744
-0.136503646734766
0.890689150916239
-0.247789197268187
-0.723979474166413
0.701233345151765
0.336255547480905
-0.708513362100042
~
-0.784468978574708
-1.72286126204878
-0.882311867933834
-0.811143834119576
-1.47238926739665
-0.747674412852521
-0.718856282352554
-0.789295681950044
-0.458295545901065
0.770617232537137
-0.566815468497882
-0.208788681055824
0.815038323133483
-0.0212586062964097
-0.663526865369626
0.58534530971537
0.460405320520863
-0.564747467326283
~
-0.805530753749608
-1.80262245889211
-0.92973098265963
-0.833429970768125
-1.54395783745862
-0.786756486475835
-0.733428659573298
-0.826786914947859
-0.480817573160624
0.929053143328511
-0.657800871374818
-0.446629878308725
0.713872212154434
0.0209537536183526
-0.501588466382827
0.608944805069825
0.298653262385411
-0.502434199714593
~
-0.783737242933105
-1.95567936995876
-0.997562841006477
-0.812758738961698
-1.69310206827265
-0.848697755253906
-0.707719856482871
-0.960171726905953
-0.530423775193572
0.924678372287339
-0.326753220020221
-0.526361293921814
0.759456321589937
-1.02953084199397
-0.481999531835888
0.704382304690803
-1.26379007110783
-0.452125377544619
~
-0.802069247231835
-1.86392973260534
-0.972232734850741
-0.831724667537018
-1.60589412792053
-0.821988661490301
-0.727217653816443
-0.884982747256528
-0.505130579421502
0.899073028937301
-0.270337619895772
-0.513660312128117
0.70307417255633
-0.958015397876273
-0.475377551154916
0.637741231209984
-1.18724135621171
-0.447687679639098
~
-0.796880723442023
-1.6344539307263
-0.882107504076414
-0.823438688420547
-1.39599012702393
-0.742512164006519
-0.725530883722882
-0.731308031881083
-0.449789920004362
0.793234270605348
-0.178662934608514
-0.462965081436448
0.588519910066718
-0.811957665236428
-0.526638565721789
0.52028179986038
-1.02305591376567
-0.534051927757153
~
-0.803024522593412
-1.65829002609635
-0.892568882725344
-0.82953022950721
-1.41785141729089
-0.751156391716138
-0.731528516910333
-0.748040354156644
-0.454327359986637
0.81692302734336
-0.210787435558316
-0.445434645881549
0.571494210496738
-0.638857564722793
-0.943625223367159
0.489684604881198
-0.781547632943322
-1.09574864050446
~
-0.820264247538643
-1.75201068250995
-0.926220410073632
-0.847634494648552
-1.50123695792053
-0.779178872262729
-0.757199747305263
-0.806538546169372
-0.463825532586302
0.865979222588962
-0.211920506715361
-0.437102516561993
0.847477501460782
-0.67096931151575
-1.00929004024235
0.841310240106144
-0.823985590271836
-1.18549322788783
~
-0.832549544026432
-1.83223692202897
-0.954529292357564
-0.859997258436883
-1.57248637233327
-0.803101821312528
-0.767460742805894
-0.85794197090604
-0.476906356095203
0.923118782903557
-0.241700629304601
-0.446939093238309
0.877255179444172
-0.622685097002163
-1.1060863881477
0.861967333315265
-0.749679930413461
-1.31078338245092
~
-0.830914562782792
-1.813006402738
-0.945436690421237
-0.856493896952915
-1.55562405965425
-0.795653517656315
-0.767837450011146
-0.848211234493576
-0.471640243814509
0.897445983673996
-0.232141461634417
-0.427248439674531
0.961008615698897
-0.448107939854084
-1.15241695580153
0.982196181179899
-0.520096765927307
-1.37927226778461
~
-0.846930646320714
-1.95737607442192
-0.967259911819371
-0.872625187941645
-1.6893672440761
-0.810892500619754
-0.777447737883549
-0.95265413235852
-0.478798297169411
0.965928394065034
-0.291473500797324
-0.476652623041876
0.774901393871866
-0.683723043280876
-1.12910773011631
0.711225715957036
-0.81447289636728
-1.33110601251651
~
-0.818306405882994
-1.77465669549989
-0.926060608590558
-0.841683128420999
-1.523405874716
-0.779856298436075
-0.757767363804044
-0.831717259685073
-0.46793721052884
0.860707933607759
-0.205504385121833
-0.460155549878594
0.726493834564558
-0.423283986687547
-1.15462778298653
0.681755791074717
-0.495877192447172
-1.37161297422033
~
-0.828983540692204
-1.73563583197773
-0.902824344563432
-0.851909413643058
-1.48137406610607
-0.75584622458543
-0.77327649022948
-0.787035674129916
-0.443654474529938
0.89136913785068
-0.151605946351048
-0.477451092076525
0.186813428116184
-0.171197577442256
-0.569789218029433
-0.0480384751286487
-0.177728115848591
-0.585916137755471
~
-0.835163967320532
-1.81862031353344
-0.942125817078644
-0.85820414777011
-1.55662597278321
-0.791499577531036
-0.780732052157414
-0.842493288886456
-0.468726190022216
0.90583673593536
-0.181749710849257
-0.465566929864515
0.629375702387686
-0.246528980367277
-1.1799116834433
0.699592062295173
-0.367796086387963
-1.35469289820212
~
-0.815553195657201
-1.73853229620529
-0.908007070885566
-0.837666164650491
-1.48823081607576
-0.764297446859871
-0.762458187969467
-0.80714172590674
-0.455863444741677
0.861813230074116
-0.173842516051351
-0.466775345184915
0.359371853161851
-0.241180846653038
-0.984230161755584
0.440356438484559
-0.36735407828083
-1.13686924700938
~
-0.819602098639143
-1.78989616369257
-0.928101691163894
-0.842062916865122
-1.53469394630755
-0.781886118732396
-0.763949971398673
-0.84164366667366
-0.467851331044824
0.887693520593104
-0.196280452015478
-0.47038464895591
0.493921044937711
-0.251215553908122
-1.09949404936001
0.581100258907552
-0.383006430810423
-1.24971608873481
~
-0.833536977987747
-1.92643221114826
-0.95849432808876
-0.856559778094816
-1.65880052746507
-0.805660592568404
-0.775849793449876
-0.935687152964395
-0.477099606490179
0.941975046554157
-0.253648197904325
-0.460025185124439
0.75048121200344
-0.309556647016492
-1.2199339163539
0.840867128376676
-0.446893617017028
-1.37852173667025
~
-0.826941492501002
-1.93315462505873
-0.942674763959147
-0.850117160191644
-1.66712900371189
-0.791475472544689
-0.773851667889347
-0.945581774931646
-0.461877175350175
0.945738299805392
-0.269135964198209
-0.462929779085484
0.47669437840856
-0.364640640179269
-1.06765393176746
0.565048081526606
-0.501949874285864
-1.22508683826581
~
-0.817141565029759
-2.06133921865644
-0.977853840255766
-0.844382113840937
-1.78642576769113
-0.821001549351719
-0.762260365449661
-1.03893819484635
-0.480263110691794
1.01636666609201
-0.343244073747102
-0.469909753666182
0.536609365335844
-0.480787850844963
-1.09284467649825
0.631857730506716
-0.624581800410441
-1.25217508007554
~
-0.781702145242655
-1.96208874005803
-1.01430721769988
-0.808383946777972
-1.69586044298367
-0.862394887329599
-0.723398342059718
-0.970030258957172
-0.534602495022934
1.00081079813046
-0.301877393612005
-0.516294838918027
0.443022375929262
-0.570427068221791
-0.963486948757692
0.537439992086377
-0.707817213009894
-1.11817057046831
~
-0.778699082674664
-1.95282985371546
-1.0098931672234
-0.805012127732245
-1.68762136277435
-0.858994451515491
-0.720523125997442
-0.967627530889713
-0.532828635930842
1.0060702381987
-0.304967536869409
-0.503550619886768
0.50392330365921
-0.646370588217427
-0.962106224430807
0.603471877846701
-0.78805396013778
-1.10791183723684
~
-0.766025773284517
-1.90846939478143
-0.991986136776266
-0.791762102561653
-1.65000550675234
-0.845268471141712
-0.710304554774672
-0.951117426200375
-0.527946841673179
0.973807898919301
-0.32524182392781
-0.459524039100072
0.911321188558575
-0.426785797614742
-1.20919743647691
0.890492285104999
-0.460633794200352
-1.44425686616476
~
-0.768393777363635
-1.63495754297431
-0.889260297228521
-0.791186070569486
-1.39669040720581
-0.754702709850183
-0.714621050152495
-0.750512863073023
-0.464145931356294
0.848088390002705
-0.223360361954557
-0.374692806189962
0.81731554049923
-0.717821439397244
-0.848958733430128
0.886120189718554
-0.978056534874718
-0.903181059448277
~
-0.777063780982297
-1.86511314684266
-0.97968938815446
-0.80172430525983
-1.60599696885528
-0.83363559038402
-0.707962502911807
-0.909791026778094
-0.534068575885779
0.930212083109591
-0.265312107064623
-0.415592818895847
0.959676260760136
-0.969039321300773
-0.585254736366053
0.995659392939951
-1.26530175456252
-0.581400548926561
~
-0.772679922893049
-1.74333128305643
-0.934100906420203
-0.796855550392057
-1.49312271699808
-0.792393942094946
-0.705561022196637
-0.816906702041797
-0.507838925865467
0.905466903166801
-0.459696216495885
-0.568536131798193
0.676339799584835
-0.990112090994145
-0.231253868032365
0.702556591316535
-1.25132553790979
-0.111462797354354
~
----
@mother
-0.666271767809838
-1.78716272755158
-0.873460239796547
-0.830982011078188
-1.67094302066227
-0.774481831918895
-0.741593629001709
-1.01403224318095
-0.424619070663158
0.882359193340043
-0.700286532504359
-0.268321936773032
0.845742677334875
-1.12977525942513
-0.902385527990071
0.921286526817372
-1.33203005810844
-0.964186014931273
~
-0.659278229526875
-1.71701188452461
-0.851623939967625
-0.822583409446651
-1.60178332129665
-0.753490540984391
-0.754298046876572
-0.955223223904563
-0.391398417605148
0.880191425126901
-0.573856403029056
-0.378257710246767
0.456750784709951
-0.853149727466449
-0.939032671207324
0.4581969589518
-1.02482397566737
-1.08081482564854
~
-0.607348792607156
-1.81332614737094
-0.887628876303569
-0.769820271810929
-1.69868590545272
-0.789996716685843
-0.740567513305277
-1.06185116540032
-0.411199940085882
0.861264432828116
-0.569414791601203
-0.470305558977653
0.624767740115586
-1.13638303960117
-0.890070329754921
0.614539071756429
-1.30852849883774
-1.02911237675284
~
-0.624032372801011
-1.82046601556731
-0.895638865270097
-0.788208847900479
-1.70462279259974
-0.796982134681077
-0.749653644259705
-1.06033306372874
-0.416524794116754
0.868142013355717
-0.536868937515102
-0.511199234236673
0.335451918552974
-0.607733924239613
-1.04659256336448
0.352086605881851
-0.807136394495319
-1.14693536129214
~
-0.634480185630444
-1.85641428766374
-0.864942006734042
-0.800126315339996
-1.73953400975671
-0.765402126040594
-0.758903446911168
-1.08844060873282
-0.38374144711346
0.877691468214903
-0.558396423498835
-0.500394281744713
0.339411223515622
-0.1075788314841
-0.75933308636497
0.159984475282529
0.0426936826292895
-0.830360031575208
~
-0.609992709265522
-1.85027778408515
-0.792635421770005
-0.76925594484105
-1.73790129534219
-0.696931941720719
-0.72804362801295
-1.10808822210614
-0.337620751701675
0.817215917813017
-0.564472567089737
-0.437166372015718
0.520475257029564
0.037005422256364
-0.262409875231336
0.42156170343508
0.237498106600902
-0.189460160211071
~
-0.784785011917777
-1.94673903990681
-0.837805479262602
-0.804254655590142
-1.67794129991353
-0.688602723911751
-0.776809332699517
-1.01870085078128
-0.307824380078775
0.807507259602052
-0.590064424632289
-0.406966802365022
0.523703180253333
0.0545328868881087
-0.226884986723936
0.429101814905141
0.269398657394908
-0.1514458775653
~
-0.795795988498074
-1.83160408412832
-0.824001648653933
-0.825340179093639
-1.57565406680025
-0.67960333977205
-0.71115635254747
-0.919979527439953
-0.389943564513327
0.755764634440202
-0.566616776063517
-0.406676525684112
0.45933006534912
0.0457292420560406
-0.250282120531069
0.36051854231876
0.249844570757151
-0.183373327531771
~
-0.814697609383728
-1.74721733868423
-0.773076442166953
-0.814747203389925
-1.55452039837768
-0.675069046164416
-0.712592809861463
-0.903643841159893
-0.387457295684267
0.745191324310005
-0.556953357635504
-0.40550545509577
0.453615319435463
0.0505568560706872
-0.250956833183243
0.356423315168139
0.25306025006951
-0.184805785571026
~
-0.805862864190561
-1.81147347413096
-0.759707043560077
-0.80955812267764
-1.61204884433728
-0.660010168097467
-0.748633722684818
-0.948254444741927
-0.330647783209152
0.80401067180915
-0.531429823854287
-0.427536251754168
0.486554707564106
0.0801822974306933
-0.248803080679659
0.38073604736398
0.284053026332797
-0.174129602821219
~
-0.789974130232822
-1.80857800722168
-0.732800646335714
-0.794420958293295
-1.60904966307585
-0.636518112941779
-0.764956317436068
-0.959185019296369
-0.282798863331759
0.811485321257307
-0.507025360214117
-0.447818745033395
0.493174673154608
0.0845646661744003
-0.233602227551574
0.387071118368891
0.281761341637239
-0.147195119201491
~
-0.787491857151875
-1.81477021267487
-0.728577534787089
-0.792045756424261
-1.61426767028688
-0.633769252525585
-0.765200430380206
-0.964782726237497
-0.277056950746348
0.820003014138886
-0.491711742818981
-0.464197239777309
0.503266743077102
0.0985851394340035
-0.242969234950898
0.397687980631789
0.295350777701102
-0.154207647692159
~
-0.750785703288487
-1.86488855551716
-0.780692067620373
-0.774939096169483
-1.60453629245901
-0.635263955629948
-0.765516041071626
-0.95988497512173
-0.272874542806508
0.816225787004914
-0.495712419679365
-0.462001748327879
0.494904442999956
0.0894883757866042
-0.240941548321443
0.387797322923547
0.28455535087331
-0.152282281323864
~
-0.750539905382342
-1.86954472859829
-0.791907673042173
-0.777352454137836
-1.60717411741379
-0.644771500952277
-0.761772166304136
-0.954735365522137
-0.282755516576687
0.814554045048586
-0.529843639221513
-0.445282396395376
0.474275804191122
0.0566623751764964
-0.232899748449361
0.360849721175802
0.252164401811828
-0.146991530461826
~
-0.801200011051629
-1.76968653637739
-0.740591910816564
-0.788836439311377
-1.56361474730228
-0.664967147393042
-0.751150271803516
-0.916778373542077
-0.319213014814139
0.774202197578851
-0.550656230228848
-0.430101355729571
0.437244794946259
0.0338448453101203
-0.239617020836026
0.324925655358171
0.228678569419788
-0.161235677253721
~
-0.800691295459365
-1.75055458992577
-0.743666784417906
-0.793953214374816
-1.54856782010644
-0.664676744940357
-0.714779742562842
-0.897640602466897
-0.36118387135992
0.754650543820057
-0.55501030666214
-0.415988867077781
0.429432753435952
0.0330552868877433
-0.246332810502262
0.321026823307917
0.229077162019668
-0.175087691811551
~
-0.799377087409716
-1.83964657477558
-0.76262035240025
-0.797446678172439
-1.63320844814821
-0.676731845220263
-0.724699106289328
-0.965028615178051
-0.354984719108361
0.790156458936527
-0.593521085048446
-0.402190997010036
0.468023520110667
0.0209124111746228
-0.231255254575557
0.360645868365187
0.225723592992892
-0.159134829382223
~
-0.749394101088079
-1.90070465483632
-0.825968826675965
-0.775657738107351
-1.63814006472699
-0.678316539020738
-0.75280739496197
-0.981995960422409
-0.32208628869027
0.829556723634323
-0.566235416272497
-0.408977719944744
0.486181374224879
0.0291492094939912
-0.219288810876953
0.371722921687877
0.22761077328699
-0.140923856218916
~
-0.753854175416927
-1.87198498934493
-0.77443019477901
-0.774706086698587
-1.66604099915483
-0.689485437529011
-0.750771674412621
-1.01003583432916
-0.331044553580383
0.836720546872776
-0.580571395582854
-0.415661393577398
0.513650813449159
0.0188004413718069
-0.205675586765486
0.405960902307953
0.218591023582774
-0.120526932249209
~
-0.726179128751478
-1.92371983764714
-0.826624894030029
-0.76352714708704
-1.66435077575874
-0.686499736643479
-0.739721515505885
-1.02003994423907
-0.335411290260911
0.817740007845226
-0.599817077655104
-0.39838969471107
0.487893896516519
-0.0193670612562156
-0.190221697536034
0.37794519005366
0.174116304409647
-0.105958015045467
~
-0.729322005692999
-1.91972662516244
-0.834980788890605
-0.765273648883871
-1.66003408821326
-0.694403927386763
-0.739561300518648
-1.01495573886595
-0.343307721915562
0.809381176262509
-0.623718107901316
-0.357768876711556
0.496436023791954
0.0167740062774853
-0.199409240502318
0.392120972968436
0.230271377670419
-0.131733493838937
~
-0.728273168381471
-1.86953861697599
-0.840422888941095
-0.753758434816282
-1.60644186589517
-0.706062801235526
-0.758771400477019
-0.974534097342911
-0.332917012597909
0.810726330114599
-0.693199009018737
-0.291850447968884
0.570551401505249
-0.0292253710919316
-0.430087623654742
0.490493091968799
0.192099185604757
-0.461327154560432
~
-0.727196502857786
-1.87239028610453
-0.840994322808713
-0.750065432674974
-1.60928104946151
-0.706603763828823
-0.751798996781221
-0.976589418929432
-0.335935256800511
0.805656646536998
-0.732247614364916
-0.218671035830208
0.573602686082073
-0.0250188340793647
-0.337959890999944
0.496251363252003
0.210724060541353
-0.362893181455963
~
-0.704298899821293
-1.97069724177897
-0.961084239405701
-0.722367763493095
-1.70016757504438
-0.82823550447362
-0.722725121795592
-1.05335834827169
-0.454712764624688
0.787064255097876
-0.750136160702175
-0.203510313414463
0.697472052828963
-0.299375296836191
-0.809965692254885
0.700392847818409
-0.447622811272179
-0.976749842293919
~
-0.704615530823167
-1.68356650957245
-0.912623625368597
-0.721938997267717
-1.43802805282086
-0.78727070194794
-0.717140851997122
-0.84212000642081
-0.453967150028841
0.709586343887713
-0.824699464902098
-0.146339835380033
0.657311865872683
-0.574328182510053
-1.02023841597853
0.660341956451481
-0.544459096014159
-1.01250764470205
~
-0.7052830083573
-1.66506514389698
-0.900995746394256
-0.723442035109364
-1.42471074672877
-0.774528261698998
-0.71365848392837
-0.837135992571693
-0.446967646732966
0.640418388767994
-0.663209664259523
-0.215336610975049
0.677409806843298
-1.04688074608326
-1.05244818895161
0.710943976542911
-1.24952347985884
-1.23106902764911
~
-0.739792996582172
-1.62680592871473
-0.842654786700652
-0.720714499467532
-1.43842977832867
-0.775525680142768
-0.711488939976922
-0.85147202277493
-0.448964101668569
0.633812517544256
-0.774184307138233
-0.152860487663055
0.660653595784633
-1.33990087371259
-0.518481984956976
0.666017319211907
-1.57181890589258
-0.660096121205215
~
-0.738053092838817
-1.62872001711917
-0.843789769586653
-0.72399562692927
-1.44047521984546
-0.776482088328802
-0.710003559900552
-0.856822202138305
-0.447058045183609
0.627659090958106
-0.788140997353175
-0.169638815677685
0.660484447743284
-1.37063850740646
-0.499868347196836
0.667863670473511
-1.6126576520662
-0.621895130896157
~
-0.695818448614399
-1.69486210120225
-0.912741877710492
-0.725846562924276
-1.46171403168313
-0.778421469454662
-0.653905333716202
-0.862404096291463
-0.495754511834536
0.62221212604963
-0.787569118107464
-0.16110072580733
0.636008655808057
-1.45687140499014
-0.479946445711854
0.662317917747194
-1.69620394758291
-0.603758992962423
~
-0.707982607270653
-1.65583267837307
-0.893413225378966
-0.735649224855781
-1.42640381865845
-0.760430269739274
-0.657032777428902
-0.835770424688793
-0.48552360865418
0.649031880172603
-0.798322881479786
-0.108451753121344
0.693214794788803
-1.4100891591977
-0.385331420773487
0.621219253162452
-1.58451415787471
-0.44215215948802
~
-0.715787294012425
-1.65247548046623
-0.884894839127948
-0.73867533324349
-1.42064893076019
-0.753885014239358
-0.686636772242927
-0.836365018633231
-0.452887112124687
0.658300654292133
-0.809674109990831
-0.0733248582491687
0.696789000888129
-1.40061570958362
-0.361355355865398
0.627061382620409
-1.57008020837971
-0.435136215341834
~
-0.732521640611848
-1.68908345463514
-0.886244750245229
-0.751140218948731
-1.45289215498353
-0.756867321692306
-0.661535837847556
-0.85203236337859
-0.489662265704427
0.656649330191417
-0.810856695054201
-0.0655495604361898
0.707376978641639
-1.4085870229053
-0.352225144495858
0.681278877458623
-1.59795456578835
-0.409404807989854
~
-0.745653066002953
-1.75947823947549
-0.896443237169084
-0.759724660602618
-1.51515257497077
-0.767396313059567
-0.666080232078624
-0.897727859542051
-0.49862921612398
0.681598817065079
-0.806631950485048
-0.0361609628125588
0.72882066029469
-1.44695746928801
-0.34697320219013
0.695907987546796
-1.63349001861705
-0.424048445046373
~
----
@tomorrow
-0.919613901017794
-1.60093563251464
-0.795204464291219
-0.796352307632327
-1.44906030150474
-0.743259737709826
-0.691315086193066
-0.812402972926223
-0.511407783483517
0.671792666573542
-0.872477259398579
-0.100274580606378
0.766549816441371
-1.47578319102991
-0.403411273973499
0.798135513046745
-1.67688518825759
-0.490754319987927
~
-0.920739564000391
-1.67047596505028
-0.817831679823125
-0.795469113985829
-1.51531758527374
-0.763838983008455
-0.689531803760051
-0.865918266393021
-0.526241690538225
0.68744307502314
-0.853591327624729
-0.0895658849158453
0.79667792949563
-1.47485224392771
-0.381149988903608
0.833089527218067
-1.68193917515858
-0.464356810263281
~
-0.780958330355645
-1.66973094582076
-0.860622956440774
-0.784720256600058
-1.42702471280178
-0.742506358805414
-0.682572514254144
-0.799780794803711
-0.510605731680704
0.665351153869519
-0.858465257455518
-0.111003882038491
0.767578589512752
-1.45567770960013
-0.400837865448162
0.801654401393829
-1.65474848751
-0.483939620225134
~
-0.788375825673138
-1.7791617162335
-0.897832118701439
-0.795031295840312
-1.52624126328671
-0.774837401158699
-0.689936504491046
-0.873714522956706
-0.527096701910571
0.710786012651813
-0.853630606726683
-0.0838284448048014
0.81185340235871
-1.47985534480721
-0.378666698695474
1.00401410797242
-1.48136906785423
-0.29924578301705
~
-0.765357380850933
-1.56050553975536
-0.841073208298417
-0.773399417973061
-1.32841631166983
-0.723615541715841
-0.677536433752172
-0.725664248161422
-0.487194352738006
0.633725070217146
-0.870485467713732
-0.138185100647049
0.572330768261667
-1.58991241989117
-0.566575053345132
0.587525420732995
-1.81477121143282
-0.674872477564446
~
-0.893286913411592
-1.63018583588139
-0.866934582901464
-0.783599345600149
-1.4842102563314
-0.775114215765363
-0.687420562583272
-0.854308548639366
-0.522870669254092
0.683209175773083
-0.843166601376603
-0.10138886986787
0.800925398034053
-1.4600148929237
-0.379703590556622
0.747497841556628
-1.70570947536378
-0.494767710386621
~
-0.750966123374585
-1.77194970868835
-0.914258020937896
-0.774928030268074
-1.52446300162953
-0.785811736483053
-0.681172551452412
-0.888198686886925
-0.525246874778282
0.712010892891572
-0.830439435482383
-0.0828055624480438
0.833335266550008
-1.45608453170434
-0.35984197571104
0.765028300520831
-1.69819254998784
-0.482480548014488
~
-0.74144142489304
-1.75088574414086
-0.911914230791127
-0.766162191207948
-1.50530888464087
-0.78393230176594
-0.673566128276028
-0.874297838585925
-0.521768633836008
0.698629048732744
-0.832869505349076
-0.108554963787711
0.874577250749311
-1.44360992301353
-0.376953074681504
0.93322667174608
-1.64719002158586
-0.45250539197619
~
-0.730547230674807
-1.74111574284389
-0.913732967562978
-0.756762059937001
-1.49769158291481
-0.784951956012905
-0.669026571101405
-0.871904674033842
-0.516559939991521
0.661803936756024
-0.818899881440634
-0.17547680181366
0.685742861012126
-1.49582373189046
-0.571366576661098
0.738689169508041
-1.74077272511972
-0.688515319664819
~
-0.711601627642533
-1.76149199109041
-0.927585754413307
-0.737820771612793
-1.51922546665013
-0.796276902375774
-0.654791125030076
-0.895903421219442
-0.518349617734765
0.722038670130415
-0.798987827232688
-0.119448237091872
0.792386314239169
-1.55339509070089
-0.569768440583993
0.815835528942087
-1.8048641178195
-0.706022493538353
~
-0.702443033384474
-1.73883396945291
-0.918776129138717
-0.72981440301615
-1.49909227802249
-0.786479063734978
-0.709628622902626
-0.903832849987084
-0.443064503367324
0.72812909142641
-0.781482209768809
-0.127714229669766
0.818574257380631
-1.5630123962878
-0.613349499213802
0.848722666148076
-1.8235224081707
-0.761455839196914
~
-0.700582824388161
-1.72020218739342
-0.908988235084852
-0.727288057742989
-1.48361743099639
-0.776616817526097
-0.70706351832926
-0.894775261542466
-0.435902595436078
0.735335279810055
-0.770452320563633
-0.135213785260144
0.840202339324166
-1.50909861823517
-0.66944031931993
0.87515802582887
-1.75531409061816
-0.83388282041582
~
-0.717826385544415
-1.68645063599062
-0.880694274618607
-0.741208883843096
-1.45609186885494
-0.746782696655926
-0.694431217556362
-0.867611251293181
-0.436754928436071
0.785317292933882
-0.752669864320869
-0.119356685735059
0.974870275331458
-1.17268904226193
-0.632724991189439
1.03805460279732
-1.31269544468495
-0.790461685395305
~
-0.826244039940899
-1.56907102537735
-0.799415402913786
-0.746797859213763
-1.41262400086612
-0.717851353946314
-0.704630522704023
-0.84171997889299
-0.403011552947672
0.838661499287795
-0.702498933387259
-0.0879209834894537
1.14653145274375
-1.05924726498544
-0.553343110917912
1.2491547705624
-1.17816341379174
-0.695381856972185
~
-0.737154000125644
-1.65494201709739
-0.811009886739069
-0.748905765816698
-1.41506107458254
-0.708812795901272
-0.702657714180619
-0.844544673687881
-0.398351430903144
0.888241630026097
-0.604193591861777
-0.196068583402553
1.00923313222734
-0.867351524318034
-0.798573116509779
1.1229779411978
-1.00212748365175
-0.720372705374732
~
-0.730263095217133
-1.6701180211953
-0.824608780053605
-0.746578614320274
-1.43160327563398
-0.717907639911396
-0.702173786662078
-0.856988595442932
-0.397870810394263
0.888319029948185
-0.509769170101528
-0.240501336090551
0.959689387157792
-0.822735666748808
-0.828059566908281
1.11464390768518
-0.930331249098607
-0.784967441256437
~
-0.727102064388689
-1.70590209310985
-0.83913701443237
-0.743852770020131
-1.46418839324365
-0.727614112441046
-0.699075599213344
-0.87375046563627
-0.397166353752927
0.83503510336844
-0.507262723381153
-0.50949866069481
0.377742418671514
-0.304421631993821
-0.960202473285894
0.225311523772539
-0.236807932427919
-1.09708969353425
~
-0.764542860520126
-1.7668602339343
-0.838578809070639
-0.78209174836546
-1.51470479668706
-0.720093871348193
-0.736024058655912
-0.891045681597105
-0.36503322127921
0.788929866067449
-0.507757690017072
-0.590546415760933
0.283103299807801
-0.430533404210228
-1.07627384668779
0.0964776765800892
-0.363066583059392
-1.13277896300073
~
-0.781492995253134
-1.8720124973002
-0.881718298679341
-0.803060654582917
-1.6069649898381
-0.750838630620625
-0.76271258811349
-0.962371968177089
-0.359259555520721
0.758386385442613
-0.540704409841363
-0.709230566314178
0.213317630558636
-0.564987178996346
-1.22212343656398
0.00902754239051859
-0.501245736409645
-1.26895733069068
~
-0.788297466472642
-1.94826548186508
-0.903337397229773
-0.813982933394299
-1.68261001141958
-0.75903208843026
-0.77911012603959
-0.967920974104413
-0.332354004125378
0.705219042999278
-0.557237803574452
-0.793429620855785
0.106883361535086
-0.735990932811592
-1.22872903938344
-0.184007511427473
-0.770500382671456
-1.30777407825659
~
-0.772277262685087
-1.92322650800457
-0.899898990798284
-0.794780065997314
-1.66177287646985
-0.752873957992896
-0.798659086496533
-0.958677395376997
-0.292567042608627
0.693747359885481
-0.556103026256291
-0.797757693997111
0.0926170303412831
-0.764013545992832
-1.20067066955701
-0.190359625390451
-0.827767048258917
-1.28029808389866
~
-0.773743386938863
-1.91263845540346
-0.89175180180066
-0.794673989938744
-1.65175899105292
-0.744751502127112
-0.797476214411408
-0.950368128518458
-0.285782671344501
0.693157748686469
-0.561930063631649
-0.803889099852234
0.0725258371838461
-0.752516437842214
-1.17886385159391
-0.21066421713152
-0.818875061354995
-1.25306159606221
~
-0.77526196973408
-1.90378946101719
-0.884643488515341
-0.797775164227777
-1.64609768312796
-0.734453575053514
-0.778147089610998
-0.949989525767618
-0.289752702031078
0.699559066255758
-0.556449347862371
-0.806431269795402
0.0647904618309375
-0.720127521354286
-1.16252572823984
-0.155274653624942
-0.725299667285105
-1.18308486322603
~
-0.784738107246971
-1.90775241609122
-0.881319533378484
-0.805709324049863
-1.6503073252227
-0.729123429575888
-0.748747911688927
-0.945373526070297
-0.371185989252742
0.693402607245748
-0.543446783668362
-0.82385131683056
0.0196665460061354
-0.585918795115755
-1.13940018338176
-0.193903735442614
-0.62980004556915
-1.17896837312155
~
-0.803508834303211
-1.95802408261673
-0.897453638678353
-0.826300319034327
-1.69665740758923
-0.740669385220649
-0.702235843946253
-0.947007319239905
-0.473531808277447
0.697525219296298
-0.534736671268106
-0.859578962575124
-0.0226122118694666
-0.390008619304206
-1.00587787880393
-0.24039953904271
-0.430912881561799
-1.04979279952593
~
-0.814440108990891
-1.95650629536725
-0.894886610365333
-0.838750266356998
-1.69201140890444
-0.736299885764018
-0.696099654967489
-0.976676945273981
-0.487649702588964
0.668340985319501
-0.490467559292332
-0.887040546677348
-0.338716689028809
-0.362552051348519
-0.946473272068847
-0.55915158523408
-0.403953575871882
-0.99092182231509
~
-0.851346190595759
-1.99210593732851
-0.897314513653694
-0.864191683872874
-1.72534972283924
-0.730854139165411
-0.796277717510235
-1.02784626729866
-0.370530774940173
0.66101248651237
-0.464567110094954
-0.869997438449402
-0.0603656783014431
-0.24473602545033
-1.03546444468039
-0.284608145815328
-0.286852679500956
-1.08068091213859
~
-0.885013282362621
-1.99011696022769
-0.91455700987377
-0.885397984398131
-1.72602970673343
-0.73960119044072
-0.81656534629652
-0.999875588453793
-0.337485624237527
0.647923205978475
-0.510515572505805
-0.900278314684295
-0.366499726762244
-0.298100798541191
-1.02915877408097
-0.592230590177751
-0.340496998337852
-1.07467527455385
~
-0.921543209620858
-1.91122065202986
-0.870182941771868
-0.923008523417386
-1.65297652015627
-0.697780687430464
-0.850627548786389
-0.932785407378379
-0.291122076150452
0.68112537765091
-0.437338023321821
-0.632337083329464
0.0481749562212729
-0.451309196160023
-1.08691951470958
-0.669707239118593
-0.22654807670685
-1.04020344860453
~
-0.918309518108463
-1.90326626946423
-0.880875395601885
-0.924331575102251
-1.64427381238737
-0.709224495621829
-0.85722217306154
-0.930308075993072
-0.293688530067662
0.213515059727292
-0.583842417454557
-0.639128248137014
-0.607592644691166
-0.304374503799895
-1.20134757627236
-0.717505777686145
-0.270010113299344
-1.24732725733143
~
-0.885752825684269
-1.82928406348936
-0.883257919863433
-0.892372370490223
-1.57672618821673
-0.72293278865096
-0.832801583108609
-0.89567140284146
-0.312627263407412
0.247930068962713
-0.586937154036131
-0.640627590920981
-0.35609007199735
-0.480510423183663
-1.16397998211587
-0.648499278186663
-0.444286360275834
-1.39638145298649
~
-0.867398922148166
-1.81512709399561
-0.910596125156792
-0.880591786011392
-1.57080854334041
-0.74768298631538
-0.811567932536534
-0.880607313698127
-0.334273854708031
0.302240752417569
-0.445710924087034
-0.621775997484628
-0.445644786450385
-0.515849388419385
-1.26959469612238
-0.628708223695644
-0.541593552076733
-1.43500901670245
~
-0.843877730427869
-1.73935689596941
-0.882578850174239
-0.857022047834597
-1.49934956315556
-0.723791282970626
-0.797487633948425
-0.859550800548418
-0.34664561662934
0.317356815962169
-0.447521098574183
-0.601415254365798
-0.219527389366326
-0.56196413262065
-1.10255493682779
-0.602083817112368
-0.592376760239413
-1.43179670585035
~
----
@today
-1.13014906572561
-1.24519659974094
-0.106302985545016
-1.09730663927973
-1.10241840712261
-0.232461319332484
-0.852344413128913
-0.527154257507897
-0.296648504731759
0.574796089265292
-0.512501042539517
0.934243641794394
0.688175203007195
-1.24109314156239
1.33327644833161
0.733767589183788
-1.46950826708921
1.45231557478245
~
-0.90471944491343
-1.37923062681573
-0.599586646571476
-0.851447249864832
-1.20115136068073
-0.529586766911246
-0.869637155953942
-0.57452036714541
-0.315202346071293
0.583687334496879
-0.502350633645821
0.956797053155014
0.713985871529325
-1.22853053673037
1.39869786468586
0.774240100174656
-1.42132227357686
1.57593298501002
~
-1.00892515994586
-1.35989570228465
-0.29928174746183
-0.949277491416185
-1.23076123424242
-0.439651459140576
-0.87366219025735
-0.584405123508337
-0.327224346982351
0.582065501824802
-0.509405789416798
0.958091507743631
0.722333318924991
-1.16912545800367
1.49137970143405
0.777827173519869
-1.39947549601499
1.62161947943997
~
-1.01019528679508
-1.30825679474736
-0.326018648977629
-0.913232362402119
-1.19276430961641
-0.452459262320042
-0.864317555224066
-0.555262797273865
-0.330412094668105
0.569675123624633
-0.534679496754461
0.942364475645901
0.696607212942706
-1.26271949956204
1.36720645395644
0.737558446907184
-1.49889683038638
1.48310356490689
~
-0.731164044872241
-1.32996552965905
-0.667058607910916
-0.763657484249435
-1.13279807641127
-0.59244860682289
-0.861137802381018
-0.541295663787213
-0.330226376013844
0.56617872237545
-0.538658239338158
0.93904599858884
0.695629119688292
-1.26601119927143
1.35201711810368
0.735173247318949
-1.49859348565457
1.47114039244749
~
-1.03193342180681
-1.29826067499911
-0.262738891782776
-0.87120369879346
-1.199698230339
-0.453773764827358
-0.869555916905877
-0.556155204515171
-0.325030051802393
0.578835609478992
-0.523694395352896
0.953601438577173
0.719887210385842
-1.16679403542929
1.49569944855183
0.783182901975915
-1.38155855712075
1.64372896489066
~
-1.05817112118342
-1.32284682011678
-0.231664214318914
-0.904605291907592
-1.20747723927248
-0.419294719834691
-0.86883660811274
-0.561010527476278
-0.321511670467074
0.582146538630227
-0.437272030518867
0.990800144216088
0.720618094570172
-1.13837039158751
1.46456120637519
0.909659552515055
-1.16352917951051
1.51950039158684
~
-1.0505987514531
-1.31641704542906
-0.218202524127776
-0.903617847057807
-1.19513527361478
-0.40572453133403
-0.864655388128624
-0.5512652936667
-0.313492096694915
0.580675206361482
-0.509151485345625
0.953598486483069
0.715250745366042
-1.16343517572881
1.48101662373068
0.764983645020547
-1.38422779287855
1.62333467590123
~
-0.902192777796444
-1.4384815604338
-0.536801778490065
-0.926328771858417
-1.28158637936248
-0.408395270165656
-0.887153945193005
-0.616276258857311
-0.314520580173293
0.596313276793697
-0.504462838839398
0.965932543584066
0.737479919630002
-1.18263608820252
1.50759779965699
0.78698999540945
-1.41250620396948
1.65256033822026
~
-0.938149905236422
-1.50971553995048
-0.418084182365939
-0.924437216996588
-1.28854450708177
-0.401690807456994
-0.883299097171081
-0.625031436028626
-0.31250725063239
0.596882004542173
-0.495138236112382
0.963520323722056
0.734609266853766
-1.23680261444238
1.41783009097761
0.787963891805325
-1.42570478371851
1.61102821411121
~
-1.07360405059567
-1.39780971794343
-0.20276822917688
-0.920961402175001
-1.27092829318203
-0.391739934057217
-0.879423261452406
-0.610696598803937
-0.305834614068761
0.598052040565547
-0.41773181818575
0.996064757970948
0.73540201534303
-1.13999606503403
1.4704902016972
0.751923416233531
-1.39547462632821
1.37268015769999
~
-1.06642832795062
-1.37641227095769
-0.203119608610583
-0.913617216144976
-1.25419483040624
-0.393966713165463
-0.878141421355827
-0.59600763417532
-0.30052282277968
0.596859777116079
-0.410200088982201
0.997401862240979
0.732890236345953
-1.13030696812164
1.47104187468859
0.752315942031387
-1.38594633749943
1.37626785796332
~
-1.05361921064771
-1.34211686005736
-0.195545948835496
-0.906653549168199
-1.21620830198063
-0.384066918624538
-0.869374338557222
-0.565626917451113
-0.293867553840355
0.591545420604801
-0.485372508849195
0.960179185719063
0.728966358184177
-1.12634842669096
1.51451267753725
0.788359672360794
-1.31888112254418
1.69450069074805
~
-0.9132552958971
-1.42840347076641
-0.407736875352549
-0.901762962659898
-1.21264256141183
-0.38893822291133
-0.867285801558763
-0.56535986024636
-0.293493315680413
0.588484393443813
-0.500528314279812
0.949393276302919
0.720203211412097
-1.1622931166219
1.47570088740293
0.768625396232635
-1.38980565839169
1.61076154457007
~
-1.04125879085613
-1.34328317073404
-0.209208475789867
-0.898721129188285
-1.20108571434443
-0.385401410274336
-0.864581347533
-0.557045810500847
-0.291450372023217
0.588167931052287
-0.481093831347883
0.954784721692612
0.721971534084942
-1.13192223820116
1.48642473034935
0.778965338598443
-1.31435330427094
1.67364553989418
~
-0.968726868715322
-1.39716531781784
-0.369915039341591
-0.916626157439157
-1.2061850090478
-0.367670441770301
-0.865787040772126
-0.561339969902202
-0.28874636074978
0.588726817112613
-0.488578750945402
0.950483309719633
0.720935436323213
-1.15243708044222
1.46891846096622
0.765459290898012
-1.37657879931932
1.60862847380798
~
-0.993694453535934
-1.3522947965802
-0.318963016999
-0.898880561872348
-1.20132564472422
-0.40441097176578
-0.86430312102393
-0.559688977566342
-0.288044847824636
0.583688452168761
-0.446550892230114
0.969656890079726
0.717248924153169
-1.01743546662899
1.58121561272433
0.746507306364436
-1.12886189498672
1.82260121376257
~
-0.902310205689765
-1.37214273022507
-0.483821475787779
-0.896999613881308
-1.19382249232073
-0.399708143930611
-0.863209006980046
-0.553394549932866
-0.286184538254261
0.583139478004092
-0.449003633808581
0.967564130572107
0.709683394940366
-1.10118324845331
1.49601602369929
0.737038448475773
-1.11112259834931
1.7612702746277
~
-0.897394792275633
-1.35823914549733
-0.487480117741202
-0.91006740867616
-1.19350217387765
-0.380203884405906
-0.862127856461698
-0.552789944372302
-0.285657560384928
0.582985444587538
-0.451482069634972
0.966088262411387
0.714188404326686
-1.03789846088927
1.56001669354187
0.746258886328417
-1.12179278395529
1.81095026715993
~
-0.889213070348574
-1.34863599679223
-0.496346313258895
-0.905497044185578
-1.19038614446501
-0.380660728663279
-0.861471161976759
-0.550528302198378
-0.284077082063127
0.59051270511115
-0.423648238051989
0.974525073401517
0.721861702001143
-1.02317695817245
1.55426944558909
0.765644718721693
-1.22301982936484
1.7604034864903
~
-0.894969668623817
-1.35636012388845
-0.487468555291901
-0.900389306164764
-1.1906013809116
-0.381580208803172
-0.862315326699544
-0.550519141477477
-0.281832874872884
0.5856404057577
-0.467036954538255
0.957935082582474
0.715634549772963
-1.10664404985722
1.49670385617416
0.763237095007007
-1.13033891193281
1.75755493813904
~
-0.935317705015196
-1.41462397148697
-0.43825971397689
-0.931416894289641
-1.23124206217901
-0.363073229937072
-0.871925075048245
-0.586460150474719
-0.282171884251876
0.589783816863182
-0.511145042322569
0.931429040034806
0.712125961905098
-1.21755476024886
1.39914496412397
0.76558415072857
-1.37258224628992
1.61137174323067
~
-0.935974403606886
-1.38066593108121
-0.437467830891282
-0.954341964468383
-1.21509684853774
-0.332123798289927
-0.87026805012555
-0.57577775411478
-0.272503665779356
0.583941497898076
-0.609472434419774
0.866805041959567
0.71307567541773
-1.29636781507826
1.35094098221883
0.764451272309423
-1.39834220349066
1.59191975933105
~
-1.27194160571527
-1.02267174401545
0.0148326815786341
-1.12567634136521
-0.923766268635937
-0.105792335361969
-0.686880654476626
-0.627049683255041
-0.429153244236788
0.513334973073849
-0.774600935726184
0.423179745281274
0.671603713287661
-1.23430769077542
1.10363461272368
0.732091388340685
-1.3296853642597
1.34351473776643
~
-1.32243785183136
-1.02998406505774
0.0293359164780659
-1.16567198902257
-0.944672510750817
-0.097613647941
-0.695374237496882
-0.688737847830047
-0.439015788134133
0.544374425521957
-0.654285668273676
0.458950876337487
0.698537440390238
-1.19623790555323
1.10709328578743
0.768309379238852
-1.24024362872947
1.36584886046125
~
-1.29822390195037
-0.95709344206854
0.0283703973499577
-1.14486763760549
-0.880311736031057
-0.0962529611173222
-0.68479884457084
-0.649966565289612
-0.431938383908567
0.500522202739318
-0.953958753781141
0.0750961045387286
0.44632028345783
-1.55829362563339
-0.153723825256188
0.428252985802167
-1.75973858291747
-0.217269338682934
~
-0.899402146617726
-1.67509369417485
-0.770046410768435
-0.900443232249222
-1.42105571318766
-0.648378835082423
-0.705894021452383
-0.776073606127889
-0.457420625114639
0.537481159385216
-0.87162090966664
0.0889047417318552
0.553541778031869
-1.53352680682587
-0.114348838463818
0.594193475588667
-1.65723706743211
0.0480930116687424
~
-0.923327382689564
-1.60856798559517
-0.892874611572606
-0.922765665369669
-1.38345133772435
-0.726764054280365
-0.698341555678704
-0.781080777290029
-0.473294968401195
0.544300301219484
-0.863234764641001
0.0745547800780141
0.5558279440636
-1.51369815463005
-0.193631680559657
0.508059113238273
-1.69789728701719
-0.398715312750666
~
-0.914498790306071
-1.5489404889208
-1.02551069095089
-0.833886990667032
-1.34194235405721
-0.859366730443221
-0.695292964594644
-0.774418715264167
-0.488110988335087
0.543886812494018
-0.850056770509531
0.0551209777179647
0.552386345448969
-1.50232293262968
-0.244126486554323
0.506640723429434
-1.69739467981182
-0.435972135258667
~
-0.870284019010722
-1.5095179826002
-1.12875303171709
-0.802953968995957
-1.33176378234191
-0.924082763405847
-0.706281051016595
-0.774710063063812
-0.512716574861166
0.556063210390035
-0.855915683321067
0.0433787967243421
0.5467428120431
-1.49811882440916
-0.316243999512271
0.549087027598021
-1.73665779597703
-0.461548616255758
~
-0.847092822965248
-1.50965900651592
-1.21000179542794
-0.771896901046194
-1.31711542654992
-0.965936666924307
-0.702405248832142
-0.773358487189169
-0.534580440107814
0.54299702539705
-0.877156123777073
-0.0258866979356362
0.537455687884565
-1.4841059144026
-0.380526506580159
0.541612784009624
-1.71872648942579
-0.529846467670982
~
-0.797249185215411
-1.48290701014399
-1.20206927309457
-0.743377897802658
-1.30127994182207
-1.00113021431749
-0.689747095112591
-0.767622555340327
-0.561843091784666
0.53553440043189
-0.866118495343411
-0.0572014119136204
0.533292926880175
-1.46192727555543
-0.410498629471333
0.525583702208322
-1.68413383219927
-0.57430295418826
~
-0.750116819593413
-1.50485570952534
-1.21229454856236
-0.714273545028828
-1.31532390749329
-1.01430844022444
-0.675943146574956
-0.772110790869565
-0.585132878878301
0.542763000275087
-0.877651203242989
-0.0841718125402834
0.526892981466189
-1.45586193135406
-0.471721490620085
0.550312950722734
-1.68559305830957
-0.623644641069354
~
----