@Happy
-0,286325573921204
0,126486673951149
0,0509317740797997
-0,0141251077875495
0,423845887184143
0,399472057819366
~
-0,286325573921204
0,126486673951149
0,0509317740797997
-0,0141251077875495
0,423845887184143
0,399472057819366
~
-0,286325573921204
0,126486673951149
0,0509317740797997
-0,0141251077875495
0,423845887184143
0,399472057819366
~
-0,286325573921204
0,126486673951149
0,0509317740797997
-0,0141251077875495
0,423845887184143
0,399472057819366
~
-0,286325573921204
0,126486673951149
0,0509317740797997
-0,0141251077875495
0,423845887184143
0,399472057819366
~
-0,286325573921204
0,126486673951149
0,0509317740797997
-0,0141251077875495
0,423845887184143
0,399472057819366
~
-0,286325573921204
0,126486673951149
0,0509317740797997
-0,0141251077875495
0,423845887184143
0,399472057819366
~
-0,286325573921204
0,126486673951149
0,0509317740797997
-0,0141251077875495
0,423845887184143
0,399472057819366
~
-0,286325573921204
0,126486673951149
0,0509317740797997
-0,0141251077875495
0,423845887184143
0,399472057819366
~
-0,286325573921204
0,126486673951149
0,0509317740797997
-0,0141251077875495
0,423845887184143
0,399472057819366
~
-0,284989655017853
0,106931746006012
0,0299166422337294
-0,0671042278409004
0,407695651054382
0,398070275783539
~
-0,284989655017853
0,106931746006012
0,0299166422337294
-0,0671042278409004
0,407695651054382
0,398070275783539
~
-0,284989655017853
0,106931746006012
0,0299166422337294
-0,0671042278409004
0,407695651054382
0,398070275783539
~
-0,284989655017853
0,106931746006012
0,0299166422337294
-0,0671042278409004
0,407695651054382
0,398070275783539
~
-0,271430552005768
0,0956491827964783
0,0142762400209904
-0,0518298596143723
0,39915868639946
0,325683295726776
~
-0,26173922419548
0,0804876238107681
0,0181151013821363
-0,0505287013947964
0,404746770858765
0,339230895042419
~
-0,26173922419548
0,0804876238107681
0,0181151013821363
-0,0505287013947964
0,404746770858765
0,339230895042419
~
-0,26173922419548
0,0804876238107681
0,0181151013821363
-0,0505287013947964
0,404746770858765
0,339230895042419
~
-0,26173922419548
0,0804876238107681
0,0181151013821363
-0,0505287013947964
0,404746770858765
0,339230895042419
~
-0,216399297118187
-0,0269088372588158
0,0457323007285595
-0,00235980283468962
0,332140445709229
0,238124042749405
~
-0,201791048049927
-0,00959894992411137
0,0568386279046535
-0,018131896853447
0,330381035804749
0,255387872457504
~
-0,201791048049927
-0,00959894992411137
0,0568386279046535
-0,018131896853447
0,330381035804749
0,255387872457504
~
-0,201791048049927
-0,00959894992411137
0,0568386279046535
-0,018131896853447
0,330381035804749
0,255387872457504
~
-0,245450556278229
-0,00451804138720036
0,0762023404240608
-0,0119637046009302
0,34834548830986
0,364488691091537
~
-0,245450556278229
-0,00451804138720036
0,0762023404240608
-0,0119637046009302
0,34834548830986
0,364488691091537
~
-0,225296229124069
0,023406270891428
0,0512910559773445
-0,0324242040514946
0,355369597673416
0,341323733329773
~
-0,281353086233139
-0,0195143222808838
0,0694753304123878
-0,0124343764036894
0,349879890680313
0,376037091016769
~
-0,27115723490715
-0,00936713349074125
0,0944594219326973
-0,0665167793631554
0,303361833095551
0,610699951648712
~
-0,306292116641998
-0,0517216883599758
0,0972117334604263
-0,109737992286682
0,323106825351715
0,593815267086029
~
-0,266052663326263
-0,0425399132072926
0,0960015431046486
-0,0838406085968018
0,325112909078598
0,606402695178986
~
-0,286247938871384
-0,0766277238726616
0,0775604173541069
-0,133027240633965
0,314234137535095
0,608574748039246
~
-0,287392050027847
-0,0165099240839481
0,08504818379879
-0,13002972304821
0,311241447925568
0,638000786304474
~
-0,287392050027847
-0,0165099240839481
0,08504818379879
-0,13002972304821
0,311241447925568
0,638000786304474
~
----
@ReiseEyeBrows
-0,377068668603897
0,188151568174362
0,140823066234589
0,355169177055359
-0,37597131729126
-0,0949111729860306
~
-0,377068668603897
0,188151568174362
0,140823066234589
0,355169177055359
-0,37597131729126
-0,0949111729860306
~
-0,377068668603897
0,188151568174362
0,140823066234589
0,355169177055359
-0,37597131729126
-0,0949111729860306
~
-0,377068668603897
0,188151568174362
0,140823066234589
0,355169177055359
-0,37597131729126
-0,0949111729860306
~
-0,377068668603897
0,188151568174362
0,140823066234589
0,355169177055359
-0,37597131729126
-0,0949111729860306
~
-0,377068668603897
0,188151568174362
0,140823066234589
0,355169177055359
-0,37597131729126
-0,0949111729860306
~
-0,377068668603897
0,188151568174362
0,140823066234589
0,355169177055359
-0,37597131729126
-0,0949111729860306
~
-0,377068668603897
0,188151568174362
0,140823066234589
0,355169177055359
-0,37597131729126
-0,0949111729860306
~
-0,377068668603897
0,188151568174362
0,140823066234589
0,355169177055359
-0,37597131729126
-0,0949111729860306
~
-0,377068668603897
0,188151568174362
0,140823066234589
0,355169177055359
-0,37597131729126
-0,0949111729860306
~
-0,377068668603897
0,188151568174362
0,140823066234589
0,355169177055359
-0,37597131729126
-0,0949111729860306
~
-0,377068668603897
0,188151568174362
0,140823066234589
0,355169177055359
-0,37597131729126
-0,0949111729860306
~
-0,377068668603897
0,188151568174362
0,140823066234589
0,355169177055359
-0,37597131729126
-0,0949111729860306
~
-0,377068668603897
0,188151568174362
0,140823066234589
0,355169177055359
-0,37597131729126
-0,0949111729860306
~
-0,377068668603897
0,188151568174362
0,140823066234589
0,355169177055359
-0,37597131729126
-0,0949111729860306
~
-0,377068668603897
0,188151568174362
0,140823066234589
0,355169177055359
-0,37597131729126
-0,0949111729860306
~
-0,377068668603897
0,188151568174362
0,140823066234589
0,355169177055359
-0,37597131729126
-0,0949111729860306
~
-0,377068668603897
0,188151568174362
0,140823066234589
0,355169177055359
-0,37597131729126
-0,0949111729860306
~
-0,377068668603897
0,188151568174362
0,140823066234589
0,355169177055359
-0,37597131729126
-0,0949111729860306
~
-0,336284816265106
0,200610905885696
0,156224012374878
0,318791389465332
-0,359067678451538
-0,0771130248904228
~
-0,336284816265106
0,200610905885696
0,156224012374878
0,318791389465332
-0,359067678451538
-0,0771130248904228
~
-0,336284816265106
0,200610905885696
0,156224012374878
0,318791389465332
-0,359067678451538
-0,0771130248904228
~
-0,336284816265106
0,200610905885696
0,156224012374878
0,318791389465332
-0,359067678451538
-0,0771130248904228
~
-0,336284816265106
0,200610905885696
0,156224012374878
0,318791389465332
-0,359067678451538
-0,0771130248904228
~
-0,336284816265106
0,200610905885696
0,156224012374878
0,318791389465332
-0,359067678451538
-0,0771130248904228
~
-0,336284816265106
0,200610905885696
0,156224012374878
0,318791389465332
-0,359067678451538
-0,0771130248904228
~
-0,336284816265106
0,200610905885696
0,156224012374878
0,318791389465332
-0,359067678451538
-0,0771130248904228
~
-0,336284816265106
0,200610905885696
0,156224012374878
0,318791389465332
-0,359067678451538
-0,0771130248904228
~
-0,336284816265106
0,200610905885696
0,156224012374878
0,318791389465332
-0,359067678451538
-0,0771130248904228
~
-0,336284816265106
0,200610905885696
0,156224012374878
0,318791389465332
-0,359067678451538
-0,0771130248904228
~
-0,336284816265106
0,200610905885696
0,156224012374878
0,318791389465332
-0,359067678451538
-0,0771130248904228
~
-0,336284816265106
0,200610905885696
0,156224012374878
0,318791389465332
-0,359067678451538
-0,0771130248904228
~
-0,336284816265106
0,200610905885696
0,156224012374878
0,318791389465332
-0,359067678451538
-0,0771130248904228
~
----
@Yawn
-0,25411981344223
-0,0199969783425331
0,707326412200928
0,804017722606659
0,0037803091108799
-0,205621361732483
~
-0,25411981344223
-0,0199969783425331
0,707326412200928
0,804017722606659
0,0037803091108799
-0,205621361732483
~
-0,25411981344223
-0,0199969783425331
0,707326412200928
0,804017722606659
0,0037803091108799
-0,205621361732483
~
-0,283600389957428
-0,0305794980376959
0,716724574565887
0,808222532272339
0,0407519340515137
-0,16311252117157
~
-0,283600389957428
-0,0305794980376959
0,716724574565887
0,808222532272339
0,0407519340515137
-0,16311252117157
~
-0,283600389957428
-0,0305794980376959
0,716724574565887
0,808222532272339
0,0407519340515137
-0,16311252117157
~
-0,283600389957428
-0,0305794980376959
0,716724574565887
0,808222532272339
0,0407519340515137
-0,16311252117157
~
-0,283600389957428
-0,0305794980376959
0,716724574565887
0,808222532272339
0,0407519340515137
-0,16311252117157
~
-0,283600389957428
-0,0305794980376959
0,716724574565887
0,808222532272339
0,0407519340515137
-0,16311252117157
~
-0,283600389957428
-0,0305794980376959
0,716724574565887
0,808222532272339
0,0407519340515137
-0,16311252117157
~
-0,283600389957428
-0,0305794980376959
0,716724574565887
0,808222532272339
0,0407519340515137
-0,16311252117157
~
-0,272422552108765
0,00559140555560589
0,686116337776184
0,800191044807434
0,0580342337489128
-0,0907068029046059
~
-0,272422552108765
0,00559140555560589
0,686116337776184
0,800191044807434
0,0580342337489128
-0,0907068029046059
~
-0,272422552108765
0,00559140555560589
0,686116337776184
0,800191044807434
0,0580342337489128
-0,0907068029046059
~
-0,272422552108765
0,00559140555560589
0,686116337776184
0,800191044807434
0,0580342337489128
-0,0907068029046059
~
-0,272422552108765
0,00559140555560589
0,686116337776184
0,800191044807434
0,0580342337489128
-0,0907068029046059
~
-0,272422552108765
0,00559140555560589
0,686116337776184
0,800191044807434
0,0580342337489128
-0,0907068029046059
~
-0,272422552108765
0,00559140555560589
0,686116337776184
0,800191044807434
0,0580342337489128
-0,0907068029046059
~
-0,272422552108765
0,00559140555560589
0,686116337776184
0,800191044807434
0,0580342337489128
-0,0907068029046059
~
-0,272422552108765
0,00559140555560589
0,686116337776184
0,800191044807434
0,0580342337489128
-0,0907068029046059
~
-0,272422552108765
0,00559140555560589
0,686116337776184
0,800191044807434
0,0580342337489128
-0,0907068029046059
~
-0,272422552108765
0,00559140555560589
0,686116337776184
0,800191044807434
0,0580342337489128
-0,0907068029046059
~
-0,272422552108765
0,00559140555560589
0,686116337776184
0,800191044807434
0,0580342337489128
-0,0907068029046059
~
-0,272422552108765
0,00559140555560589
0,686116337776184
0,800191044807434
0,0580342337489128
-0,0907068029046059
~
-0,249414026737213
0,0439140275120735
0,677371144294739
0,748315215110779
0,0670523941516876
-0,0671388134360313
~
-0,249414026737213
0,0439140275120735
0,677371144294739
0,748315215110779
0,0670523941516876
-0,0671388134360313
~
-0,249414026737213
0,0439140275120735
0,677371144294739
0,748315215110779
0,0670523941516876
-0,0671388134360313
~
-0,279481023550034
0,0399693101644516
0,682057976722717
0,735205352306366
0,0771190375089645
-0,0477472841739655
~
-0,279481023550034
0,0399693101644516
0,682057976722717
0,735205352306366
0,0771190375089645
-0,0477472841739655
~
-0,279481023550034
0,0399693101644516
0,682057976722717
0,735205352306366
0,0771190375089645
-0,0477472841739655
~
-0,279481023550034
0,0399693101644516
0,682057976722717
0,735205352306366
0,0771190375089645
-0,0477472841739655
~
-0,279481023550034
0,0399693101644516
0,682057976722717
0,735205352306366
0,0771190375089645
-0,0477472841739655
~
-0,279481023550034
0,0399693101644516
0,682057976722717
0,735205352306366
0,0771190375089645
-0,0477472841739655
~
----
@Sad
-0,079617939889431
-0,288001924753189
0,181493610143661
0,0518636889755726
-0,216870591044426
1
~
-0,079617939889431
-0,288001924753189
0,181493610143661
0,0518636889755726
-0,216870591044426
1
~
-0,079617939889431
-0,288001924753189
0,181493610143661
0,0518636889755726
-0,216870591044426
1
~
-0,079617939889431
-0,288001924753189
0,181493610143661
0,0518636889755726
-0,216870591044426
1
~
-0,079617939889431
-0,288001924753189
0,181493610143661
0,0518636889755726
-0,216870591044426
1
~
-0,0582972392439842
-0,24231880903244
0,18885549902916
0,11293176561594
-0,249420464038849
1
~
-0,0719867274165154
-0,277718126773834
0,204837515950203
0,109840780496597
-0,278393119573593
0,98079514503479
~
-0,0719867274165154
-0,277718126773834
0,204837515950203
0,109840780496597
-0,278393119573593
0,98079514503479
~
-0,0719867274165154
-0,277718126773834
0,204837515950203
0,109840780496597
-0,278393119573593
0,98079514503479
~
-0,0719867274165154
-0,277718126773834
0,204837515950203
0,109840780496597
-0,278393119573593
0,98079514503479
~
-0,0719867274165154
-0,277718126773834
0,204837515950203
0,109840780496597
-0,278393119573593
0,98079514503479
~
-0,0719867274165154
-0,277718126773834
0,204837515950203
0,109840780496597
-0,278393119573593
0,98079514503479
~
-0,0719867274165154
-0,277718126773834
0,204837515950203
0,109840780496597
-0,278393119573593
0,98079514503479
~
-0,0719867274165154
-0,277718126773834
0,204837515950203
0,109840780496597
-0,278393119573593
0,98079514503479
~
-0,0719867274165154
-0,277718126773834
0,204837515950203
0,109840780496597
-0,278393119573593
0,98079514503479
~
-0,0719867274165154
-0,277718126773834
0,204837515950203
0,109840780496597
-0,278393119573593
0,98079514503479
~
-0,0719867274165154
-0,277718126773834
0,204837515950203
0,109840780496597
-0,278393119573593
0,98079514503479
~
-0,0719867274165154
-0,277718126773834
0,204837515950203
0,109840780496597
-0,278393119573593
0,98079514503479
~
-0,0719867274165154
-0,277718126773834
0,204837515950203
0,109840780496597
-0,278393119573593
0,98079514503479
~
-0,0719867274165154
-0,277718126773834
0,204837515950203
0,109840780496597
-0,278393119573593
0,98079514503479
~
-0,0719867274165154
-0,277718126773834
0,204837515950203
0,109840780496597
-0,278393119573593
0,98079514503479
~
-0,0719867274165154
-0,277718126773834
0,204837515950203
0,109840780496597
-0,278393119573593
0,98079514503479
~
-0,0719867274165154
-0,277718126773834
0,204837515950203
0,109840780496597
-0,278393119573593
0,98079514503479
~
-0,0719867274165154
-0,277718126773834
0,204837515950203
0,109840780496597
-0,278393119573593
0,98079514503479
~
-0,0719867274165154
-0,277718126773834
0,204837515950203
0,109840780496597
-0,278393119573593
0,98079514503479
~
-0,0237219855189323
-0,207637548446655
0,199177131056786
0,100620865821838
-0,292957663536072
1
~
-0,0649617537856102
-0,212795361876488
0,197536557912827
0,0608468540012836
-0,294495582580566
0,986796855926514
~
-0,0649617537856102
-0,212795361876488
0,197536557912827
0,0608468540012836
-0,294495582580566
0,986796855926514
~
-0,0649617537856102
-0,212795361876488
0,197536557912827
0,0608468540012836
-0,294495582580566
0,986796855926514
~
-0,0649617537856102
-0,212795361876488
0,197536557912827
0,0608468540012836
-0,294495582580566
0,986796855926514
~
9,08654183149338E-05
-0,206220239400864
0,19807356595993
0,130444213747978
-0,322950452566147
1
~
9,08654183149338E-05
-0,206220239400864
0,19807356595993
0,130444213747978
-0,322950452566147
1
~
9,08654183149338E-05
-0,206220239400864
0,19807356595993
0,130444213747978
-0,322950452566147
1
~
----
@Neutral
-0,217743784189224
-0,0386858247220516
0,123134471476078
0,284952700138092
-0,213676929473877
-0,108960784971714
~
-0,217743784189224
-0,0386858247220516
0,123134471476078
0,284952700138092
-0,213676929473877
-0,108960784971714
~
-0,217743784189224
-0,0386858247220516
0,123134471476078
0,284952700138092
-0,213676929473877
-0,108960784971714
~
-0,217743784189224
-0,0386858247220516
0,123134471476078
0,284952700138092
-0,213676929473877
-0,108960784971714
~
-0,217743784189224
-0,0386858247220516
0,123134471476078
0,284952700138092
-0,213676929473877
-0,108960784971714
~
-0,217743784189224
-0,0386858247220516
0,123134471476078
0,284952700138092
-0,213676929473877
-0,108960784971714
~
-0,210643902420998
-0,0461683012545109
0,114534728229046
0,282873928546906
-0,199589058756828
-0,0521170422434807
~
-0,203639134764671
-0,0812554657459259
0,123828910291195
0,258849292993546
-0,180829167366028
-0,0697912871837616
~
-0,186969220638275
-0,0800570249557495
0,146722331643105
0,296175122261047
-0,176303550601006
-0,0488102361559868
~
-0,186969220638275
-0,0800570249557495
0,146722331643105
0,296175122261047
-0,176303550601006
-0,0488102361559868
~
-0,186969220638275
-0,0800570249557495
0,146722331643105
0,296175122261047
-0,176303550601006
-0,0488102361559868
~
-0,186969220638275
-0,0800570249557495
0,146722331643105
0,296175122261047
-0,176303550601006
-0,0488102361559868
~
-0,186969220638275
-0,0800570249557495
0,146722331643105
0,296175122261047
-0,176303550601006
-0,0488102361559868
~
-0,186969220638275
-0,0800570249557495
0,146722331643105
0,296175122261047
-0,176303550601006
-0,0488102361559868
~
-0,186969220638275
-0,0800570249557495
0,146722331643105
0,296175122261047
-0,176303550601006
-0,0488102361559868
~
-0,186969220638275
-0,0800570249557495
0,146722331643105
0,296175122261047
-0,176303550601006
-0,0488102361559868
~
-0,186969220638275
-0,0800570249557495
0,146722331643105
0,296175122261047
-0,176303550601006
-0,0488102361559868
~
-0,186969220638275
-0,0800570249557495
0,146722331643105
0,296175122261047
-0,176303550601006
-0,0488102361559868
~
-0,186969220638275
-0,0800570249557495
0,146722331643105
0,296175122261047
-0,176303550601006
-0,0488102361559868
~
-0,171949312090874
-0,076305165886879
0,148734167218208
0,290415823459625
-0,195263087749481
-0,0737409293651581
~
-0,171949312090874
-0,076305165886879
0,148734167218208
0,290415823459625
-0,195263087749481
-0,0737409293651581
~
-0,171949312090874
-0,076305165886879
0,148734167218208
0,290415823459625
-0,195263087749481
-0,0737409293651581
~
-0,171949312090874
-0,076305165886879
0,148734167218208
0,290415823459625
-0,195263087749481
-0,0737409293651581
~
-0,171949312090874
-0,076305165886879
0,148734167218208
0,290415823459625
-0,195263087749481
-0,0737409293651581
~
-0,171949312090874
-0,076305165886879
0,148734167218208
0,290415823459625
-0,195263087749481
-0,0737409293651581
~
-0,171949312090874
-0,076305165886879
0,148734167218208
0,290415823459625
-0,195263087749481
-0,0737409293651581
~
-0,171949312090874
-0,076305165886879
0,148734167218208
0,290415823459625
-0,195263087749481
-0,0737409293651581
~
-0,171949312090874
-0,076305165886879
0,148734167218208
0,290415823459625
-0,195263087749481
-0,0737409293651581
~
-0,171949312090874
-0,076305165886879
0,148734167218208
0,290415823459625
-0,195263087749481
-0,0737409293651581
~
-0,139259934425354
-0,0107965022325516
0,12617027759552
0,304894387722015
-0,194005250930786
-0,102726332843304
~
-0,139259934425354
-0,0107965022325516
0,12617027759552
0,304894387722015
-0,194005250930786
-0,102726332843304
~
-0,139259934425354
-0,0107965022325516
0,12617027759552
0,304894387722015
-0,194005250930786
-0,102726332843304
~
-0,139259934425354
-0,0107965022325516
0,12617027759552
0,304894387722015
-0,194005250930786
-0,102726332843304
~
----