@Head - Rotate to Left
-0,453981980033543
0,0494675636291504
-0,00763536536175272
~
-0,453981980033543
0,0494675636291504
-0,00763536536175272
~
-0,486629983653193
0,0385467384172523
-0,0293944607610288
~
-0,472542596899945
0,038405444311059
-0,0434530092322308
~
-0,488721474357273
0,0286447224409684
-0,05046648564546
~
-0,510460480399754
0,044094002765158
-0,0634648281594981
~
-0,480014096135679
0,0762286238048388
-0,080318606418112
~
-0,526762257451596
0,154146184091983
-0,102023166158925
~
-0,546309885771378
0,241369827933933
-0,0939860240272854
~
-0,507365848707116
0,290495250536048
-0,108029593592105
~
-0,501101949940557
0,346345984417459
-0,12907163993172
~
-0,490594532178796
0,437374239382537
-0,126537820567255
~
-0,478191748909328
0,59826892355214
-0,168068885803223
~
-0,474140540413235
0,715325728706692
-0,156431560930998
~
-0,524936302848484
0,770358375881029
-0,150358003118764
~
-0,496880075205927
0,89257986649223
-0,186507660409679
~
-0,473265979600989
0,911956621252972
-0,195903529291568
~
-0,473265979600989
0,911956621252972
-0,195903529291568
~
-0,476473642432171
0,985583180966585
-0,2139630732329
~
-0,49376334314761
1,05635709347932
-0,199510201163914
~
-0,479972963747771
1,16847776330036
-0,149226779523103
~
-0,441495314888332
1,26989016325577
-0,152723374574081
~
-0,461650309355363
1,3144820669423
-0,168217223623525
~
-0,409614521524181
1,3791157266368
-0,187028947083846
~
-0,413839547530464
1,47428214031717
-0,167777341345082
~
-0,448006215302841
1,6136998715608
-0,130030611286993
~
-0,359403527301291
1,71695808742357
-0,144565634105517
~
-0,239220971646516
1,82607634171196
-0,207835301108982
~
-0,217750113943349
1,92624979433806
-0,268660711205524
~
-0,099804048952849
1,98200872670049
-0,304497760275136
~
-0,0735879618188609
1,99989434947138
-0,372414257215417
~
-0,294601087984831
2,05540283866551
-0,138780738996423
~
-0,392479689224907
2,09148174783458
-0,0290866260943205
~
----
@Head - Rotate to Right
-0,486513386601987
-0,240343549977178
-0,0967566137728484
~
-0,480576805446459
-0,242696326711903
-0,0866597165232119
~
-0,49986918076225
-0,233491980511209
-0,0644088050593501
~
-0,48797375222911
-0,275620916615362
-0,0541721945223601
~
-0,489835904992145
-0,288709370986275
-0,0312327716661536
~
-0,478578028471574
-0,353331275608229
-0,0563260005868
~
-0,495054327923319
-0,414811051410177
0,000602360490871512
~
-0,513000363888948
-0,531612645024839
-0,0205735292123712
~
-0,518222021019977
-0,559879800547724
-0,00610863125842551
~
-0,520351534304412
-0,613703147224758
0,0278596437495688
~
-0,510803347048552
-0,706458381984545
0,0260791597159012
~
-0,524676364401112
-0,744659175043521
0,0227312186489935
~
-0,508987095045007
-0,778481524923573
0,0200617196767227
~
-0,529364710268767
-0,901553693025009
0,000361371299494868
~
-0,52360663206681
-0,974387044491975
0,0744088888168335
~
-0,556809300961702
-0,968704804130223
0,0657619600710661
~
-0,557660641877548
-1,06756226912789
0,0420835277308588
~
-0,578343225562054
-1,10067475360373
-0,0119721358237059
~
-0,578343225562054
-1,10067475360373
-0,0119721358237059
~
-0,525803980620011
-1,18870005400284
0,0404814585395481
~
-0,552454450856084
-1,23845034060271
0,0314721750176471
~
-0,59611992214037
-1,29932735277259
-0,0154226331607155
~
-0,59836947399637
-1,33675931847614
-0,0190352045971414
~
-0,632083892822266
-1,36715631899626
-0,0421392425246861
~
-0,629440100296684
-1,48446141118589
-0,0583753430325052
~
-0,672349266383959
-1,51489058784817
-0,108520476714424
~
-0,685621676237687
-1,55749627818232
-0,0865303692610367
~
-0,668301706728728
-1,59859648994778
-0,0544467179671578
~
-0,698461117951766
-1,6268254155698
-0,0579134070354959
~
-0,696552857108738
-1,63518822711447
-0,0706369306730188
~
-0,754251397174338
-1,64888033659562
-0,0921819728353749
~
-0,74004024008046
-1,65577448969302
-0,107194268185159
~
-0,780841827392578
-1,66103512307872
-0,106268188227778
~
----
@Head - Tremble
-0,757221138995627
-0,46046953615935
-0,0467079515042512
~
-0,742690044900645
-0,458710711935292
-0,0529037247533384
~
-0,675482045049253
-0,460395108098569
0,00399149144473283
~
-0,611537518708602
-0,459146789882494
0,013844907283783
~
-0,436487073483674
-0,465611209040103
0,0259574884953706
~
-0,31810592568439
-0,449863848478898
0,0326214251310929
~
-0,190586297408394
-0,47009625642196
0,0863256869108781
~
-0,0833184356274812
-0,502600752789041
0,103997541510541
~
0,118241133897201
-0,491945805756942
0,134728338407434
~
0,302888497062351
-0,462563680565875
0,156701243442038
~
0,403009870777959
-0,489267390707265
0,162086424620255
~
0,605444700821586
-0,563856498054836
0,171003942904265
~
0,716025228085725
-0,563293871672257
0,147393589434416
~
0,713158068449601
-0,55955924158511
0,146019365476525
~
0,634057542552119
-0,515663603077764
0,149980607240096
~
0,385504017705503
-0,517596825309422
0,0954022407531738
~
0,0736782447151516
-0,42115132705025
0,0563518223555192
~
-0,376965149589207
-0,397426314975904
-0,0244732291802116
~
-0,732635000477666
-0,4043666176174
-0,101494011671647
~
-1,15961406541907
-0,300377306730851
-0,112029510995616
~
-1,49685386989428
-0,343651978865914
-0,0859729362570721
~
-1,8300549051036
-0,248447666997495
-0,119482289189878
~
-2,01464113981827
-0,324335201926853
-0,174913655156675
~
0
0
-0,0978075317714525
~
0
0
-0,0926987295565398
~
0
0
-0,0710624611896017
~
0
0
-0,0814300153566443
~
0
0
-0,0742678020311438
~
0
0
-0,158112028370733
~
0
0
-0,146264532338018
~
-0,807803693025009
-0,500860836194909
-0,0998548735742984
~
-0,483187592547873
-0,490387170211129
-0,0221124680145927
~
-0,195114778435749
-0,46702994471011
0,0293567336123923
~
----