1.44684544627968
1.71121854366856
1.76729814841711
1.44702526346895
1.71243102497094
1.76840871142345
1.44702526346895
1.71243102497094
1.76840871142345
1.44715768895807
1.7138159312357
1.7694900190207
1.44715768895807
1.7138159312357
1.7694900190207
1.44732265102617
1.71510071598853
1.7697749774398
1.44732265102617
1.71510071598853
1.7697749774398
1.44745991905663
1.71631472448411
1.7701951119252
1.44745991905663
1.71631472448411
1.7701951119252
1.44676125099074
1.7149399947794
1.77053448497696
1.44676125099074
1.7149399947794
1.77053448497696
1.43517964024874
1.70341795916883
1.76783834350826
1.43517964024874
1.70341795916883
1.76783834350826
1.43531341261538
1.70280568203004
1.76819968450991
1.43531341261538
1.70280568203004
1.76819968450991
1.43549150029631
1.70208622680886
1.76889250106677
1.43549150029631
1.70208622680886
1.76889250106677
1.42189423933895
1.68716621812431
1.76989493657489
1.42189423933895
1.68716621812431
1.76989493657489
1.4219998724725
1.68748830703715
1.75487992315108
1.4219998724725
1.68748830703715
1.75487992315108
1.41658900187028
1.68537059209975
1.74341205167508
1.41658900187028
1.68537059209975
1.74341205167508
1.41000366396378
1.67793533500773
1.7438691162195
1.41000366396378
1.67793533500773
1.7438691162195
1.39469740544209
1.66498420171813
1.73483998558295
1.39469740544209
1.66498420171813
1.73483998558295
1.38978608790339
1.65892260612183
1.73143754524767
1.38978608790339
1.65892260612183
1.73143754524767
1.38231903174462
1.65203040111061
1.72400770150625
1.38231903174462
1.65203040111061
1.72400770150625
1.38257731344227
1.65225454304362
1.69957061513508
1.38257731344227
1.65225454304362
1.69957061513508
1.3830134738552
1.65283797551956
1.66984702764835
1.3830134738552
1.65283797551956
1.66984702764835
1.36657305365643
1.62057223757188
1.67140912707203
1.36657305365643
1.62057223757188
1.67140912707203
1.30820639884178
1.54710793747791
1.67547680126804
1.30820639884178
1.54710793747791
1.67547680126804
1.26861791255781
1.50516187584242
1.67948546211219
1.26861791255781
1.50516187584242
1.67948546211219
1.23047895682514
1.47394685371253
1.68189204396956
1.23047895682514
1.47394685371253
1.68189204396956
1.2271324384459
1.47203724147338
1.68440785452222
1.2271324384459
1.47203724147338
1.68440785452222
1.22097503664876
1.46663540958655
1.68768396529996
1.22097503664876
1.46663540958655
1.68768396529996
1.21364978877498
1.46132982736865
1.69132077574927
1.21364978877498
1.46132982736865
1.69132077574927
1.21386100633683
1.46046173531888
1.69544941620306
1.21386100633683
1.46046173531888
1.69544941620306
1.21431835764852
1.46079553801569
1.69852390186158
1.21431835764852
1.46079553801569
1.69852390186158
1.2074507482005
1.44433120139768
1.70050325763155
1.2074507482005
1.44433120139768
1.70050325763155
1.19821088691223
1.43289000357312
1.70306829594516
1.19821088691223
1.43289000357312
1.70306829594516
1.18245358305905
1.41485948376446
1.70634992721391
1.18245358305905
1.41485948376446
1.70634992721391
1.17301942272705
1.40498789092937
1.71048052349473
1.17301942272705
1.40498789092937
1.71048052349473
1.15366699220003
1.39932048048175
1.7146030656273
1.15366699220003
1.39932048048175
1.7146030656273
1.14712518485221
1.39592613867487
1.7183113881155
1.14712518485221
1.39592613867487
1.7183113881155
1.14728475577411
1.39671761647424
1.71679108727745
1.14728475577411
1.39671761647424
1.71679108727745
1.14760987124892
1.39769057672855
1.7102162754448
1.14760987124892
1.39769057672855
1.7102162754448
1.13490965858288
1.38813420414546
1.71140985188289
1.13490965858288
1.38813420414546
1.71140985188289
1.13426012778398
1.38725624588982
1.71272162980406
1.13426012778398
1.38725624588982
1.71272162980406
1.10999151425513
1.36440979170445
1.69774495742852
1.10999151425513
1.36440979170445
1.69774495742852
1.11130500128224
1.36668642902439
1.69255090486564
1.11130500128224
1.36668642902439
1.69255090486564
0.977519362715317
1.2867826318562
1.69416071029185
0.977519362715317
1.2867826318562
1.69416071029185
0.872969981214979
1.21770544442249
∞
∞
∞
∞
∞
∞
∞
∞
∞
∞
∞
∞
∞
∞
∞
∞
1.96106283599136
1.92053525729818
1.96106283599136
1.92053525729818
1.96207228823175
1.92142680384225
1.96207228823175
1.92142680384225
1.96345910878612
1.92305100944165
1.96345910878612
1.92305100944165
1.96475214613096
1.92519660273746
1.96475214613096
1.92519660273746
1.96600813245036
1.92745610751378
1.96600813245036
1.92745610751378
1.96733561576378
1.92995871725457
1.96733561576378
1.92995871725457
1.96861220303171
1.93262115139736
1.96861220303171
1.93262115139736
1.96984976912978
1.9353251199253
1.96984976912978
1.9353251199253
1.97156366893317
1.9378540334433
1.97156366893317
1.9378540334433
1.97271785473851
1.93779595100853
1.97271785473851
1.93779595100853
1.73568051263515
1.82446144720132
1.73568051263515
1.82446144720132
1.46503487819612
1.69572197893565
1.46503487819612
1.69572197893565
1.45145102521799
1.69576570307977
1.45145102521799
1.69576570307977
1.18929286550442
1.56435089791009
1.18929286550442
1.56435089791009
0.95215017829174
1.46966048174147
0.95215017829174
1.46966048174147
0.947862915565302
1.44060018154533
0.947862915565302
1.44060018154533
0.95856437906501
1.41825606021987
0.95856437906501
1.41825606021987
0.976634970268284
1.40334863720723
0.976634970268284
1.40334863720723
1.00046107665711
1.39101853511374
1.69086508012906
1.00046107665711
1.39101853511374
1.69086508012906
1.01926528554439
1.39373753314847
1.65254803617599
1.01926528554439
1.39373753314847
1.65254803617599
1.03983276656476
1.39725930378108
1.64961708206088
1.03983276656476
1.39725930378108
1.64961708206088
1.05652496677421
1.39918049071937
1.65011296269577
1.05652496677421
1.39918049071937
1.65011296269577
1.06882101049387
1.39501721404319
1.65120757768632
1.06882101049387
1.39501721404319
1.65120757768632
1.08070004371786
1.38458272413605
1.65280386526059
1.08070004371786
1.38458272413605
1.65280386526059
1.09245790484701
1.37836872650774
1.65482445025266
1.09245790484701
1.37836872650774
1.65482445025266
1.09960141119533
1.37613989191392
1.65699917036199
1.09960141119533
1.37613989191392
1.65699917036199
1.10509706676619
1.37569862532797
1.65918843968452
1.10509706676619
1.37569862532797
1.65918843968452
1.1096666811821
1.37493662690372
1.66139233182555
1.1096666811821
1.37493662690372
1.66139233182555
1.11352955477072
1.37541587634223
1.66326621913882
1.11352955477072
1.37541587634223
1.66326621913882
1.08460226091798
1.36113757432986
1.6647270965582
1.08460226091798
1.36113757432986
1.6647270965582
0.930699791502872
1.25673422974072
1.66668727048719
0.930699791502872
1.25673422974072
1.66668727048719
0.792446094666132
1.15808411822782
∞
∞
∞
∞
∞
∞
∞
∞
∞
∞
∞
∞
∞
∞
∞
∞
2.17853015020063
2.07337726039943
2.17853015020063
2.07337726039943
2.15773448048498
2.06679462339782
2.15773448048498
2.06679462339782
2.12736889446595
2.04945109573908
2.12736889446595
2.04945109573908
2.11463842859564
2.0425265626906
2.11463842859564
2.0425265626906
2.11484298211607
2.04265205868879
2.11484298211607
2.04265205868879
2.11532290733623
2.04280916173506
2.11532290733623
2.04280916173506
2.11577716975998
2.04152045222877
2.11577716975998
2.04152045222877
2.08686253423553
2.01679462297877
2.08686253423553
2.01679462297877
1.50267180585709
1.69770169788346
1.50267180585709
1.69770169788346
1.28985826366611
1.59789263120255
1.28985826366611
1.59789263120255
1.10900747826066
1.54470426640798
1.10900747826066
1.54470426640798
1.07534450853932
1.53758664100365
1.07534450853932
1.53758664100365
1.08095704705849
1.52439049613716
1.08095704705849
1.52439049613716
1.08969557295033
1.52959484430992
1.08969557295033
1.52959484430992
1.10352767730929
1.50887263246222
1.74921735162504
1.10352767730929
1.50887263246222
1.74921735162504
1.12215179457846
1.51162073534471
1.61821499438826
1.12215179457846
1.51162073534471
1.61821499438826
1.14323149564426
1.48066562595261
1.59325601186977
1.14323149564426
1.48066562595261
1.59325601186977
1.15242195774103
1.48133876357473
1.57926780091016
1.15242195774103
1.48133876357473
1.57926780091016
1.1628354520999
1.48232710825417
1.58031064386085
1.1628354520999
1.48232710825417
1.58031064386085
1.17589467266918
1.48512941615162
1.58475833085333
1.17589467266918
1.48512941615162
1.58475833085333
1.19369707057943
1.49210247298049
1.58965639076319
1.19369707057943
1.49210247298049
1.58965639076319
1.21377653042252
1.5011638283949
1.21377653042252
1.5011638283949
1.23080829636531
1.51361097327723
1.23080829636531
1.51361097327723
1.24966558733717
1.5295733091959
1.24966558733717
1.5295733091959
1.2708677601391
1.54856053723449
1.2708677601391
1.54856053723449
1.29330256599808
1.29330256599808
1.31815370280787
1.31815370280787
1.34517928312548
1.34517928312548
1.37286040436704
1.37286040436704
1.4008259989387
1.4008259989387
1.42933372238303
1.42933372238303
1.45845993410488
1.45845993410488
1.48910899365223
1.48910899365223
1.52151087649862
1.52151087649862
1.55535993840064
1.55535993840064
1.59173445160095
1.59173445160095
1.63002747205656
1.63002747205656
1.67106141005577
1.67106141005577
1.71553702279811
1.74033758295692
1.78274856144623
1.82881959832028
1.86633593812469
1.92824376242673
1.96085830900153
2.0142952212479
2.04304884862389
2.10822215341711
2.13245794443852
2.19243612441692
2.21221930008895
2.26668467439134
2.28224660145565
2.33100708130589
2.34255127838248
2.38516491260633
2.39267129169036
2.42098125256715
2.42581669760739
2.44697930432359
2.44734374420266
2.44734374420266
2.44770657654799
2.44770657654799
2.44804127257033
2.44804127257033
2.44843811442385
2.44843811442385
2.44887019791432
2.44887019791432
2.4496873018905
2.4496873018905
2.45038737219505
2.45038737219505
2.45089756212284
2.45089756212284
2.45175063004551
2.45175063004551
2.45268862042237
2.45268862042237
2.45354852853709
2.45354852853709
2.45563875061691
2.45563875061691
2.45714206924383
2.45714206924383
2.45856591849301
2.45856591849301
2.46000788384288
2.46000788384288
2.4615735451165
2.4615735451165
2.46326087648013
2.46326087648013
2.46468758994006
2.46468758994006
2.46674282251151
2.46674282251151
2.46881497551013
2.46881497551013
2.47080088515531
2.47197734253553
2.47346004047215
2.47388849109073
2.47535748078765
2.47535748078765
2.47653069509813
2.47653069509813
2.47739414147303
2.47739414147303
2.47806277510238
2.47809835191209
